Unnamed: 0,Unnamed: 1,Unnamed: 2,Unnamed: 3,April,May,June,July,August,September,October,November,December,January,February,March,Total
District,,,,,,,,,,,,,,,,
East Garo Hills,1.1,Total number of pregnant women Registered for ANC,TOTAL,866.0,946.0,944.0,1005.0,978.0,963.0,1189.0,1131.0,653.0,1016.0,1181.0,1130.0,12002.0
East Garo Hills,1.1.1,Of which Number registered within first trimester (within 12 weeks),TOTAL,297.0,415.0,347.0,358.0,360.0,309.0,421.0,390.0,194.0,346.0,470.0,325.0,4232.0
East Garo Hills,1.2,Number of Pregnant women registered under JSY,TOTAL,302.0,311.0,387.0,375.0,376.0,359.0,444.0,402.0,215.0,396.0,482.0,444.0,4493.0
East Garo Hills,1.3,Number of pregnant women received 3 ANC check ups during pregnancy,TOTAL,393.0,453.0,513.0,538.0,465.0,513.0,618.0,491.0,340.0,492.0,517.0,607.0,5940.0
East Garo Hills,1.4.1,Number of pregnant women given TT1 during current pregnancy,TOTAL,545.0,612.0,539.0,552.0,600.0,538.0,685.0,694.0,347.0,614.0,719.0,589.0,7034.0
East Garo Hills,1.4.2,Number of pregnant women given TT2 or Booster during current pregnancy,TOTAL,575.0,536.0,627.0,669.0,663.0,582.0,679.0,658.0,466.0,603.0,717.0,721.0,7496.0
East Garo Hills,1.5,Total number of pregnant women given 100 IFA tablets,TOTAL,491.0,518.0,500.0,494.0,454.0,453.0,476.0,408.0,231.0,410.0,511.0,396.0,5342.0
East Garo Hills,1.6.1,Number of new cases of Hypertension (BP>140/90) detected in Pregnant women at the institution,TOTAL,9.0,25.0,17.0,9.0,13.0,11.0,8.0,8.0,10.0,10.0,19.0,16.0,155.0
East Garo Hills,1.6.2,Number of Eclampsia cases managed during delivery,TOTAL,0.0,1.0,1.0,0.0,0.0,3.0,0.0,0.0,0.0,0.0,1.0,0.0,6.0
East Garo Hills,1.7.1,Number of Pregnant women with anaemia i.e. Hb level<11 (tested cases),TOTAL,233.0,329.0,319.0,337.0,333.0,270.0,291.0,261.0,277.0,293.0,349.0,361.0,3653.0
East Garo Hills,1.7.2,Number of Pregnant women having severe anaemia (Hb<7) treated at institution,TOTAL,5.0,19.0,17.0,26.0,19.0,12.0,23.0,12.0,6.0,5.0,4.0,12.0,160.0
East Garo Hills,1.8,Number of pregnancy test kits used at SC level,TOTAL,,,,,,,,0.0,2.0,0.0,0.0,0.0,2.0
East Garo Hills,2.1.1.a,Number of deliveries conducted at Home and attended by trained SBA(i.e. Doctor or Nurse or ANM),TOTAL,46.0,61.0,33.0,53.0,45.0,49.0,29.0,41.0,40.0,65.0,60.0,36.0,558.0
East Garo Hills,2.1.1.b,Number of deliveries conducted at Home and attended by non trained SBA (i.e. trained TBA or Relatives etc.),TOTAL,412.0,416.0,372.0,252.0,301.0,285.0,301.0,289.0,190.0,319.0,332.0,361.0,3830.0
East Garo Hills,2.1.1.c,Total number of deliveries conducted at Home and attended by trained or non-trained SBA (i.e. sum of 2.1.1.a and 2.1.1.b),TOTAL,458.0,477.0,405.0,305.0,346.0,334.0,330.0,330.0,230.0,384.0,392.0,397.0,4388.0
East Garo Hills,2.1.2,Number of newborns visited within 24 hours of delivery for deliveries conducted at home,TOTAL,158.0,139.0,131.0,104.0,141.0,109.0,87.0,80.0,46.0,139.0,103.0,83.0,1320.0
East Garo Hills,2.1.3,Number of mothers paid JSY incentive for deliveries conducted at home,TOTAL,13.0,2.0,7.0,7.0,20.0,2.0,3.0,17.0,0.0,9.0,4.0,0.0,84.0
East Garo Hills,2.2,Deliveries conducted at Public Institutions (Including C-Sections),TOTAL,157.0,200.0,141.0,155.0,157.0,200.0,168.0,195.0,164.0,206.0,212.0,211.0,2166.0
East Garo Hills,2.2.1,"Out of 2.2, Number discharged under 48 hours of delivery",TOTAL,139.0,162.0,125.0,135.0,127.0,169.0,145.0,171.0,136.0,187.0,181.0,188.0,1865.0
East Garo Hills,2.2.2.a,Number of mothers paid JSY Incentive for deliveries conducted at Public Institutions,TOTAL,36.0,83.0,50.0,141.0,128.0,77.0,44.0,59.0,49.0,55.0,140.0,115.0,977.0
East Garo Hills,2.2.2.b,Number of ASHAs paid JSY Incentive for deliveries conducted at Public Institutions,TOTAL,11.0,67.0,32.0,91.0,54.0,43.0,19.0,43.0,26.0,16.0,106.0,58.0,566.0
East Garo Hills,2.2.2.c,Number of cases of deliveries conducted at Public Institutions where JSY incentive was paid to ANMs or AWWs [only for High Performing States (HPS)],TOTAL,0.0,0.0,0.0,0.0,0.0,0.0,0.0,0.0,0.0,0.0,0.0,0.0,0.0
East Garo Hills,2.3,Deliveries conducted at Private Institutions (Including C-Sections),TOTAL,,,,,,,,,,,,,
East Garo Hills,2.3.1.a,Number of mothers paid JSY Incentive for deliveries conducted at accredited Private Institutions,TOTAL,,,,,,,,,,,,,
East Garo Hills,2.3.1.b,Number of ASHAs paid JSY Incentive for deliveries conducted at accredited Private Institutions,TOTAL,,,,,,,,,,,,,
East Garo Hills,2.3.1.c,Number of cases of deliveries conducted at accredited Private Institutions where JSY incentive was paid to ANMs or AWWs [only for High Performing States (HPS)],TOTAL,,,,,,,,,,,,,
East Garo Hills,3.1.1,Number of Caesarean (C-Section) deliveries performed at PHCs (Primary Health Centre),TOTAL,0.0,0.0,0.0,0.0,0.0,0.0,0.0,0.0,0.0,0.0,2.0,0.0,2.0
East Garo Hills,3.1.2,Number of Caesarean (C-Section) deliveries performed at CHCs (Community Health Centre),TOTAL,0.0,0.0,0.0,0.0,0.0,0.0,0.0,0.0,0.0,0.0,0.0,0.0,0.0
East Garo Hills,3.1.3,Number of Caesarean (C-Section) deliveries performed at SDHs (Sub-divisional Hospital) or DHs (District Hospital),TOTAL,0.0,2.0,5.0,2.0,5.0,2.0,10.0,3.0,1.0,6.0,2.0,6.0,44.0
East Garo Hills,3.1.4,Number of Caesarean (C-Section) deliveries performed at other State owned public institutions,TOTAL,,,,,,,,,,,,,
East Garo Hills,3.1.5,"Total Number of Caesarean (C-Section) deliveries performed at Public facilities i.e. PHC, CHC, SDH, DH and other State owned public institutions (sum of items from 3.1.1 to 3.1.4)",TOTAL,0.0,2.0,5.0,2.0,5.0,2.0,10.0,3.0,1.0,6.0,4.0,6.0,46.0
East Garo Hills,3.2,No. of C-section deliveries performed at Private facilities,TOTAL,,,,,,,,,,,,,
East Garo Hills,4.1.1.a,Number of male live births,TOTAL,321.0,347.0,306.0,235.0,272.0,284.0,270.0,264.0,206.0,310.0,314.0,324.0,3453.0
East Garo Hills,4.1.1.b,Number of female live births,TOTAL,302.0,343.0,260.0,230.0,222.0,270.0,244.0,269.0,202.0,284.0,315.0,296.0,3237.0
East Garo Hills,4.1.1.c,Total number of male and female live births (4.1.1.a and 4.1.1.b),TOTAL,623.0,690.0,566.0,465.0,494.0,554.0,514.0,533.0,408.0,594.0,629.0,620.0,6690.0
East Garo Hills,4.1.2,Number of still births,TOTAL,6.0,18.0,15.0,8.0,13.0,13.0,13.0,12.0,8.0,13.0,9.0,7.0,135.0
East Garo Hills,4.1.3,Number of Abortions (spontaneous or induced),TOTAL,10.0,2.0,8.0,10.0,6.0,8.0,5.0,9.0,6.0,6.0,6.0,5.0,81.0
East Garo Hills,4.2.1,Number of Newborns weighed at birth,TOTAL,456.0,495.0,376.0,345.0,372.0,412.0,358.0,396.0,282.0,440.0,446.0,445.0,4823.0
East Garo Hills,4.2.2,Number of Newborns having weight less than 2.5 kg,TOTAL,8.0,22.0,13.0,21.0,15.0,20.0,16.0,22.0,12.0,23.0,15.0,29.0,216.0
East Garo Hills,4.3,Number of Newborns breast fed within 1 hour of birth,TOTAL,506.0,545.0,456.0,376.0,409.0,437.0,411.0,401.0,353.0,487.0,501.0,483.0,5365.0
East Garo Hills,5.1.1,Number of cases of pregnant women with Obstetric Complications and attended at PHCs,TOTAL,17.0,14.0,6.0,33.0,2.0,3.0,13.0,12.0,3.0,1.0,7.0,2.0,113.0
East Garo Hills,5.1.2,Number of cases of pregnant women with Obstetric Complications and attended at CHCs,TOTAL,0.0,0.0,0.0,0.0,0.0,0.0,0.0,0.0,0.0,0.0,0.0,0.0,0.0
East Garo Hills,5.1.3,Number of cases of pregnant women with Obstetric Complications and attended at SDHs or DHs,TOTAL,0.0,6.0,5.0,4.0,1.0,5.0,0.0,3.0,0.0,8.0,5.0,8.0,45.0
East Garo Hills,5.1.4,Number of cases of pregnant women with Obstetric Complications and attended at other State owned public institutions,TOTAL,,,,,,,,,,,,,
East Garo Hills,5.1.5,"Number of cases of pregnant women with Obstetric Complications and attended at Public facilities i.e. PHC, CHC, SDH, DH and other State owned public institutions (sum of items from 5.1.1 to 5.1.4)",TOTAL,17.0,20.0,11.0,37.0,3.0,8.0,13.0,15.0,3.0,9.0,12.0,10.0,158.0
East Garo Hills,5.2,Number of cases of pregnant women with Obstetric Complications and attended at Private facilities,TOTAL,,,,,,,,,,,,,
East Garo Hills,5.3.1,Number of cases of complicated pregnancies treated with IV antibiotics,TOTAL,12.0,10.0,5.0,10.0,1.0,5.0,9.0,13.0,0.0,9.0,5.0,8.0,87.0
East Garo Hills,5.3.2,Number of cases of complicated pregnancies treated with IV Antihypertensive/Magsulph injection,TOTAL,6.0,1.0,0.0,0.0,1.0,0.0,4.0,0.0,0.0,0.0,0.0,0.0,12.0
East Garo Hills,5.3.3,Number of cases of complicated pregnancies treated with IV Oxytocis,TOTAL,6.0,7.0,2.0,28.0,0.0,0.0,8.0,5.0,0.0,0.0,5.0,0.0,61.0
East Garo Hills,5.3.4,Number of cases of complicated pregnancies treated with Blood Transfusion,TOTAL,0.0,0.0,0.0,0.0,0.0,0.0,0.0,0.0,0.0,0.0,0.0,0.0,0.0
East Garo Hills,6.1,Women getting post partum check-up within 48 hours after delivery,TOTAL,215.0,230.0,182.0,184.0,181.0,287.0,220.0,245.0,214.0,293.0,289.0,297.0,2837.0
East Garo Hills,6.2,Women getting a post partum check up between 48 hours and 14 days after delivery,TOTAL,285.0,269.0,225.0,226.0,202.0,215.0,188.0,210.0,161.0,225.0,282.0,288.0,2776.0
East Garo Hills,6.3,PNC maternal complications attended,TOTAL,1.0,0.0,4.0,0.0,0.0,0.0,4.0,0.0,0.0,1.0,2.0,0.0,12.0
East Garo Hills,7.1.1,Number of MTPs conducted at Public Institutions up to 12 weeks of pregnancy,TOTAL,0.0,0.0,0.0,4.0,0.0,3.0,2.0,5.0,2.0,2.0,2.0,2.0,22.0
East Garo Hills,7.1.2,Number of MTPs conducted at Public Institutions for more than 12 weeks of pregnancy,TOTAL,1.0,0.0,0.0,1.0,0.0,0.0,0.0,1.0,0.0,0.0,0.0,0.0,3.0
East Garo Hills,7.1.3,Total number of MTPs conducted at Public Institutions (sum of items 7.1.1 and 7.1.2),TOTAL,1.0,0.0,0.0,5.0,0.0,3.0,2.0,6.0,2.0,2.0,2.0,2.0,25.0
East Garo Hills,7.2,Number of MTPs conducted at Private Facilities,TOTAL,0.0,0.0,0.0,0.0,0.0,0.0,0.0,0.0,0.0,0.0,0.0,0.0,0.0
East Garo Hills,8.1.a,Number of new cases of RTI/STI in males for which treatment was initiated,TOTAL,5.0,0.0,0.0,15.0,6.0,8.0,4.0,4.0,2.0,7.0,4.0,2.0,57.0
East Garo Hills,8.1.b,Number of new cases of RTI/STI in females for which treatment was initiated,TOTAL,47.0,0.0,0.0,105.0,79.0,87.0,95.0,87.0,0.0,34.0,82.0,32.0,648.0
East Garo Hills,8.1.c,Total number of new cases of RTI/STI in males and females for which treatment was initiated (sum of items 8.1.a and 8.1.b),TOTAL,52.0,0.0,0.0,120.0,85.0,95.0,99.0,91.0,2.0,41.0,86.0,34.0,705.0
East Garo Hills,8.2,Number of suspected RTI/STI cases for whom wet mount test was conducted,TOTAL,0.0,0.0,0.0,0.0,0.0,0.0,0.0,0.0,0.0,0.0,0.0,0.0,0.0
East Garo Hills,9.1.1.a,Number of NSV (No Scalpel Vasectomy) or Conventional Vasectomy conducted at PHCs,TOTAL,0.0,0.0,0.0,0.0,0.0,0.0,0.0,0.0,0.0,0.0,0.0,0.0,0.0
East Garo Hills,9.1.1.b,Number of NSV or Conventional Vasectomy conducted at CHCs,TOTAL,0.0,0.0,0.0,0.0,0.0,0.0,0.0,0.0,0.0,0.0,0.0,0.0,0.0
East Garo Hills,9.1.1.c,Number of NSV or Conventional Vasectomy conducted at SDHs or DHs,TOTAL,,,,,,,,,0.0,0.0,0.0,,0.0
East Garo Hills,9.1.1.d,Number of NSV or Conventional Vasectomy conducted at other State owned public institutions,TOTAL,,,,,,,,,,,,,
East Garo Hills,9.1.1.e,"Total Number of NSV or Conventional Vasectomy conducted at Public facilities i.e. PHC, CHC, SDH, DH and other State owned public institutions (sum of items from 9.1.1.a to 9.1.1.d)",TOTAL,0.0,0.0,0.0,0.0,0.0,0.0,0.0,0.0,0.0,0.0,0.0,0.0,0.0
East Garo Hills,9.1.2,Number of NSV or Conventional Vasectomy conducted at Private facilities,TOTAL,,,,,,,,,,,,,
East Garo Hills,9.2.1.a,Number of Laparoscopic sterilizations conducted at PHCs,TOTAL,0.0,0.0,0.0,0.0,0.0,0.0,0.0,0.0,0.0,0.0,0.0,0.0,0.0
East Garo Hills,9.2.1.b,Number of Laparoscopic sterilizations conducted at CHCs,TOTAL,0.0,0.0,0.0,0.0,0.0,0.0,0.0,0.0,0.0,0.0,0.0,0.0,0.0
East Garo Hills,9.2.1.c,Number of Laparoscopic sterilizations conducted at SDHs or DHs,TOTAL,,,,,,,,,0.0,0.0,0.0,,0.0
East Garo Hills,9.2.1.d,Number of Laparoscopic sterilizations conducted at other State owned public institutions,TOTAL,,,,,,,,,,,,,
East Garo Hills,9.2.1.e,"Total Number of Laparoscopic sterilizations conducted at Public facilities i.e. PHC, CHC, SDH, DH and other State owned public institutions (sum of items from 9.2.1.a to 9.2.1.d)",TOTAL,0.0,0.0,0.0,0.0,0.0,0.0,0.0,0.0,0.0,0.0,0.0,0.0,0.0
East Garo Hills,9.2.2,Number of Laparoscopic sterilizations conducted at Private facilities,TOTAL,,,,,,,,,,,,,
East Garo Hills,9.3.1.a,Number of Mini-lap sterilizations conducted at PHCs,TOTAL,0.0,0.0,0.0,0.0,0.0,0.0,0.0,0.0,0.0,0.0,0.0,0.0,0.0
East Garo Hills,9.3.1.b,Number of Mini-lap sterilizations conducted at CHCs,TOTAL,0.0,0.0,0.0,0.0,0.0,0.0,0.0,0.0,0.0,0.0,0.0,0.0,0.0
East Garo Hills,9.3.1.c,Number of Mini-lap sterilizations conducted at SDHs or DHs,TOTAL,1.0,6.0,1.0,57.0,10.0,4.0,7.0,2.0,0.0,0.0,1.0,5.0,94.0
East Garo Hills,9.3.1.d,Number of Mini-lap sterilizations conducted at other State owned public institutions,TOTAL,,,,,,,,,,,,,
East Garo Hills,9.3.1.e,"Total Number of Mini-lap sterilizations conducted at Public facilities i.e. PHC, CHC, SDH, DH and other State owned public institutions (sum of items from 9.3.1.a to 9.3.1.d)",TOTAL,1.0,6.0,1.0,57.0,10.0,4.0,7.0,2.0,0.0,0.0,1.0,5.0,94.0
East Garo Hills,9.3.2,Number of Mini-lap sterilizations conducted at Private facilities,TOTAL,,,,,,,,,,,,,
East Garo Hills,9.4.1.a,Number of Post-Partum sterilizations conducted at PHCs,TOTAL,0.0,4.0,0.0,0.0,0.0,0.0,0.0,0.0,0.0,0.0,0.0,0.0,4.0
East Garo Hills,9.4.1.b,Number of Post-Partum sterilizations conducted at CHCs,TOTAL,0.0,0.0,0.0,0.0,0.0,0.0,0.0,0.0,0.0,0.0,0.0,0.0,0.0
East Garo Hills,9.4.1.c,Number of Post-Partum sterilizations conducted at SDHs or DHs,TOTAL,,,,,,,,,0.0,0.0,0.0,,0.0
East Garo Hills,9.4.1.d,Number of Post-Partum sterilizations conducted at other State owned public institutions,TOTAL,,,,,,,,,,,,,
East Garo Hills,9.4.1.e,"Total Number of Post-Partum sterilizations conducted at Public facilities i.e. PHC, CHC, SDH, DH and other State owned public institutions (sum of items from 9.4.1.a to 9.4.1.d)",TOTAL,0.0,4.0,0.0,0.0,0.0,0.0,0.0,0.0,0.0,0.0,0.0,0.0,4.0
East Garo Hills,9.4.2,Number of Post-Partum sterilizations conducted at Private facilities,TOTAL,,,,,,,,,,,,,
East Garo Hills,9.5.1.a,Number of IUCD Insertions conducted at SCs,TOTAL,9.0,11.0,0.0,0.0,0.0,0.0,0.0,0.0,0.0,0.0,2.0,4.0,26.0
East Garo Hills,9.5.1.b,Number of IUCD Insertions conducted at PHCs,TOTAL,6.0,10.0,1.0,2.0,0.0,0.0,0.0,1.0,0.0,2.0,24.0,13.0,59.0
East Garo Hills,9.5.1.c,Number of IUCD Insertions conducted at CHCs,TOTAL,1.0,1.0,1.0,0.0,0.0,0.0,0.0,0.0,0.0,0.0,7.0,2.0,12.0
East Garo Hills,9.5.1.d,Number of IUCD Insertions conducted at SDHs or DHs,TOTAL,5.0,3.0,3.0,5.0,2.0,3.0,1.0,,0.0,0.0,2.0,3.0,27.0
East Garo Hills,9.5.1.e,Number of IUCD Insertions conducted at other State owned public institutions,TOTAL,,,,,,,,,,,,,
East Garo Hills,9.5.1.f,"Total Number of IUCD Insertions conducted at Public facilities i.e. SC, PHC, CHC, SDH, DH and other State owned public institutions (sum of items from 9.5.1.a to 9.5.1.e)",TOTAL,21.0,25.0,5.0,7.0,2.0,3.0,1.0,1.0,0.0,2.0,35.0,22.0,124.0
East Garo Hills,9.5.1A,"Out of above total, Post Partum (within 48 hours of delivery) IUCD insertions",TOTAL,,,,,,,0.0,0.0,0.0,0.0,0.0,4.0,4.0
East Garo Hills,9.5.2,Number of IUCD Insertions conducted at Private facilities,TOTAL,,,,,,,,,,,,,
East Garo Hills,9.06,Number of IUCD removals,TOTAL,19.0,13.0,26.0,10.0,2.0,12.0,15.0,32.0,7.0,41.0,19.0,101.0,297.0
East Garo Hills,9.07,Number of Oral Pills cycles distributed,TOTAL,537.0,636.0,668.0,637.0,653.0,650.0,545.0,446.0,439.0,610.0,519.0,664.0,7004.0
East Garo Hills,9.08,Number of Condom pieces distributed,TOTAL,542.0,577.0,589.0,949.0,721.0,918.0,617.0,228.0,203.0,565.0,558.0,335.0,6802.0
East Garo Hills,9.09,Number of Centchroman (weekly) pills given,TOTAL,0.0,0.0,0.0,0.0,1.0,0.0,0.0,0.0,0.0,0.0,0.0,0.0,1.0
East Garo Hills,9.10,Number of Emergency Contraceptive Pills distributed,TOTAL,0.0,0.0,0.0,2.0,0.0,1.0,5.0,6.0,1.0,0.0,0.0,1.0,16.0
East Garo Hills,9.11.1.a,Number of cases of complications following male sterilization,TOTAL,0.0,0.0,0.0,0.0,0.0,0.0,0.0,0.0,0.0,0.0,0.0,0.0,0.0
East Garo Hills,9.11.1.b,Number of cases of complications following female sterilization,TOTAL,0.0,0.0,0.0,0.0,0.0,0.0,0.0,0.0,0.0,0.0,0.0,0.0,0.0
East Garo Hills,9.11.2.a,Number of failures following male sterilization,TOTAL,0.0,0.0,0.0,0.0,0.0,0.0,0.0,0.0,0.0,0.0,0.0,0.0,0.0
East Garo Hills,9.11.2.b,Number of failures following female sterilization,TOTAL,0.0,0.0,0.0,0.0,0.0,0.0,0.0,0.0,0.0,0.0,0.0,0.0,0.0
East Garo Hills,9.11.3.a,Number of deaths following male sterilization,TOTAL,0.0,0.0,0.0,0.0,0.0,0.0,0.0,0.0,0.0,0.0,0.0,0.0,0.0
East Garo Hills,9.11.3.b,Number of deaths following female sterilization,TOTAL,0.0,0.0,0.0,0.0,0.0,0.0,0.0,0.0,0.0,0.0,0.0,0.0,0.0
East Garo Hills,9.12,Number of Institutions having NSV trained doctors,TOTAL,1.0,1.0,2.0,2.0,4.0,5.0,2.0,4.0,3.0,4.0,5.0,3.0,-1.0
East Garo Hills,10.1.01,Number of Infants (0 to 11 months old)received BCG immunisation,TOTAL,657.0,869.0,657.0,659.0,640.0,540.0,734.0,644.0,419.0,636.0,757.0,737.0,7949.0
East Garo Hills,10.1.02,Number of Infants (0 to 11 months old) received DPT1 immunisation,TOTAL,354.0,956.0,691.0,709.0,752.0,544.0,695.0,720.0,474.0,593.0,771.0,743.0,8002.0
East Garo Hills,10.1.03,Number of Infants (0 to 11 months old) received DPT2 immunisation,TOTAL,338.0,659.0,569.0,789.0,804.0,626.0,664.0,664.0,442.0,570.0,667.0,683.0,7475.0
East Garo Hills,10.1.04,Number of Infants (0 to 11 months old) received DPT3 immunisation,TOTAL,337.0,586.0,526.0,614.0,715.0,704.0,746.0,674.0,409.0,554.0,631.0,654.0,7150.0
East Garo Hills,10.1.04A,Number of Infants (0 to 11 months old) received Pentavalent1 immunisation,TOTAL,,,,,,,0.0,0.0,0.0,0.0,0.0,1.0,1.0
East Garo Hills,10.1.04B,Number of Infants (0 to 11 months old) received Pentavalent2 immunisation,TOTAL,,,,,,,0.0,0.0,0.0,0.0,0.0,0.0,0.0
East Garo Hills,10.1.04C,Number of Infants (0 to 11 months old) received Pentavalent3 immunisation,TOTAL,,,,,,,0.0,0.0,0.0,0.0,0.0,0.0,0.0
East Garo Hills,10.1.05,Number of Infants (0 to 11 months old) received OPV 0 (Birth Dose),TOTAL,257.0,270.0,214.0,211.0,213.0,271.0,243.0,220.0,169.0,244.0,329.0,303.0,2944.0
East Garo Hills,10.1.06,Number of Infants (0 to 11 months old) received OPV1 (First Dose),TOTAL,375.0,958.0,696.0,725.0,754.0,544.0,691.0,686.0,474.0,588.0,732.0,736.0,7959.0
East Garo Hills,10.1.07,Number of Infants (0 to 11 months old) received OPV2 (Second Dose),TOTAL,350.0,659.0,573.0,811.0,796.0,626.0,669.0,632.0,452.0,561.0,647.0,684.0,7460.0
East Garo Hills,10.1.08,Number of Infants (0 to 11 months old) received OPV3 (Third Dose),TOTAL,358.0,573.0,539.0,602.0,708.0,707.0,731.0,643.0,409.0,534.0,613.0,653.0,7070.0
East Garo Hills,10.1.09A,Number of Infants (upto 48 hrs of age) received Hepatitis-B0 immunisation,TOTAL,122.0,141.0,119.0,127.0,143.0,147.0,157.0,160.0,121.0,146.0,197.0,178.0,1758.0
East Garo Hills,10.1.09,Number of Infants (0 to 11 months old) received Hepatitis-B1 immunisation,TOTAL,382.0,765.0,593.0,559.0,683.0,486.0,634.0,657.0,441.0,554.0,723.0,697.0,7174.0
East Garo Hills,10.1.10,Number of Infants (0 to 11 months old) received Hepatitis-B2 immunisation,TOTAL,314.0,578.0,496.0,698.0,755.0,600.0,638.0,627.0,411.0,554.0,631.0,647.0,6949.0
East Garo Hills,10.1.11,Number of Infants (0 to 11 months old) received Hepatitis-B3 immunisation,TOTAL,320.0,474.0,465.0,560.0,665.0,667.0,700.0,632.0,376.0,517.0,600.0,616.0,6592.0
East Garo Hills,10.1.12,Number of Infants (0 to 11 months old) received Measles immunisation (First Dose),TOTAL,524.0,543.0,585.0,540.0,489.0,478.0,571.0,605.0,314.0,474.0,646.0,688.0,6457.0
East Garo Hills,10.1.12B,Number of Infants (more than 16 months old) received Measles immunisation (Second Dose),TOTAL,105.0,183.0,178.0,217.0,222.0,213.0,271.0,262.0,136.0,152.0,219.0,282.0,2440.0
East Garo Hills,10.1A,No. of Children aged 9 to 12 months who received JE 1st dose,TOTAL,,,,,,,0.0,0.0,0.0,2.0,0.0,9.0,11.0
East Garo Hills,10.1.13.a,Total number of male children (9 to 11 months old) fully immunised (BCG+DPT123/Pentavalent123+OPV123+Measles) during the month,TOTAL,227.0,233.0,275.0,272.0,245.0,242.0,253.0,293.0,158.0,249.0,334.0,329.0,3110.0
East Garo Hills,10.1.13.b,Total number of female children (9 to 11 months old) fully immunised (BCG+DPT123/Pentavalent123+OPV123+Measles) during the month,TOTAL,237.0,251.0,270.0,256.0,214.0,206.0,273.0,297.0,141.0,217.0,290.0,333.0,2985.0
East Garo Hills,10.1.13.c,Total number of children (9 to 11 months old) fully immunised (BCG+DPT123/Pentavalent123+OPV123+Measles) during the month (sum of items 10.1.13.a and 10.1.13.b),TOTAL,464.0,484.0,545.0,528.0,459.0,448.0,526.0,590.0,299.0,466.0,624.0,662.0,6095.0
East Garo Hills,10.2.1,Number of Infants (more than 16 months old) received DPT Booster dose,TOTAL,140.0,475.0,346.0,458.0,439.0,484.0,468.0,412.0,304.0,310.0,446.0,496.0,4778.0
East Garo Hills,10.2.2,Number of Infants (more than 16 months old) received OPV Booster dose,TOTAL,150.0,476.0,347.0,468.0,440.0,481.0,463.0,398.0,304.0,305.0,448.0,436.0,4716.0
East Garo Hills,10.2.3,"Number of Infants (more than 16 months old) received Measles, Mumps, Rubella (MMR) Vaccination",TOTAL,13.0,30.0,12.0,31.0,22.0,17.0,26.0,50.0,0.0,18.0,35.0,63.0,317.0
East Garo Hills,10.3.1.a,Total number of male children (12 to 23 months old) fully immunised (BCG+DPT123/Pentavalent123+OPV123+Measles) during the month,TOTAL,94.0,114.0,119.0,102.0,101.0,145.0,136.0,133.0,112.0,96.0,139.0,114.0,1405.0
East Garo Hills,10.3.1.b,Total number of female children (12 to 23 months old) fully immunised (BCG+DPT123/Pentavalent123+OPV123+Measles) during the month,TOTAL,69.0,96.0,107.0,98.0,86.0,92.0,118.0,104.0,90.0,84.0,110.0,90.0,1144.0
East Garo Hills,10.3.1.c,Total number of children (12 to 23 months old) fully immunised (BCG+DPT123+OPV123/Pentavalent123+Measles) during the month (sum of items 10.3.1.a and 10.3.1.b),TOTAL,163.0,210.0,226.0,200.0,187.0,237.0,254.0,237.0,202.0,180.0,249.0,204.0,2549.0
East Garo Hills,10.3.2,Number of children (more than 5 years old) given DT5,TOTAL,57.0,227.0,131.0,154.0,208.0,197.0,150.0,200.0,97.0,130.0,168.0,207.0,1926.0
East Garo Hills,10.3.3,Number of children (more than 10 years old) given TT10,TOTAL,576.0,716.0,643.0,590.0,840.0,764.0,566.0,495.0,298.0,382.0,505.0,468.0,6843.0
East Garo Hills,10.3.4,Number of children (more than 16 years old) given TT16,TOTAL,1204.0,1008.0,623.0,1033.0,916.0,1434.0,984.0,904.0,525.0,578.0,1017.0,685.0,10911.0
East Garo Hills,10.3.5.a,Number of cases of Abscess reported following immunisation [Adverse Event Following Immunisation (AEFI)],TOTAL,0.0,0.0,0.0,0.0,0.0,0.0,0.0,0.0,0.0,0.0,0.0,0.0,0.0
East Garo Hills,10.3.5.b,Number of cases of Death reported following immunisation [Adverse Event Following Immunisation (AEFI)],TOTAL,0.0,0.0,0.0,0.0,0.0,0.0,0.0,0.0,0.0,0.0,0.0,0.0,0.0
East Garo Hills,10.3.5.c,Number of cases of other complications reported following immunisation [Adverse Event Following Immunisation (AEFI)],TOTAL,0.0,0.0,0.0,0.0,0.0,0.0,0.0,0.0,0.0,0.0,0.0,0.0,0.0
East Garo Hills,10.4.1,Number of Immunisation sessions planned to be held during the month,TOTAL,849.0,866.0,831.0,916.0,887.0,855.0,868.0,829.0,706.0,721.0,808.0,845.0,9981.0
East Garo Hills,10.4.2,Number of Immunisation sessions held during the month,TOTAL,635.0,694.0,643.0,675.0,689.0,624.0,676.0,664.0,550.0,514.0,606.0,647.0,7617.0
East Garo Hills,10.4.3,Number of Immunisation sessions held during the month where ASHAs were present,TOTAL,573.0,609.0,595.0,628.0,620.0,542.0,605.0,611.0,499.0,461.0,530.0,585.0,6858.0
East Garo Hills,10.5.1,Number of children (more than 16 months old) received Japanese Encephalitis (JE) vaccination,TOTAL,0.0,0.0,0.0,0.0,0.0,0.0,0.0,0.0,0.0,0.0,0.0,0.0,0.0
East Garo Hills,11.1.1,Number of children (9 months to 5 years old) administered 1st dose of Vitamin A (Dose-1),TOTAL,325.0,156.0,45.0,8.0,11.0,6.0,1.0,18.0,0.0,0.0,0.0,5.0,575.0
East Garo Hills,11.1.2,Number of children (9 months to 5 years old) were administered 5th dose of Vitamin A (Dose-5),TOTAL,197.0,115.0,9.0,3.0,0.0,5.0,0.0,18.0,0.0,0.0,0.0,0.0,347.0
East Garo Hills,11.1.3,Number of children (9 months to 5 years old) administered 9th dose of Vitamin A (Dose-9),TOTAL,144.0,40.0,0.0,17.0,0.0,0.0,0.0,10.0,0.0,0.0,0.0,0.0,211.0
East Garo Hills,12.1,Number of cases of Diptheria reported in children below 5 years of age,TOTAL,0.0,0.0,0.0,0.0,0.0,0.0,0.0,0.0,0.0,0.0,0.0,0.0,0.0
East Garo Hills,12.2,Number of cases of Pertusis reported in children below 5 years of age,TOTAL,0.0,0.0,0.0,0.0,0.0,0.0,0.0,0.0,0.0,0.0,0.0,0.0,0.0
East Garo Hills,12.3,Number of cases of Tetanus neonatarum reported in children below 5 years of age,TOTAL,0.0,0.0,0.0,0.0,0.0,0.0,0.0,0.0,0.0,0.0,0.0,0.0,0.0
East Garo Hills,12.4,Number of cases of Tetanus other than neonatarum reported in children below 5 years of age,TOTAL,0.0,0.0,0.0,0.0,0.0,0.0,0.0,0.0,0.0,0.0,0.0,0.0,0.0
East Garo Hills,12.5,Number of cases of Polio reported in children below 5 years of age,TOTAL,0.0,0.0,0.0,0.0,0.0,0.0,0.0,0.0,0.0,0.0,0.0,0.0,0.0
East Garo Hills,12.6,Number of cases of Measles reported in children below 5 years of age,TOTAL,23.0,13.0,14.0,16.0,8.0,2.0,11.0,0.0,1.0,0.0,0.0,7.0,95.0
East Garo Hills,12.7,Number of cases of Diarrhoea and Dehydration reported in children below 5 years of age,TOTAL,408.0,492.0,443.0,546.0,493.0,364.0,412.0,347.0,393.0,270.0,427.0,687.0,5282.0
East Garo Hills,12.8,Number of cases of Malaria reported in children below 5 years of age,TOTAL,170.0,225.0,297.0,285.0,275.0,257.0,241.0,216.0,55.0,84.0,100.0,126.0,2331.0
East Garo Hills,12.9,Number of children below 5 years of age admitted with Respiratory Infections,TOTAL,9.0,10.0,18.0,11.0,9.0,15.0,9.0,12.0,0.0,10.0,5.0,11.0,119.0
East Garo Hills,13.1,Number of Patients operated for cataract,TOTAL,0.0,0.0,0.0,0.0,0.0,0.0,0.0,0.0,0.0,0.0,0.0,0.0,0.0
East Garo Hills,13.2,Number of Intraocular Lens(IOL) implantations,TOTAL,0.0,0.0,0.0,0.0,0.0,0.0,0.0,0.0,0.0,0.0,0.0,0.0,0.0
East Garo Hills,13.3,Number of School children detected with Refractive errors,TOTAL,0.0,0.0,0.0,0.0,0.0,0.0,0.0,0.0,0.0,0.0,0.0,0.0,0.0
East Garo Hills,13.4,Number of children provided free glasses,TOTAL,0.0,0.0,0.0,0.0,0.0,0.0,0.0,0.0,0.0,0.0,0.0,0.0,0.0
East Garo Hills,13.5,Number of eyes collected through eye donation,TOTAL,0.0,0.0,0.0,0.0,0.0,0.0,0.0,0.0,0.0,0.0,0.0,0.0,0.0
East Garo Hills,13.6,Number of eyes utilised for corneal transplant,TOTAL,0.0,0.0,0.0,0.0,0.0,0.0,0.0,0.0,0.0,0.0,0.0,0.0,0.0
East Garo Hills,14.01,Number of CHC or SDH or DH functioning as First Referral units (FRUs),TOTAL,1.0,1.0,1.0,1.0,1.0,1.0,1.0,1.0,2.0,2.0,1.0,2.0,-1.0
East Garo Hills,14.02,Number of PHCs functioning 24X7 with atleast 3 Staff Nurses,TOTAL,9.0,9.0,9.0,9.0,9.0,10.0,9.0,9.0,9.0,7.0,10.0,9.0,-1.0
East Garo Hills,14.03,Number of Anganwadi centres reported to have conducted VHNDs,TOTAL,222.0,252.0,306.0,298.0,330.0,308.0,336.0,353.0,221.0,410.0,326.0,346.0,-1.0
East Garo Hills,14.04,Number of facilities having a Rogi Kalyan Samiti (RKS),TOTAL,2.0,2.0,2.0,2.0,2.0,2.0,2.0,2.0,2.0,2.0,3.0,3.0,-1.0
East Garo Hills,14.05,Number of RKS meetings held during the month,TOTAL,4.0,4.0,0.0,6.0,0.0,3.0,1.0,2.0,1.0,2.0,3.0,2.0,28.0
East Garo Hills,14.06,Number of facilities having Ambulance services (Assured Referral Services),TOTAL,18.0,19.0,19.0,18.0,19.0,17.0,18.0,18.0,19.0,18.0,18.0,19.0,-1.0
East Garo Hills,14.07,Total Number of times the Ambulance was used for transporting patients during the month,TOTAL,104.0,84.0,99.0,97.0,96.0,92.0,85.0,74.0,63.0,80.0,89.0,101.0,1064.0
East Garo Hills,14.08,Number of Institutions having Operational Sick New Born and Child Care Units (SNCU),TOTAL,,,,,,,,,1.0,1.0,1.0,1.0,-1.0
East Garo Hills,14.09,Number of functional Laproscopes in CHC/SDH/DH,TOTAL,0.0,0.0,0.0,0.0,0.0,0.0,0.0,1.0,0.0,0.0,1.0,1.0,-1.0
East Garo Hills,14.10.1.a,Number of male patients admitted (Inpatients) during the month,1. Children,110.0,152.0,171.0,168.0,178.0,120.0,118.0,103.0,52.0,87.0,105.0,117.0,1481.0
East Garo Hills,14.10.1.a,Number of male patients admitted (Inpatients) during the month,2. Adults,184.0,259.0,270.0,268.0,247.0,236.0,285.0,229.0,119.0,128.0,154.0,180.0,2559.0
East Garo Hills,14.10.1.b,Number of female patients (Inpatients) admitted during the month,1. Children,96.0,166.0,183.0,148.0,167.0,154.0,106.0,93.0,69.0,81.0,85.0,137.0,1485.0
East Garo Hills,14.10.1.b,Number of female patients (Inpatients) admitted during the month,2. Adults,354.0,533.0,502.0,575.0,485.0,508.0,387.0,428.0,270.0,288.0,350.0,445.0,5125.0
East Garo Hills,14.10.1.c,Total number of patients admitted (Inpatients) during the month (sum of items 14.10.1.a and 14.10.1.b),1. Children,206.0,318.0,354.0,316.0,345.0,274.0,224.0,196.0,121.0,168.0,190.0,254.0,2966.0
East Garo Hills,14.10.1.c,Total number of patients admitted (Inpatients) during the month (sum of items 14.10.1.a and 14.10.1.b),2. Adults,538.0,792.0,772.0,843.0,732.0,744.0,672.0,657.0,389.0,416.0,504.0,625.0,7684.0
East Garo Hills,14.10.2.a,Number of death cases of Inpatient males,TOTAL,6.0,4.0,7.0,16.0,8.0,7.0,8.0,8.0,1.0,5.0,2.0,1.0,73.0
East Garo Hills,14.10.2.b,Number of death cases of Inpatient females,TOTAL,0.0,7.0,7.0,9.0,1.0,5.0,4.0,2.0,4.0,2.0,3.0,2.0,46.0
East Garo Hills,14.10.2.c,Number of cases of death of Inpatients (sum of items 14.10.2.a and 14.10.2.b),TOTAL,6.0,11.0,14.0,25.0,9.0,12.0,12.0,10.0,5.0,7.0,5.0,3.0,119.0
East Garo Hills,14.11,In-Patient Head Count at midnight,TOTAL,1151.0,1324.0,1442.0,900.0,1148.0,760.0,1199.0,962.0,576.0,678.0,838.0,992.0,11970.0
East Garo Hills,14.12.1,OPD attendance (All),TOTAL,17724.0,20703.0,20828.0,22965.0,19861.0,18754.0,19136.0,15808.0,9717.0,12080.0,17386.0,17616.0,212578.0
East Garo Hills,14.13.1,Number of major operations carried out using general or spinal anaesthesia,TOTAL,0.0,0.0,0.0,2.0,2.0,2.0,10.0,11.0,1.0,6.0,141.0,6.0,181.0
East Garo Hills,14.13.1A,"Out of 14.13.1,Gynecology- Hysterectomy surgeries",TOTAL,,,,,,,0.0,8.0,0.0,0.0,0.0,0.0,8.0
East Garo Hills,14.13.2,Number of minor operations carried out without anaesthesia or using local anaesthesia,TOTAL,72.0,131.0,111.0,118.0,111.0,78.0,57.0,48.0,8.0,16.0,46.0,67.0,863.0
East Garo Hills,14.14.a,Number of patients given AYUSH treatment,TOTAL,1040.0,1756.0,1554.0,1543.0,766.0,1329.0,1144.0,857.0,334.0,1044.0,595.0,879.0,12841.0
East Garo Hills,14.14.b,Number of patients on whom Dental Procedure was conducted,TOTAL,216.0,166.0,260.0,345.0,252.0,219.0,204.0,244.0,127.0,171.0,223.0,118.0,2545.0
East Garo Hills,14.14.c,Number of Adolescents counselled,TOTAL,20.0,104.0,20.0,73.0,90.0,34.0,29.0,36.0,13.0,20.0,50.0,190.0,679.0
East Garo Hills,15.1.1.a,Number of Haemoglobin (Hb) tests conducted,TOTAL,560.0,639.0,622.0,829.0,583.0,628.0,664.0,571.0,407.0,563.0,671.0,584.0,7321.0
East Garo Hills,15.1.1.b,"Out of the total number of Hb tests conducted, number of cases having Hb less than 7gm/dl",TOTAL,32.0,39.0,36.0,41.0,34.0,23.0,38.0,34.0,18.0,24.0,13.0,22.0,354.0
East Garo Hills,15.1.2.a,Number of HIV tests conducted on males,1. Number tested,5.0,0.0,0.0,14.0,10.0,8.0,4.0,4.0,2.0,5.0,0.0,2.0,54.0
East Garo Hills,15.1.2.a,Number of HIV tests conducted on males,2. Number Positive,0.0,0.0,0.0,0.0,0.0,0.0,0.0,0.0,0.0,0.0,0.0,0.0,0.0
East Garo Hills,15.1.2.b,Number of HIV tests conducted on Female-Non ANC (i.e. non pregnant females),1. Number tested,4.0,0.0,0.0,3.0,5.0,5.0,3.0,5.0,2.0,1.0,1.0,1.0,30.0
East Garo Hills,15.1.2.b,Number of HIV tests conducted on Female-Non ANC (i.e. non pregnant females),2. Number Positive,0.0,0.0,0.0,0.0,0.0,0.0,0.0,0.0,0.0,0.0,0.0,0.0,0.0
East Garo Hills,15.1.2.c,Number of HIV tests conducted on Female with ANC (i.e. pregnant females),1. Number tested,43.0,2.0,0.0,101.0,72.0,82.0,90.0,83.0,49.0,39.0,79.0,31.0,671.0
East Garo Hills,15.1.2.c,Number of HIV tests conducted on Female with ANC (i.e. pregnant females),2. Number Positive,0.0,0.0,0.0,0.0,0.0,0.0,0.0,0.0,0.0,0.0,0.0,0.0,0.0
East Garo Hills,15.1.2.d,Total number of HIV tests conducted (sum of items 15.1.2.a to 15.1.2.c),1. Number tested,52.0,2.0,0.0,118.0,87.0,95.0,97.0,92.0,53.0,45.0,80.0,34.0,755.0
East Garo Hills,15.1.2.d,Total number of HIV tests conducted (sum of items 15.1.2.a to 15.1.2.c),2. Number Positive,0.0,0.0,0.0,0.0,0.0,0.0,0.0,0.0,0.0,0.0,0.0,0.0,0.0
East Garo Hills,15.2,Number of Widal tests conducted,Number tested,74.0,148.0,166.0,112.0,222.0,139.0,147.0,127.0,56.0,43.0,29.0,70.0,1333.0
East Garo Hills,15.3.a,Number of VDRL tests conducted on males,Number tested,5.0,1.0,23.0,15.0,10.0,8.0,4.0,4.0,2.0,5.0,0.0,2.0,79.0
East Garo Hills,15.3.b,Number of VDRL tests conducted on Female-Non ANC (i.e. non pregnant females),Number tested,4.0,0.0,9.0,11.0,8.0,10.0,3.0,5.0,8.0,17.0,1.0,1.0,77.0
East Garo Hills,15.3.c,Number of VDRL tests conducted on Female with ANC (i.e. pregnant females),Number tested,53.0,50.0,11.0,109.0,80.0,108.0,92.0,83.0,56.0,40.0,84.0,34.0,800.0
East Garo Hills,15.3.d,Total number of VDRL tests conducted (sum of items 15.3.a to 15.3.c),Number tested,62.0,51.0,43.0,135.0,98.0,126.0,99.0,92.0,66.0,62.0,85.0,37.0,956.0
East Garo Hills,15.4.1,Number of blood smears examined for Malaria,TOTAL,2872.0,4578.0,6036.0,5716.0,4090.0,3147.0,3848.0,2499.0,940.0,1291.0,1795.0,2189.0,39001.0
East Garo Hills,15.4.2,"Out of blood smears examined for malaria, number of blood smears tested positive for Plasmodium Vivax",TOTAL,15.0,35.0,65.0,65.0,21.0,13.0,23.0,114.0,7.0,9.0,13.0,48.0,428.0
East Garo Hills,15.4.3,"Out of blood smears examined for malaria, number of blood smears tested positive for Plasmodium Falciparum",TOTAL,327.0,569.0,684.0,622.0,630.0,525.0,607.0,425.0,145.0,174.0,209.0,270.0,5187.0
East Garo Hills,16.1.1,Stock position of DPT vaccines,1. Balance From Previous Month,38.0,0.0,61.0,430.0,113.0,164.0,9.0,198.0,332.0,172.0,401.0,151.0,2069.0
East Garo Hills,16.1.1,Stock position of DPT vaccines,2. Stocks Received,0.0,600.0,500.0,0.0,500.0,0.0,500.0,400.0,0.0,500.0,0.0,500.0,3500.0
East Garo Hills,16.1.1,Stock position of DPT vaccines,3. Unusable Stock,,,,,,,,,,,,,
East Garo Hills,16.1.1,Stock position of DPT vaccines,4. Stock Distributed,38.0,539.0,131.0,317.0,449.0,155.0,311.0,266.0,160.0,271.0,250.0,197.0,3084.0
East Garo Hills,16.1.1,Stock position of DPT vaccines,5. Total Stock,0.0,61.0,430.0,113.0,164.0,9.0,198.0,332.0,172.0,401.0,151.0,454.0,2485.0
East Garo Hills,16.1.1A,Stock Position of Pentavalent,1. Balance From Previous Month,,,,,,,,,,,,,
East Garo Hills,16.1.1A,Stock Position of Pentavalent,2. Stocks Received,,,,,,,,,,,,,
East Garo Hills,16.1.1A,Stock Position of Pentavalent,3. Unusable Stock,,,,,,,,,,,,,
East Garo Hills,16.1.1A,Stock Position of Pentavalent,4. Stock Distributed,,,,,,,,,,,,,
East Garo Hills,16.1.1A,Stock Position of Pentavalent,5. Total Stock,0.0,0.0,0.0,0.0,0.0,0.0,0.0,0.0,0.0,0.0,0.0,0.0,0.0
East Garo Hills,16.1.2,Stock position of OPV vaccines,1. Balance From Previous Month,692.0,408.0,635.0,935.0,620.0,747.0,542.0,420.0,543.0,432.0,445.0,350.0,6769.0
East Garo Hills,16.1.2,Stock position of OPV vaccines,2. Stocks Received,0.0,600.0,500.0,0.0,500.0,0.0,65.0,400.0,0.0,3800.0,0.0,3900.0,9765.0
East Garo Hills,16.1.2,Stock position of OPV vaccines,3. Unusable Stock,,,,,,,,,,,,,
East Garo Hills,16.1.2,Stock position of OPV vaccines,4. Stock Distributed,284.0,373.0,200.0,315.0,373.0,205.0,187.0,277.0,111.0,3787.0,95.0,3636.0,9843.0
East Garo Hills,16.1.2,Stock position of OPV vaccines,5. Total Stock,408.0,635.0,935.0,620.0,747.0,542.0,420.0,543.0,432.0,445.0,350.0,614.0,6691.0
East Garo Hills,16.1.3,Stock position of TT vaccines,1. Balance From Previous Month,765.0,362.0,540.0,371.0,158.0,380.0,185.0,435.0,230.0,44.0,339.0,9.0,3818.0
East Garo Hills,16.1.3,Stock position of TT vaccines,2. Stocks Received,0.0,500.0,500.0,0.0,500.0,0.0,500.0,500.0,0.0,500.0,0.0,500.0,3500.0
East Garo Hills,16.1.3,Stock position of TT vaccines,3. Unusable Stock,,,,,,,,,,,,,
East Garo Hills,16.1.3,Stock position of TT vaccines,4. Stock Distributed,403.0,322.0,669.0,213.0,278.0,195.0,250.0,705.0,186.0,205.0,330.0,271.0,4027.0
East Garo Hills,16.1.3,Stock position of TT vaccines,5. Total Stock,362.0,540.0,371.0,158.0,380.0,185.0,435.0,230.0,44.0,339.0,9.0,238.0,3291.0
East Garo Hills,16.1.4,Stock position of DT vaccines,1. Balance From Previous Month,,,,,,,,,,,,,
East Garo Hills,16.1.4,Stock position of DT vaccines,2. Stocks Received,,,,,,,,,,,,,
East Garo Hills,16.1.4,Stock position of DT vaccines,3. Unusable Stock,,,,,,,,,,,,,
East Garo Hills,16.1.4,Stock position of DT vaccines,4. Stock Distributed,,,,,,,,,,,,,
East Garo Hills,16.1.4,Stock position of DT vaccines,5. Total Stock,0.0,0.0,0.0,0.0,0.0,0.0,0.0,0.0,0.0,0.0,0.0,0.0,0.0
East Garo Hills,16.1.5,Stock position of BCG vaccines,1. Balance From Previous Month,298.0,3.0,251.0,321.0,61.0,183.0,11.0,246.0,331.0,191.0,491.0,282.0,2669.0
East Garo Hills,16.1.5,Stock position of BCG vaccines,2. Stocks Received,0.0,600.0,300.0,0.0,500.0,0.0,500.0,400.0,0.0,500.0,0.0,500.0,3300.0
East Garo Hills,16.1.5,Stock position of BCG vaccines,3. Unusable Stock,,,,,,,,,,,,,
East Garo Hills,16.1.5,Stock position of BCG vaccines,4. Stock Distributed,295.0,352.0,230.0,260.0,378.0,172.0,265.0,315.0,140.0,200.0,209.0,242.0,3058.0
East Garo Hills,16.1.5,Stock position of BCG vaccines,5. Total Stock,3.0,251.0,321.0,61.0,183.0,11.0,246.0,331.0,191.0,491.0,282.0,540.0,2911.0
East Garo Hills,16.1.6,Stock position of Measles vaccines,1. Balance From Previous Month,462.0,209.0,404.0,689.0,404.0,795.0,480.0,415.0,500.0,295.0,545.0,290.0,5488.0
East Garo Hills,16.1.6,Stock position of Measles vaccines,2. Stocks Received,0.0,600.0,500.0,0.0,800.0,0.0,500.0,400.0,0.0,500.0,0.0,1000.0,4300.0
East Garo Hills,16.1.6,Stock position of Measles vaccines,3. Unusable Stock,,,,,,,,,,,,,
East Garo Hills,16.1.6,Stock position of Measles vaccines,4. Stock Distributed,253.0,405.0,215.0,285.0,409.0,315.0,565.0,315.0,205.0,250.0,255.0,203.0,3675.0
East Garo Hills,16.1.6,Stock position of Measles vaccines,5. Total Stock,209.0,404.0,689.0,404.0,795.0,480.0,415.0,500.0,295.0,545.0,290.0,1087.0,6113.0
East Garo Hills,16.1.7,Stock position of JE vaccines,1. Balance From Previous Month,,,,,,,,,,,,,
East Garo Hills,16.1.7,Stock position of JE vaccines,2. Stocks Received,,,,,,,,,,,,,
East Garo Hills,16.1.7,Stock position of JE vaccines,3. Unusable Stock,,,,,,,,,,,,,
East Garo Hills,16.1.7,Stock position of JE vaccines,4. Stock Distributed,,,,,,,,,,,,,
East Garo Hills,16.1.7,Stock position of JE vaccines,5. Total Stock,0.0,0.0,0.0,0.0,0.0,0.0,0.0,0.0,0.0,0.0,0.0,0.0,0.0
East Garo Hills,16.1.8,Stock position of Hepatitis B vaccines,1. Balance From Previous Month,712.0,478.0,615.0,975.0,750.0,890.0,665.0,435.0,265.0,165.0,550.0,320.0,6820.0
East Garo Hills,16.1.8,Stock position of Hepatitis B vaccines,2. Stocks Received,0.0,500.0,500.0,0.0,500.0,0.0,0.0,0.0,0.0,500.0,0.0,0.0,2000.0
East Garo Hills,16.1.8,Stock position of Hepatitis B vaccines,3. Unusable Stock,,,,,,,,,,,,,
East Garo Hills,16.1.8,Stock position of Hepatitis B vaccines,4. Stock Distributed,234.0,363.0,140.0,225.0,360.0,225.0,230.0,170.0,100.0,115.0,230.0,138.0,2530.0
East Garo Hills,16.1.8,Stock position of Hepatitis B vaccines,5. Total Stock,478.0,615.0,975.0,750.0,890.0,665.0,435.0,265.0,165.0,550.0,320.0,182.0,6290.0
East Garo Hills,16.2.1,Stock Position of IU 380 A (to be used for Family Planning),1. Balance From Previous Month,500.0,375.0,125.0,125.0,0.0,,,,,,,,1125.0
East Garo Hills,16.2.1,Stock Position of IU 380 A (to be used for Family Planning),2. Stocks Received,0.0,0.0,,0.0,0.0,,,,,,,,0.0
East Garo Hills,16.2.1,Stock Position of IU 380 A (to be used for Family Planning),3. Unusable Stock,,,,125.0,,,,,,,,,125.0
East Garo Hills,16.2.1,Stock Position of IU 380 A (to be used for Family Planning),4. Stock Distributed,125.0,250.0,0.0,,0.0,,,,,,,,375.0
East Garo Hills,16.2.1,Stock Position of IU 380 A (to be used for Family Planning),5. Total Stock,375.0,125.0,125.0,0.0,0.0,0.0,0.0,0.0,0.0,0.0,0.0,0.0,625.0
East Garo Hills,16.2.2,Stock Position of Condoms (to be used for Family Planning),1. Balance From Previous Month,8892.0,8542.0,8542.0,8290.0,2953.0,1953.0,1953.0,1113.0,693.0,693.0,696.0,696.0,45016.0
East Garo Hills,16.2.2,Stock Position of Condoms (to be used for Family Planning),2. Stocks Received,0.0,0.0,,0.0,0.0,0.0,0.0,0.0,0.0,0.0,0.0,0.0,0.0
East Garo Hills,16.2.2,Stock Position of Condoms (to be used for Family Planning),3. Unusable Stock,,,,,,,,,,,,,
East Garo Hills,16.2.2,Stock Position of Condoms (to be used for Family Planning),4. Stock Distributed,350.0,0.0,252.0,5337.0,1000.0,0.0,840.0,420.0,0.0,0.0,0.0,0.0,8199.0
East Garo Hills,16.2.2,Stock Position of Condoms (to be used for Family Planning),5. Total Stock,8542.0,8542.0,8290.0,2953.0,1953.0,1953.0,1113.0,693.0,693.0,693.0,696.0,696.0,36817.0
East Garo Hills,16.2.3,Stock Position of Oral Contraceptive (to be used for Family Planning),1. Balance From Previous Month,1770.0,,0.0,1900.0,900.0,,,,,,,,4570.0
East Garo Hills,16.2.3,Stock Position of Oral Contraceptive (to be used for Family Planning),2. Stocks Received,0.0,,2000.0,0.0,0.0,,,,,,,,2000.0
East Garo Hills,16.2.3,Stock Position of Oral Contraceptive (to be used for Family Planning),3. Unusable Stock,,,,,,,,,,,,,
East Garo Hills,16.2.3,Stock Position of Oral Contraceptive (to be used for Family Planning),4. Stock Distributed,1770.0,,100.0,1000.0,900.0,,,,,,,,3770.0
East Garo Hills,16.2.3,Stock Position of Oral Contraceptive (to be used for Family Planning),5. Total Stock,0.0,0.0,1900.0,900.0,0.0,0.0,0.0,0.0,0.0,0.0,0.0,0.0,2800.0
East Garo Hills,16.2.4,Stock Position of Emergency Contraceptive (to be used for Family Planning),1. Balance From Previous Month,,,,,,,,,,,,,
East Garo Hills,16.2.4,Stock Position of Emergency Contraceptive (to be used for Family Planning),2. Stocks Received,,,,,,,,,,,,,
East Garo Hills,16.2.4,Stock Position of Emergency Contraceptive (to be used for Family Planning),3. Unusable Stock,,,,,,,,,,,,,
East Garo Hills,16.2.4,Stock Position of Emergency Contraceptive (to be used for Family Planning),4. Stock Distributed,,,,,,,,,,,,,
East Garo Hills,16.2.4,Stock Position of Emergency Contraceptive (to be used for Family Planning),5. Total Stock,0.0,0.0,0.0,0.0,0.0,0.0,0.0,0.0,0.0,0.0,0.0,0.0,0.0
East Garo Hills,16.2.5,Stock Position of Tubal Rings (to be used for Family Planning),1. Balance From Previous Month,,,,,,,,,,,,,
East Garo Hills,16.2.5,Stock Position of Tubal Rings (to be used for Family Planning),2. Stocks Received,,,,,,,,,,,,,
East Garo Hills,16.2.5,Stock Position of Tubal Rings (to be used for Family Planning),3. Unusable Stock,,,,,,,,,,,,,
East Garo Hills,16.2.5,Stock Position of Tubal Rings (to be used for Family Planning),4. Stock Distributed,,,,,,,,,,,,,
East Garo Hills,16.2.5,Stock Position of Tubal Rings (to be used for Family Planning),5. Total Stock,0.0,0.0,0.0,0.0,0.0,0.0,0.0,0.0,0.0,0.0,0.0,0.0,0.0
East Garo Hills,16.3.01,Stock Position of Oxytocin Injection,1. Balance From Previous Month,,,,,,,,,,,,,
East Garo Hills,16.3.01,Stock Position of Oxytocin Injection,2. Stocks Received,,,,,,,,,,,,,
East Garo Hills,16.3.01,Stock Position of Oxytocin Injection,3. Unusable Stock,,,,,,,,,,,,,
East Garo Hills,16.3.01,Stock Position of Oxytocin Injection,4. Stock Distributed,,,,,,,,,,,,,
East Garo Hills,16.3.01,Stock Position of Oxytocin Injection,5. Total Stock,0.0,0.0,0.0,0.0,0.0,0.0,0.0,0.0,0.0,0.0,0.0,0.0,0.0
East Garo Hills,16.3.02,Stock Position of Gloves,1. Balance From Previous Month,,,,,,,,,,,,,
East Garo Hills,16.3.02,Stock Position of Gloves,2. Stocks Received,,,,,,,,,,,,,
East Garo Hills,16.3.02,Stock Position of Gloves,3. Unusable Stock,,,,,,,,,,,,,
East Garo Hills,16.3.02,Stock Position of Gloves,4. Stock Distributed,,,,,,,,,,,,,
East Garo Hills,16.3.02,Stock Position of Gloves,5. Total Stock,0.0,0.0,0.0,0.0,0.0,0.0,0.0,0.0,0.0,0.0,0.0,0.0,0.0
East Garo Hills,16.3.03,Stock Position of MVA Syringes,1. Balance From Previous Month,,,,,,,,,,,,,
East Garo Hills,16.3.03,Stock Position of MVA Syringes,2. Stocks Received,,,,,,,,,,,,,
East Garo Hills,16.3.03,Stock Position of MVA Syringes,3. Unusable Stock,,,,,,,,,,,,,
East Garo Hills,16.3.03,Stock Position of MVA Syringes,4. Stock Distributed,,,,,,,,,,,,,
East Garo Hills,16.3.03,Stock Position of MVA Syringes,5. Total Stock,0.0,0.0,0.0,0.0,0.0,0.0,0.0,0.0,0.0,0.0,0.0,0.0,0.0
East Garo Hills,16.3.04,Stock Position of Fluconazole Tablets,1. Balance From Previous Month,,,,,,,,,,,,,
East Garo Hills,16.3.04,Stock Position of Fluconazole Tablets,2. Stocks Received,,,,,,,,,,,,,
East Garo Hills,16.3.04,Stock Position of Fluconazole Tablets,3. Unusable Stock,,,,,,,,,,,,,
East Garo Hills,16.3.04,Stock Position of Fluconazole Tablets,4. Stock Distributed,,,,,,,,,,,,,
East Garo Hills,16.3.04,Stock Position of Fluconazole Tablets,5. Total Stock,0.0,0.0,0.0,0.0,0.0,0.0,0.0,0.0,0.0,0.0,0.0,0.0,0.0
East Garo Hills,16.3.05,Stock Position of Blood Transfusion Sets,1. Balance From Previous Month,,,,,,,,,,,,,
East Garo Hills,16.3.05,Stock Position of Blood Transfusion Sets,2. Stocks Received,,,,,,,,,,,,,
East Garo Hills,16.3.05,Stock Position of Blood Transfusion Sets,3. Unusable Stock,,,,,,,,,,,,,
East Garo Hills,16.3.05,Stock Position of Blood Transfusion Sets,4. Stock Distributed,,,,,,,,,,,,,
East Garo Hills,16.3.05,Stock Position of Blood Transfusion Sets,5. Total Stock,0.0,0.0,0.0,0.0,0.0,0.0,0.0,0.0,0.0,0.0,0.0,0.0,0.0
East Garo Hills,16.3.06,Stock Position of Gluteraldehyde solution of 2% concentration,1. Balance From Previous Month,,,,,,,,,,,,,
East Garo Hills,16.3.06,Stock Position of Gluteraldehyde solution of 2% concentration,2. Stocks Received,,,,,,,,,,,,,
East Garo Hills,16.3.06,Stock Position of Gluteraldehyde solution of 2% concentration,3. Unusable Stock,,,,,,,,,,,,,
East Garo Hills,16.3.06,Stock Position of Gluteraldehyde solution of 2% concentration,4. Stock Distributed,,,,,,,,,,,,,
East Garo Hills,16.3.06,Stock Position of Gluteraldehyde solution of 2% concentration,5. Total Stock,0.0,0.0,0.0,0.0,0.0,0.0,0.0,0.0,0.0,0.0,0.0,0.0,0.0
East Garo Hills,16.3.07,Stock Position of IFA Tablets,1. Balance From Previous Month,,,,,,,,,,,,,
East Garo Hills,16.3.07,Stock Position of IFA Tablets,2. Stocks Received,,,,,,,,,,,,,
East Garo Hills,16.3.07,Stock Position of IFA Tablets,3. Unusable Stock,,,,,,,,,,,,,
East Garo Hills,16.3.07,Stock Position of IFA Tablets,4. Stock Distributed,,,,,,,,,,,,,
East Garo Hills,16.3.07,Stock Position of IFA Tablets,5. Total Stock,0.0,0.0,0.0,0.0,0.0,0.0,0.0,0.0,0.0,0.0,0.0,0.0,0.0
East Garo Hills,16.3.08,Stock Position of IFA Syrup (Paediatric),1. Balance From Previous Month,15780.0,7890.0,0.0,540.0,1680.0,480.0,480.0,120.0,120.0,120.0,120.0,120.0,27450.0
East Garo Hills,16.3.08,Stock Position of IFA Syrup (Paediatric),2. Stocks Received,0.0,0.0,3600.0,3600.0,0.0,0.0,0.0,0.0,0.0,0.0,0.0,0.0,7200.0
East Garo Hills,16.3.08,Stock Position of IFA Syrup (Paediatric),3. Unusable Stock,,,,,,,,,,,,,
East Garo Hills,16.3.08,Stock Position of IFA Syrup (Paediatric),4. Stock Distributed,7890.0,7890.0,3060.0,2460.0,1200.0,0.0,360.0,0.0,0.0,0.0,0.0,0.0,22860.0
East Garo Hills,16.3.08,Stock Position of IFA Syrup (Paediatric),5. Total Stock,7890.0,0.0,540.0,1680.0,480.0,480.0,120.0,120.0,120.0,120.0,120.0,120.0,11790.0
East Garo Hills,16.3.09,Stock Position of Paediatrics Antibiotics (Cotrimaxozole and Injectable Gentamicin),1. Balance From Previous Month,,,,,,,,,,,,,
East Garo Hills,16.3.09,Stock Position of Paediatrics Antibiotics (Cotrimaxozole and Injectable Gentamicin),2. Stocks Received,,,,,,,,,,,,,
East Garo Hills,16.3.09,Stock Position of Paediatrics Antibiotics (Cotrimaxozole and Injectable Gentamicin),3. Unusable Stock,,,,,,,,,,,,,
East Garo Hills,16.3.09,Stock Position of Paediatrics Antibiotics (Cotrimaxozole and Injectable Gentamicin),4. Stock Distributed,,,,,,,,,,,,,
East Garo Hills,16.3.09,Stock Position of Paediatrics Antibiotics (Cotrimaxozole and Injectable Gentamicin),5. Total Stock,0.0,0.0,0.0,0.0,0.0,0.0,0.0,0.0,0.0,0.0,0.0,0.0,0.0
East Garo Hills,16.3.10,Stock Position of Vitamin A solution,1. Balance From Previous Month,,,,,,,,,,,,,
East Garo Hills,16.3.10,Stock Position of Vitamin A solution,2. Stocks Received,,,,,,,,,,,,,
East Garo Hills,16.3.10,Stock Position of Vitamin A solution,3. Unusable Stock,,,,,,,,,,,,,
East Garo Hills,16.3.10,Stock Position of Vitamin A solution,4. Stock Distributed,,,,,,,,,,,,,
East Garo Hills,16.3.10,Stock Position of Vitamin A solution,5. Total Stock,0.0,0.0,0.0,0.0,0.0,0.0,0.0,0.0,0.0,0.0,0.0,0.0,0.0
East Garo Hills,16.3.11,Stock of ORS (New WHO formulation),1. Balance From Previous Month,,,,,,,,,,,,,
East Garo Hills,16.3.11,Stock of ORS (New WHO formulation),2. Stocks Received,,,,,,,,,,,,,
East Garo Hills,16.3.11,Stock of ORS (New WHO formulation),3. Unusable Stock,,,,,,,,,,,,,
East Garo Hills,16.3.11,Stock of ORS (New WHO formulation),4. Stock Distributed,,,,,,,,,,,,,
East Garo Hills,16.3.11,Stock of ORS (New WHO formulation),5. Total Stock,0.0,0.0,0.0,0.0,0.0,0.0,0.0,0.0,0.0,0.0,0.0,0.0,0.0
East Garo Hills,16.4.1,Stock Position of 0.1 ml Syringes(AD),1. Balance From Previous Month,4234.0,3184.0,4568.0,3956.0,3046.0,4876.0,4266.0,6632.0,5782.0,5362.0,5812.0,5062.0,56780.0
East Garo Hills,16.4.1,Stock Position of 0.1 ml Syringes(AD),2. Stocks Received,0.0,3000.0,0.0,0.0,3000.0,0.0,3000.0,0.0,0.0,1000.0,0.0,0.0,10000.0
East Garo Hills,16.4.1,Stock Position of 0.1 ml Syringes(AD),3. Unusable Stock,,,,,,,,,,,,,
East Garo Hills,16.4.1,Stock Position of 0.1 ml Syringes(AD),4. Stock Distributed,1050.0,1616.0,612.0,910.0,1170.0,610.0,634.0,850.0,420.0,550.0,750.0,580.0,9752.0
East Garo Hills,16.4.1,Stock Position of 0.1 ml Syringes(AD),5. Total Stock,3184.0,4568.0,3956.0,3046.0,4876.0,4266.0,6632.0,5782.0,5362.0,5812.0,5062.0,4482.0,57028.0
East Garo Hills,16.4.2,Stock Position of 0.5 ml Syringes(AD),1. Balance From Previous Month,19610.0,4810.0,12210.0,4210.0,610.0,23410.0,21410.0,29210.0,25310.0,23310.0,46310.0,41460.0,251870.0
East Garo Hills,16.4.2,Stock Position of 0.5 ml Syringes(AD),2. Stocks Received,0.0,12000.0,0.0,0.0,30000.0,0.0,16000.0,0.0,0.0,30000.0,0.0,0.0,88000.0
East Garo Hills,16.4.2,Stock Position of 0.5 ml Syringes(AD),3. Unusable Stock,,,,,,,,,,,,,
East Garo Hills,16.4.2,Stock Position of 0.5 ml Syringes(AD),4. Stock Distributed,14800.0,4600.0,8000.0,3600.0,7200.0,2000.0,8200.0,3900.0,2000.0,7000.0,4850.0,2000.0,68150.0
East Garo Hills,16.4.2,Stock Position of 0.5 ml Syringes(AD),5. Total Stock,4810.0,12210.0,4210.0,610.0,23410.0,21410.0,29210.0,25310.0,23310.0,46310.0,41460.0,39460.0,271720.0
East Garo Hills,16.4.3,Stock Position of 5.0 ml Syringes(Disposable),1. Balance From Previous Month,13022.0,12162.0,13267.0,12567.0,12367.0,13357.0,12557.0,13357.0,12557.0,12557.0,13557.0,12957.0,154284.0
East Garo Hills,16.4.3,Stock Position of 5.0 ml Syringes(Disposable),2. Stocks Received,0.0,2000.0,0.0,0.0,2000.0,0.0,2000.0,0.0,0.0,1000.0,0.0,2000.0,9000.0
East Garo Hills,16.4.3,Stock Position of 5.0 ml Syringes(Disposable),3. Unusable Stock,,,,,,,,,,,,,
East Garo Hills,16.4.3,Stock Position of 5.0 ml Syringes(Disposable),4. Stock Distributed,860.0,895.0,700.0,200.0,1010.0,800.0,1200.0,800.0,0.0,0.0,600.0,300.0,7365.0
East Garo Hills,16.4.3,Stock Position of 5.0 ml Syringes(Disposable),5. Total Stock,12162.0,13267.0,12567.0,12367.0,13357.0,12557.0,13357.0,12557.0,12557.0,13557.0,12957.0,14657.0,155919.0
East Garo Hills,17.1,Number of cases of Infant deaths within 24 hrs of birth,TOTAL,,,,,2.0,,,,1.0,1.0,,1.0,5.0
East Garo Hills,17.2.1,Number of cases of Infant deaths 24 hours to 4 weeks of birth with the probable cause being Sepsis,1. Up to 1 Weeks of Birth,1.0,,,,,,,,,1.0,,,2.0
East Garo Hills,17.2.1,Number of cases of Infant deaths 24 hours to 4 weeks of birth with the probable cause being Sepsis,2. Between 1 week & 4 weeks of birth,,,,,,,,,,,,,
East Garo Hills,17.2.1,Number of cases of Infant deaths 24 hours to 4 weeks of birth with the probable cause being Sepsis,3. Total,1.0,,,,,,,,,1.0,,,2.0
East Garo Hills,17.2.2,Number of cases of Infant deaths 24 hours to 4 weeks of birth with the probable cause being Asphyxia,1. Up to 1 Weeks of Birth,1.0,,1.0,,,,,1.0,,1.0,2.0,2.0,8.0
East Garo Hills,17.2.2,Number of cases of Infant deaths 24 hours to 4 weeks of birth with the probable cause being Asphyxia,2. Between 1 week & 4 weeks of birth,,,,,,,,,,,,,
East Garo Hills,17.2.2,Number of cases of Infant deaths 24 hours to 4 weeks of birth with the probable cause being Asphyxia,3. Total,1.0,,1.0,,,,,1.0,,1.0,2.0,2.0,8.0
East Garo Hills,17.2.3,Number of cases of Infant deaths 24 hours to 4 weeks of birth with the probable cause being LBW,1. Up to 1 Weeks of Birth,1.0,,1.0,1.0,1.0,,,,,,,,4.0
East Garo Hills,17.2.3,Number of cases of Infant deaths 24 hours to 4 weeks of birth with the probable cause being LBW,2. Between 1 week & 4 weeks of birth,,,,,,,,,,,,,
East Garo Hills,17.2.3,Number of cases of Infant deaths 24 hours to 4 weeks of birth with the probable cause being LBW,3. Total,1.0,,1.0,1.0,1.0,,,,,,,,4.0
East Garo Hills,17.2.4,"Number of cases of Infant deaths 24 hours to 4 weeks of birth with the probable cause being other than Sepsis, Asphyxia and LBW",1. Up to 1 Weeks of Birth,4.0,2.0,5.0,3.0,,1.0,,1.0,,,2.0,1.0,19.0
East Garo Hills,17.2.4,"Number of cases of Infant deaths 24 hours to 4 weeks of birth with the probable cause being other than Sepsis, Asphyxia and LBW",2. Between 1 week & 4 weeks of birth,,,,,,,,,,,,,
East Garo Hills,17.2.4,"Number of cases of Infant deaths 24 hours to 4 weeks of birth with the probable cause being other than Sepsis, Asphyxia and LBW",3. Total,4.0,2.0,5.0,3.0,,1.0,,1.0,,,2.0,1.0,19.0
East Garo Hills,17.3.1,Number of cases of Infant or Child deaths between 1 month to 5 years of age with the probable cause being Pneumonia,1. Between 1 month and 11 months,,,5.0,5.0,3.0,1.0,,2.0,,6.0,3.0,2.0,27.0
East Garo Hills,17.3.1,Number of cases of Infant or Child deaths between 1 month to 5 years of age with the probable cause being Pneumonia,2. Between 1 year & 5 years,,,,3.0,2.0,,,1.0,,,,,6.0
East Garo Hills,17.3.1,Number of cases of Infant or Child deaths between 1 month to 5 years of age with the probable cause being Pneumonia,3. Total,,,5.0,8.0,5.0,1.0,,3.0,,6.0,3.0,2.0,33.0
East Garo Hills,17.3.2,Number of cases of Infant or Child deaths between 1 month to 5 years of age with the probable cause being Diarrhoea,1. Between 1 month and 11 months,,,,,,1.0,,,,,,,1.0
East Garo Hills,17.3.2,Number of cases of Infant or Child deaths between 1 month to 5 years of age with the probable cause being Diarrhoea,2. Between 1 year & 5 years,,,,,,,,,,,,,
East Garo Hills,17.3.2,Number of cases of Infant or Child deaths between 1 month to 5 years of age with the probable cause being Diarrhoea,3. Total,,,,,,1.0,,,,,,,1.0
East Garo Hills,17.3.3,Number of cases of Infant or Child deaths between 1 month to 5 years of age with the probable cause being Fever related,1. Between 1 month and 11 months,,,4.0,2.0,3.0,5.0,3.0,3.0,1.0,1.0,3.0,2.0,27.0
East Garo Hills,17.3.3,Number of cases of Infant or Child deaths between 1 month to 5 years of age with the probable cause being Fever related,2. Between 1 year & 5 years,,,2.0,1.0,2.0,,2.0,3.0,1.0,,1.0,,12.0
East Garo Hills,17.3.3,Number of cases of Infant or Child deaths between 1 month to 5 years of age with the probable cause being Fever related,3. Total,,,6.0,3.0,5.0,5.0,5.0,6.0,2.0,1.0,4.0,2.0,39.0
East Garo Hills,17.3.4,Number of cases of Infant or Child deaths between 1 month to 5 years of age with the probable cause being Measles,1. Between 1 month and 11 months,,,,,,,,,,,,,
East Garo Hills,17.3.4,Number of cases of Infant or Child deaths between 1 month to 5 years of age with the probable cause being Measles,2. Between 1 year & 5 years,,,,,,,,,,,,,
East Garo Hills,17.3.4,Number of cases of Infant or Child deaths between 1 month to 5 years of age with the probable cause being Measles,3. Total,,,,,,,,,,,,,
East Garo Hills,17.3.5,"Number of cases of Infant or Child deaths between 1 month to 5 years of age with the probable cause being other than Pneumonia, Diarrhoea, Fever related and Measles",1. Between 1 month and 11 months,1.0,9.0,3.0,3.0,2.0,4.0,3.0,2.0,1.0,2.0,3.0,,33.0
East Garo Hills,17.3.5,"Number of cases of Infant or Child deaths between 1 month to 5 years of age with the probable cause being other than Pneumonia, Diarrhoea, Fever related and Measles",2. Between 1 year & 5 years,1.0,1.0,,1.0,,,2.0,,,,3.0,,8.0
East Garo Hills,17.3.5,"Number of cases of Infant or Child deaths between 1 month to 5 years of age with the probable cause being other than Pneumonia, Diarrhoea, Fever related and Measles",3. Total,2.0,10.0,3.0,4.0,2.0,4.0,5.0,2.0,1.0,2.0,6.0,,41.0
East Garo Hills,17.4.1,Number of cases of Adolescent or Adult deaths (age 6 years & above) with the probable cause being Diarrhoeal diseases,1. 6-14 yrs,,,,,1.0,,,,,,1.0,1.0,3.0
East Garo Hills,17.4.1,Number of cases of Adolescent or Adult deaths (age 6 years & above) with the probable cause being Diarrhoeal diseases,2. 15-55 yrs.,1.0,1.0,,2.0,,,,1.0,1.0,,,1.0,7.0
East Garo Hills,17.4.1,Number of cases of Adolescent or Adult deaths (age 6 years & above) with the probable cause being Diarrhoeal diseases,3. Above 55 yrs.,,,,,1.0,1.0,1.0,,,2.0,,1.0,6.0
East Garo Hills,17.4.1,Number of cases of Adolescent or Adult deaths (age 6 years & above) with the probable cause being Diarrhoeal diseases,4. Total,1.0,1.0,,2.0,2.0,1.0,1.0,1.0,1.0,2.0,1.0,3.0,16.0
East Garo Hills,17.4.2,Number of cases of Adolescent or Adult deaths (age 6 years & above) with the probable cause being Tuberculosis,1. 6-14 yrs,,,,,,,,,,,,,
East Garo Hills,17.4.2,Number of cases of Adolescent or Adult deaths (age 6 years & above) with the probable cause being Tuberculosis,2. 15-55 yrs.,2.0,,1.0,1.0,,,,1.0,,1.0,,1.0,7.0
East Garo Hills,17.4.2,Number of cases of Adolescent or Adult deaths (age 6 years & above) with the probable cause being Tuberculosis,3. Above 55 yrs.,,,,,,,,1.0,,1.0,,,2.0
East Garo Hills,17.4.2,Number of cases of Adolescent or Adult deaths (age 6 years & above) with the probable cause being Tuberculosis,4. Total,2.0,,1.0,1.0,,,,2.0,,2.0,,1.0,9.0
East Garo Hills,17.4.3,Number of cases of Adolescent or Adult deaths (age 6 years & above) with the probable cause being Respiratory diseases including infections,1. 6-14 yrs,,,,,,,,,1.0,,,,1.0
East Garo Hills,17.4.3,Number of cases of Adolescent or Adult deaths (age 6 years & above) with the probable cause being Respiratory diseases including infections,2. 15-55 yrs.,,1.0,2.0,1.0,1.0,1.0,1.0,1.0,,1.0,,1.0,10.0
East Garo Hills,17.4.3,Number of cases of Adolescent or Adult deaths (age 6 years & above) with the probable cause being Respiratory diseases including infections,3. Above 55 yrs.,,,1.0,1.0,,,,1.0,,2.0,2.0,1.0,8.0
East Garo Hills,17.4.3,Number of cases of Adolescent or Adult deaths (age 6 years & above) with the probable cause being Respiratory diseases including infections,4. Total,,1.0,3.0,2.0,1.0,1.0,1.0,2.0,1.0,3.0,2.0,2.0,19.0
East Garo Hills,17.4.4,Number of cases of Adolescent or Adult deaths (age 6 years & above) with the probable cause being Malaria,1. 6-14 yrs,,1.0,1.0,,,2.0,2.0,,,,,,6.0
East Garo Hills,17.4.4,Number of cases of Adolescent or Adult deaths (age 6 years & above) with the probable cause being Malaria,2. 15-55 yrs.,,1.0,4.0,4.0,,2.0,3.0,1.0,2.0,,1.0,,18.0
East Garo Hills,17.4.4,Number of cases of Adolescent or Adult deaths (age 6 years & above) with the probable cause being Malaria,3. Above 55 yrs.,,1.0,1.0,1.0,1.0,3.0,,1.0,,2.0,1.0,,11.0
East Garo Hills,17.4.4,Number of cases of Adolescent or Adult deaths (age 6 years & above) with the probable cause being Malaria,4. Total,,3.0,6.0,5.0,1.0,7.0,5.0,2.0,2.0,2.0,2.0,,35.0
East Garo Hills,17.4.5,Number of cases of Adolescent or Adult deaths (age 6 years & above) with the probable cause being other Fever related,1. 6-14 yrs,2.0,,2.0,3.0,6.0,,3.0,1.0,1.0,,2.0,,20.0
East Garo Hills,17.4.5,Number of cases of Adolescent or Adult deaths (age 6 years & above) with the probable cause being other Fever related,2. 15-55 yrs.,1.0,3.0,,4.0,6.0,5.0,5.0,1.0,,3.0,1.0,3.0,32.0
East Garo Hills,17.4.5,Number of cases of Adolescent or Adult deaths (age 6 years & above) with the probable cause being other Fever related,3. Above 55 yrs.,,,1.0,3.0,4.0,5.0,,2.0,1.0,,,3.0,19.0
East Garo Hills,17.4.5,Number of cases of Adolescent or Adult deaths (age 6 years & above) with the probable cause being other Fever related,4. Total,3.0,3.0,3.0,10.0,16.0,10.0,8.0,4.0,2.0,3.0,3.0,6.0,71.0
East Garo Hills,17.4.6,Number of cases of Adolescent or Adult deaths (age 6 years & above) with the probable cause being HIV/AIDS,1. 6-14 yrs,,,,,,,,,,,,,
East Garo Hills,17.4.6,Number of cases of Adolescent or Adult deaths (age 6 years & above) with the probable cause being HIV/AIDS,2. 15-55 yrs.,,,,,,,,,,,,,
East Garo Hills,17.4.6,Number of cases of Adolescent or Adult deaths (age 6 years & above) with the probable cause being HIV/AIDS,3. Above 55 yrs.,,,,,,,,,,,,,
East Garo Hills,17.4.6,Number of cases of Adolescent or Adult deaths (age 6 years & above) with the probable cause being HIV/AIDS,4. Total,,,,,,,,,,,,,
East Garo Hills,17.4.7,Number of cases of Adolescent or Adult deaths (age 6 years & above) with the probable cause being Heart disease or related to Hypertension,1. 6-14 yrs,,,,,1.0,,,,,,,,1.0
East Garo Hills,17.4.7,Number of cases of Adolescent or Adult deaths (age 6 years & above) with the probable cause being Heart disease or related to Hypertension,2. 15-55 yrs.,,,,1.0,2.0,2.0,,2.0,1.0,,,,8.0
East Garo Hills,17.4.7,Number of cases of Adolescent or Adult deaths (age 6 years & above) with the probable cause being Heart disease or related to Hypertension,3. Above 55 yrs.,,,1.0,3.0,2.0,1.0,,3.0,,1.0,1.0,,12.0
East Garo Hills,17.4.7,Number of cases of Adolescent or Adult deaths (age 6 years & above) with the probable cause being Heart disease or related to Hypertension,4. Total,,,1.0,4.0,5.0,3.0,,5.0,1.0,1.0,1.0,,21.0
East Garo Hills,17.4.8,Number of cases of Adolescent or Adult deaths (age 6 years & above) with the probable cause being Neurological disease including strokes,1. 6-14 yrs,,,,,,,,,,,,,
East Garo Hills,17.4.8,Number of cases of Adolescent or Adult deaths (age 6 years & above) with the probable cause being Neurological disease including strokes,2. 15-55 yrs.,,,,,,,,,,1.0,,,1.0
East Garo Hills,17.4.8,Number of cases of Adolescent or Adult deaths (age 6 years & above) with the probable cause being Neurological disease including strokes,3. Above 55 yrs.,,,,,2.0,1.0,1.0,1.0,,,1.0,,6.0
East Garo Hills,17.4.8,Number of cases of Adolescent or Adult deaths (age 6 years & above) with the probable cause being Neurological disease including strokes,4. Total,,,,,2.0,1.0,1.0,1.0,,1.0,1.0,,7.0
East Garo Hills,17.4.9(a),Number of cases of Maternal deaths (age 15-49 years) with the probable cause being Abortion,1. 6-14 yrs,,,,,,,,,,,,,
East Garo Hills,17.4.9(a),Number of cases of Maternal deaths (age 15-49 years) with the probable cause being Abortion,2. 15-49 yrs,,,,,,,,,,,,,
East Garo Hills,17.4.9(a),Number of cases of Maternal deaths (age 15-49 years) with the probable cause being Abortion,3. Above 49 yrs.,,,,,,,,,,,,,
East Garo Hills,17.4.9(a),Number of cases of Maternal deaths (age 15-49 years) with the probable cause being Abortion,4. Total,,,,,,,,,,,,,
East Garo Hills,17.4.9(b),Number of cases of Maternal deaths (age 15-49 years) with the probable cause being Obstructed or prolonged labour,1. 6-14 yrs,,,,,,,,,,,,,
East Garo Hills,17.4.9(b),Number of cases of Maternal deaths (age 15-49 years) with the probable cause being Obstructed or prolonged labour,2. 15-49 yrs,,1.0,,,,,2.0,,,,,1.0,4.0
East Garo Hills,17.4.9(b),Number of cases of Maternal deaths (age 15-49 years) with the probable cause being Obstructed or prolonged labour,3. Above 49 yrs.,,,,,,,,,,,,,
East Garo Hills,17.4.9(b),Number of cases of Maternal deaths (age 15-49 years) with the probable cause being Obstructed or prolonged labour,4. Total,,1.0,,,,,2.0,,,,,1.0,4.0
East Garo Hills,17.4.9(c),Number of cases of Maternal deaths (age 15-49 years) with the probable cause being Severe hypertesnion or fits,1. 6-14 yrs,,,,,,,,,,,,,
East Garo Hills,17.4.9(c),Number of cases of Maternal deaths (age 15-49 years) with the probable cause being Severe hypertesnion or fits,2. 15-49 yrs,,,1.0,,,,,,,,,,1.0
East Garo Hills,17.4.9(c),Number of cases of Maternal deaths (age 15-49 years) with the probable cause being Severe hypertesnion or fits,3. Above 49 yrs.,,,,,,,,,,,,,
East Garo Hills,17.4.9(c),Number of cases of Maternal deaths (age 15-49 years) with the probable cause being Severe hypertesnion or fits,4. Total,,,1.0,,,,,,,,,,1.0
East Garo Hills,17.4.9(d),Number of cases of Maternal deaths (age 15-49 years) with the probable cause being Bleeding,1. 6-14 yrs,,,,,,,,,,,,,
East Garo Hills,17.4.9(d),Number of cases of Maternal deaths (age 15-49 years) with the probable cause being Bleeding,2. 15-49 yrs,1.0,,2.0,,,1.0,1.0,3.0,3.0,,1.0,,12.0
East Garo Hills,17.4.9(d),Number of cases of Maternal deaths (age 15-49 years) with the probable cause being Bleeding,3. Above 49 yrs.,,,,,,,,,,,,,
East Garo Hills,17.4.9(d),Number of cases of Maternal deaths (age 15-49 years) with the probable cause being Bleeding,4. Total,1.0,,2.0,,,1.0,1.0,3.0,3.0,,1.0,,12.0
East Garo Hills,17.4.9(e),Number of cases of Maternal deaths (age 15-49 years) with the probable cause being High Fever,1. 6-14 yrs,,,,,,,,,,,,,
East Garo Hills,17.4.9(e),Number of cases of Maternal deaths (age 15-49 years) with the probable cause being High Fever,2. 15-49 yrs,,,,,,1.0,1.0,,,,,,2.0
East Garo Hills,17.4.9(e),Number of cases of Maternal deaths (age 15-49 years) with the probable cause being High Fever,3. Above 49 yrs.,,,,,,,,,,,,,
East Garo Hills,17.4.9(e),Number of cases of Maternal deaths (age 15-49 years) with the probable cause being High Fever,4. Total,,,,,,1.0,1.0,,,,,,2.0
East Garo Hills,17.4.9(f),Number of cases of Maternal deaths (age 15-49 years) with the probable cause being other causes (excluding abortion; obstructed or prolonged labour; severe hypertension or fits;,1. 6-14 yrs,,,,,,,,,,,,,
East Garo Hills,17.4.9(f),Number of cases of Maternal deaths (age 15-49 years) with the probable cause being other causes (excluding abortion; obstructed or prolonged labour; severe hypertension or fits;,2. 15-49 yrs,,2.0,3.0,,2.0,2.0,3.0,,1.0,,2.0,,15.0
East Garo Hills,17.4.9(f),Number of cases of Maternal deaths (age 15-49 years) with the probable cause being other causes (excluding abortion; obstructed or prolonged labour; severe hypertension or fits;,3. Above 49 yrs.,,,,,,,,,,,,,
East Garo Hills,17.4.9(f),Number of cases of Maternal deaths (age 15-49 years) with the probable cause being other causes (excluding abortion; obstructed or prolonged labour; severe hypertension or fits;,4. Total,,2.0,3.0,,2.0,2.0,3.0,,1.0,,2.0,,15.0
East Garo Hills,17.4.10,Number of cases of Adolescent or Adult deaths (age 6 years & above) with the probable cause being Trauma or Accidents or Burn cases,1. 6-14 yrs,1.0,,1.0,,,1.0,,,,,,1.0,4.0
East Garo Hills,17.4.10,Number of cases of Adolescent or Adult deaths (age 6 years & above) with the probable cause being Trauma or Accidents or Burn cases,2. 15-55 yrs.,,,3.0,3.0,5.0,3.0,4.0,2.0,2.0,1.0,1.0,5.0,29.0
East Garo Hills,17.4.10,Number of cases of Adolescent or Adult deaths (age 6 years & above) with the probable cause being Trauma or Accidents or Burn cases,3. Above 55 yrs.,,,,,1.0,,,,1.0,1.0,3.0,1.0,7.0
East Garo Hills,17.4.10,Number of cases of Adolescent or Adult deaths (age 6 years & above) with the probable cause being Trauma or Accidents or Burn cases,4. Total,1.0,,4.0,3.0,6.0,4.0,4.0,2.0,3.0,2.0,4.0,7.0,40.0
East Garo Hills,17.4.11,Number of cases of Adolescent or Adult deaths (age 6 years & above) with the probable cause being suicide,1. 6-14 yrs,,,,2.0,,,,,2.0,1.0,,,5.0
East Garo Hills,17.4.11,Number of cases of Adolescent or Adult deaths (age 6 years & above) with the probable cause being suicide,2. 15-55 yrs.,3.0,,,,,1.0,,,1.0,3.0,1.0,1.0,10.0
East Garo Hills,17.4.11,Number of cases of Adolescent or Adult deaths (age 6 years & above) with the probable cause being suicide,3. Above 55 yrs.,,,,1.0,,,,,,,,,1.0
East Garo Hills,17.4.11,Number of cases of Adolescent or Adult deaths (age 6 years & above) with the probable cause being suicide,4. Total,3.0,,,3.0,,1.0,,,3.0,4.0,1.0,1.0,16.0
East Garo Hills,17.4.12,Number of cases of Adolescent or Adult deaths (age 6 years & above) with the probable cause being Animal bites and stings,1. 6-14 yrs,1.0,,,,,,,,,,,1.0,2.0
East Garo Hills,17.4.12,Number of cases of Adolescent or Adult deaths (age 6 years & above) with the probable cause being Animal bites and stings,2. 15-55 yrs.,,1.0,,,1.0,,2.0,,,,,,4.0
East Garo Hills,17.4.12,Number of cases of Adolescent or Adult deaths (age 6 years & above) with the probable cause being Animal bites and stings,3. Above 55 yrs.,,,,,,,,,,,,,
East Garo Hills,17.4.12,Number of cases of Adolescent or Adult deaths (age 6 years & above) with the probable cause being Animal bites and stings,4. Total,1.0,1.0,,,1.0,,2.0,,,,,1.0,6.0
East Garo Hills,17.4.13(a),Number of cases of Adolescent or Adult deaths (age 6 years & above) with the probable cause being Known Acute disease,1. 6-14 yrs,,,1.0,,,,,,,,,,1.0
East Garo Hills,17.4.13(a),Number of cases of Adolescent or Adult deaths (age 6 years & above) with the probable cause being Known Acute disease,2. 15-55 yrs.,,,,1.0,1.0,,,,,1.0,,,3.0
East Garo Hills,17.4.13(a),Number of cases of Adolescent or Adult deaths (age 6 years & above) with the probable cause being Known Acute disease,3. Above 55 yrs.,,,,1.0,4.0,,,,,,1.0,,6.0
East Garo Hills,17.4.13(a),Number of cases of Adolescent or Adult deaths (age 6 years & above) with the probable cause being Known Acute disease,4. Total,,,1.0,2.0,5.0,,,,,1.0,1.0,,10.0
East Garo Hills,17.4.13(b),Number of cases of Adolescent or Adult deaths (age 6 years & above) with the probable cause being Known Chronic disease,1. 6-14 yrs,,,1.0,,,,,1.0,,,,,2.0
East Garo Hills,17.4.13(b),Number of cases of Adolescent or Adult deaths (age 6 years & above) with the probable cause being Known Chronic disease,2. 15-55 yrs.,,,,4.0,,4.0,,8.0,2.0,1.0,2.0,1.0,22.0
East Garo Hills,17.4.13(b),Number of cases of Adolescent or Adult deaths (age 6 years & above) with the probable cause being Known Chronic disease,3. Above 55 yrs.,3.0,,2.0,3.0,2.0,5.0,3.0,5.0,,3.0,7.0,2.0,35.0
East Garo Hills,17.4.13(b),Number of cases of Adolescent or Adult deaths (age 6 years & above) with the probable cause being Known Chronic disease,4. Total,3.0,,3.0,7.0,2.0,9.0,3.0,14.0,2.0,4.0,9.0,3.0,59.0
East Garo Hills,17.4.13(c),Number of cases of Adolescent or Adult deaths (age 6 years & above) where the cause was not known,1. 6-14 yrs,1.0,2.0,2.0,3.0,2.0,2.0,,1.0,,1.0,,,14.0
East Garo Hills,17.4.13(c),Number of cases of Adolescent or Adult deaths (age 6 years & above) where the cause was not known,2. 15-55 yrs.,7.0,6.0,8.0,11.0,8.0,8.0,8.0,7.0,1.0,7.0,8.0,11.0,90.0
East Garo Hills,17.4.13(c),Number of cases of Adolescent or Adult deaths (age 6 years & above) where the cause was not known,3. Above 55 yrs.,14.0,7.0,12.0,9.0,8.0,2.0,12.0,1.0,,13.0,8.0,7.0,93.0
East Garo Hills,17.4.13(c),Number of cases of Adolescent or Adult deaths (age 6 years & above) where the cause was not known,4. Total,22.0,15.0,22.0,23.0,18.0,12.0,20.0,9.0,1.0,21.0,16.0,18.0,197.0
East Jaintia Hills,1.1,Total number of pregnant women Registered for ANC,TOTAL,,,,,,,,,,,,,
East Jaintia Hills,1.1.1,Of which Number registered within first trimester (within 12 weeks),TOTAL,,,,,,,,,,,,,
East Jaintia Hills,1.2,Number of Pregnant women registered under JSY,TOTAL,,,,,,,,,,,,,
East Jaintia Hills,1.3,Number of pregnant women received 3 ANC check ups during pregnancy,TOTAL,,,,,,,,,,,,,
East Jaintia Hills,1.4.1,Number of pregnant women given TT1 during current pregnancy,TOTAL,,,,,,,,,,,,,
East Jaintia Hills,1.4.2,Number of pregnant women given TT2 or Booster during current pregnancy,TOTAL,,,,,,,,,,,,,
East Jaintia Hills,1.5,Total number of pregnant women given 100 IFA tablets,TOTAL,,,,,,,,,,,,,
East Jaintia Hills,1.6.1,Number of new cases of Hypertension (BP>140/90) detected in Pregnant women at the institution,TOTAL,,,,,,,,,,,,,
East Jaintia Hills,1.6.2,Number of Eclampsia cases managed during delivery,TOTAL,,,,,,,,,,,,,
East Jaintia Hills,1.7.1,Number of Pregnant women with anaemia i.e. Hb level<11 (tested cases),TOTAL,,,,,,,,,,,,,
East Jaintia Hills,1.7.2,Number of Pregnant women having severe anaemia (Hb<7) treated at institution,TOTAL,,,,,,,,,,,,,
East Jaintia Hills,1.8,Number of pregnancy test kits used at SC level,TOTAL,,,,,,,,,,,,,
East Jaintia Hills,2.1.1.a,Number of deliveries conducted at Home and attended by trained SBA(i.e. Doctor or Nurse or ANM),TOTAL,,,,,,,,,,,,,
East Jaintia Hills,2.1.1.b,Number of deliveries conducted at Home and attended by non trained SBA (i.e. trained TBA or Relatives etc.),TOTAL,,,,,,,,,,,,,
East Jaintia Hills,2.1.1.c,Total number of deliveries conducted at Home and attended by trained or non-trained SBA (i.e. sum of 2.1.1.a and 2.1.1.b),TOTAL,,,,,,,,,,,,,
East Jaintia Hills,2.1.2,Number of newborns visited within 24 hours of delivery for deliveries conducted at home,TOTAL,,,,,,,,,,,,,
East Jaintia Hills,2.1.3,Number of mothers paid JSY incentive for deliveries conducted at home,TOTAL,,,,,,,,,,,,,
East Jaintia Hills,2.2,Deliveries conducted at Public Institutions (Including C-Sections),TOTAL,,,,,,,,,,,,,
East Jaintia Hills,2.2.1,"Out of 2.2, Number discharged under 48 hours of delivery",TOTAL,,,,,,,,,,,,,
East Jaintia Hills,2.2.2.a,Number of mothers paid JSY Incentive for deliveries conducted at Public Institutions,TOTAL,,,,,,,,,,,,,
East Jaintia Hills,2.2.2.b,Number of ASHAs paid JSY Incentive for deliveries conducted at Public Institutions,TOTAL,,,,,,,,,,,,,
East Jaintia Hills,2.2.2.c,Number of cases of deliveries conducted at Public Institutions where JSY incentive was paid to ANMs or AWWs [only for High Performing States (HPS)],TOTAL,,,,,,,,,,,,,
East Jaintia Hills,2.3,Deliveries conducted at Private Institutions (Including C-Sections),TOTAL,,,,,,,,,,,,,
East Jaintia Hills,2.3.1.a,Number of mothers paid JSY Incentive for deliveries conducted at accredited Private Institutions,TOTAL,,,,,,,,,,,,,
East Jaintia Hills,2.3.1.b,Number of ASHAs paid JSY Incentive for deliveries conducted at accredited Private Institutions,TOTAL,,,,,,,,,,,,,
East Jaintia Hills,2.3.1.c,Number of cases of deliveries conducted at accredited Private Institutions where JSY incentive was paid to ANMs or AWWs [only for High Performing States (HPS)],TOTAL,,,,,,,,,,,,,
East Jaintia Hills,3.1.1,Number of Caesarean (C-Section) deliveries performed at PHCs (Primary Health Centre),TOTAL,,,,,,,,,,,,,
East Jaintia Hills,3.1.2,Number of Caesarean (C-Section) deliveries performed at CHCs (Community Health Centre),TOTAL,,,,,,,,,,,,,
East Jaintia Hills,3.1.3,Number of Caesarean (C-Section) deliveries performed at SDHs (Sub-divisional Hospital) or DHs (District Hospital),TOTAL,,,,,,,,,,,,,
East Jaintia Hills,3.1.4,Number of Caesarean (C-Section) deliveries performed at other State owned public institutions,TOTAL,,,,,,,,,,,,,
East Jaintia Hills,3.1.5,"Total Number of Caesarean (C-Section) deliveries performed at Public facilities i.e. PHC, CHC, SDH, DH and other State owned public institutions (sum of items from 3.1.1 to 3.1.4)",TOTAL,,,,,,,,,,,,,
East Jaintia Hills,3.2,No. of C-section deliveries performed at Private facilities,TOTAL,,,,,,,,,,,,,
East Jaintia Hills,4.1.1.a,Number of male live births,TOTAL,,,,,,,,,,,,,
East Jaintia Hills,4.1.1.b,Number of female live births,TOTAL,,,,,,,,,,,,,
East Jaintia Hills,4.1.1.c,Total number of male and female live births (4.1.1.a and 4.1.1.b),TOTAL,,,,,,,,,,,,,
East Jaintia Hills,4.1.2,Number of still births,TOTAL,,,,,,,,,,,,,
East Jaintia Hills,4.1.3,Number of Abortions (spontaneous or induced),TOTAL,,,,,,,,,,,,,
East Jaintia Hills,4.2.1,Number of Newborns weighed at birth,TOTAL,,,,,,,,,,,,,
East Jaintia Hills,4.2.2,Number of Newborns having weight less than 2.5 kg,TOTAL,,,,,,,,,,,,,
East Jaintia Hills,4.3,Number of Newborns breast fed within 1 hour of birth,TOTAL,,,,,,,,,,,,,
East Jaintia Hills,5.1.1,Number of cases of pregnant women with Obstetric Complications and attended at PHCs,TOTAL,,,,,,,,,,,,,
East Jaintia Hills,5.1.2,Number of cases of pregnant women with Obstetric Complications and attended at CHCs,TOTAL,,,,,,,,,,,,,
East Jaintia Hills,5.1.3,Number of cases of pregnant women with Obstetric Complications and attended at SDHs or DHs,TOTAL,,,,,,,,,,,,,
East Jaintia Hills,5.1.4,Number of cases of pregnant women with Obstetric Complications and attended at other State owned public institutions,TOTAL,,,,,,,,,,,,,
East Jaintia Hills,5.1.5,"Number of cases of pregnant women with Obstetric Complications and attended at Public facilities i.e. PHC, CHC, SDH, DH and other State owned public institutions (sum of items from 5.1.1 to 5.1.4)",TOTAL,,,,,,,,,,,,,
East Jaintia Hills,5.2,Number of cases of pregnant women with Obstetric Complications and attended at Private facilities,TOTAL,,,,,,,,,,,,,
East Jaintia Hills,5.3.1,Number of cases of complicated pregnancies treated with IV antibiotics,TOTAL,,,,,,,,,,,,,
East Jaintia Hills,5.3.2,Number of cases of complicated pregnancies treated with IV Antihypertensive/Magsulph injection,TOTAL,,,,,,,,,,,,,
East Jaintia Hills,5.3.3,Number of cases of complicated pregnancies treated with IV Oxytocis,TOTAL,,,,,,,,,,,,,
East Jaintia Hills,5.3.4,Number of cases of complicated pregnancies treated with Blood Transfusion,TOTAL,,,,,,,,,,,,,
East Jaintia Hills,6.1,Women getting post partum check-up within 48 hours after delivery,TOTAL,,,,,,,,,,,,,
East Jaintia Hills,6.2,Women getting a post partum check up between 48 hours and 14 days after delivery,TOTAL,,,,,,,,,,,,,
East Jaintia Hills,6.3,PNC maternal complications attended,TOTAL,,,,,,,,,,,,,
East Jaintia Hills,7.1.1,Number of MTPs conducted at Public Institutions up to 12 weeks of pregnancy,TOTAL,,,,,,,,,,,,,
East Jaintia Hills,7.1.2,Number of MTPs conducted at Public Institutions for more than 12 weeks of pregnancy,TOTAL,,,,,,,,,,,,,
East Jaintia Hills,7.1.3,Total number of MTPs conducted at Public Institutions (sum of items 7.1.1 and 7.1.2),TOTAL,,,,,,,,,,,,,
East Jaintia Hills,7.2,Number of MTPs conducted at Private Facilities,TOTAL,,,,,,,,,,,,,
East Jaintia Hills,8.1.a,Number of new cases of RTI/STI in males for which treatment was initiated,TOTAL,,,,,,,,,,,,,
East Jaintia Hills,8.1.b,Number of new cases of RTI/STI in females for which treatment was initiated,TOTAL,,,,,,,,,,,,,
East Jaintia Hills,8.1.c,Total number of new cases of RTI/STI in males and females for which treatment was initiated (sum of items 8.1.a and 8.1.b),TOTAL,,,,,,,,,,,,,
East Jaintia Hills,8.2,Number of suspected RTI/STI cases for whom wet mount test was conducted,TOTAL,,,,,,,,,,,,,
East Jaintia Hills,9.1.1.a,Number of NSV (No Scalpel Vasectomy) or Conventional Vasectomy conducted at PHCs,TOTAL,,,,,,,,,,,,,
East Jaintia Hills,9.1.1.b,Number of NSV or Conventional Vasectomy conducted at CHCs,TOTAL,,,,,,,,,,,,,
East Jaintia Hills,9.1.1.c,Number of NSV or Conventional Vasectomy conducted at SDHs or DHs,TOTAL,,,,,,,,,,,,,
East Jaintia Hills,9.1.1.d,Number of NSV or Conventional Vasectomy conducted at other State owned public institutions,TOTAL,,,,,,,,,,,,,
East Jaintia Hills,9.1.1.e,"Total Number of NSV or Conventional Vasectomy conducted at Public facilities i.e. PHC, CHC, SDH, DH and other State owned public institutions (sum of items from 9.1.1.a to 9.1.1.d)",TOTAL,,,,,,,,,,,,,
East Jaintia Hills,9.1.2,Number of NSV or Conventional Vasectomy conducted at Private facilities,TOTAL,,,,,,,,,,,,,
East Jaintia Hills,9.2.1.a,Number of Laparoscopic sterilizations conducted at PHCs,TOTAL,,,,,,,,,,,,,
East Jaintia Hills,9.2.1.b,Number of Laparoscopic sterilizations conducted at CHCs,TOTAL,,,,,,,,,,,,,
East Jaintia Hills,9.2.1.c,Number of Laparoscopic sterilizations conducted at SDHs or DHs,TOTAL,,,,,,,,,,,,,
East Jaintia Hills,9.2.1.d,Number of Laparoscopic sterilizations conducted at other State owned public institutions,TOTAL,,,,,,,,,,,,,
East Jaintia Hills,9.2.1.e,"Total Number of Laparoscopic sterilizations conducted at Public facilities i.e. PHC, CHC, SDH, DH and other State owned public institutions (sum of items from 9.2.1.a to 9.2.1.d)",TOTAL,,,,,,,,,,,,,
East Jaintia Hills,9.2.2,Number of Laparoscopic sterilizations conducted at Private facilities,TOTAL,,,,,,,,,,,,,
East Jaintia Hills,9.3.1.a,Number of Mini-lap sterilizations conducted at PHCs,TOTAL,,,,,,,,,,,,,
East Jaintia Hills,9.3.1.b,Number of Mini-lap sterilizations conducted at CHCs,TOTAL,,,,,,,,,,,,,
East Jaintia Hills,9.3.1.c,Number of Mini-lap sterilizations conducted at SDHs or DHs,TOTAL,,,,,,,,,,,,,
East Jaintia Hills,9.3.1.d,Number of Mini-lap sterilizations conducted at other State owned public institutions,TOTAL,,,,,,,,,,,,,
East Jaintia Hills,9.3.1.e,"Total Number of Mini-lap sterilizations conducted at Public facilities i.e. PHC, CHC, SDH, DH and other State owned public institutions (sum of items from 9.3.1.a to 9.3.1.d)",TOTAL,,,,,,,,,,,,,
East Jaintia Hills,9.3.2,Number of Mini-lap sterilizations conducted at Private facilities,TOTAL,,,,,,,,,,,,,
East Jaintia Hills,9.4.1.a,Number of Post-Partum sterilizations conducted at PHCs,TOTAL,,,,,,,,,,,,,
East Jaintia Hills,9.4.1.b,Number of Post-Partum sterilizations conducted at CHCs,TOTAL,,,,,,,,,,,,,
East Jaintia Hills,9.4.1.c,Number of Post-Partum sterilizations conducted at SDHs or DHs,TOTAL,,,,,,,,,,,,,
East Jaintia Hills,9.4.1.d,Number of Post-Partum sterilizations conducted at other State owned public institutions,TOTAL,,,,,,,,,,,,,
East Jaintia Hills,9.4.1.e,"Total Number of Post-Partum sterilizations conducted at Public facilities i.e. PHC, CHC, SDH, DH and other State owned public institutions (sum of items from 9.4.1.a to 9.4.1.d)",TOTAL,,,,,,,,,,,,,
East Jaintia Hills,9.4.2,Number of Post-Partum sterilizations conducted at Private facilities,TOTAL,,,,,,,,,,,,,
East Jaintia Hills,9.5.1.a,Number of IUCD Insertions conducted at SCs,TOTAL,,,,,,,,,,,,,
East Jaintia Hills,9.5.1.b,Number of IUCD Insertions conducted at PHCs,TOTAL,,,,,,,,,,,,,
East Jaintia Hills,9.5.1.c,Number of IUCD Insertions conducted at CHCs,TOTAL,,,,,,,,,,,,,
East Jaintia Hills,9.5.1.d,Number of IUCD Insertions conducted at SDHs or DHs,TOTAL,,,,,,,,,,,,,
East Jaintia Hills,9.5.1.e,Number of IUCD Insertions conducted at other State owned public institutions,TOTAL,,,,,,,,,,,,,
East Jaintia Hills,9.5.1.f,"Total Number of IUCD Insertions conducted at Public facilities i.e. SC, PHC, CHC, SDH, DH and other State owned public institutions (sum of items from 9.5.1.a to 9.5.1.e)",TOTAL,,,,,,,,,,,,,
East Jaintia Hills,9.5.1A,"Out of above total, Post Partum (within 48 hours of delivery) IUCD insertions",TOTAL,,,,,,,,,,,,,
East Jaintia Hills,9.5.2,Number of IUCD Insertions conducted at Private facilities,TOTAL,,,,,,,,,,,,,
East Jaintia Hills,9.06,Number of IUCD removals,TOTAL,,,,,,,,,,,,,
East Jaintia Hills,9.07,Number of Oral Pills cycles distributed,TOTAL,,,,,,,,,,,,,
East Jaintia Hills,9.08,Number of Condom pieces distributed,TOTAL,,,,,,,,,,,,,
East Jaintia Hills,9.09,Number of Centchroman (weekly) pills given,TOTAL,,,,,,,,,,,,,
East Jaintia Hills,9.10,Number of Emergency Contraceptive Pills distributed,TOTAL,,,,,,,,,,,,,
East Jaintia Hills,9.11.1.a,Number of cases of complications following male sterilization,TOTAL,,,,,,,,,,,,,
East Jaintia Hills,9.11.1.b,Number of cases of complications following female sterilization,TOTAL,,,,,,,,,,,,,
East Jaintia Hills,9.11.2.a,Number of failures following male sterilization,TOTAL,,,,,,,,,,,,,
East Jaintia Hills,9.11.2.b,Number of failures following female sterilization,TOTAL,,,,,,,,,,,,,
East Jaintia Hills,9.11.3.a,Number of deaths following male sterilization,TOTAL,,,,,,,,,,,,,
East Jaintia Hills,9.11.3.b,Number of deaths following female sterilization,TOTAL,,,,,,,,,,,,,
East Jaintia Hills,9.12,Number of Institutions having NSV trained doctors,TOTAL,,,,,,,,,,,,,-1.0
East Jaintia Hills,10.1.01,Number of Infants (0 to 11 months old)received BCG immunisation,TOTAL,,,,,,,,,,,,,
East Jaintia Hills,10.1.02,Number of Infants (0 to 11 months old) received DPT1 immunisation,TOTAL,,,,,,,,,,,,,
East Jaintia Hills,10.1.03,Number of Infants (0 to 11 months old) received DPT2 immunisation,TOTAL,,,,,,,,,,,,,
East Jaintia Hills,10.1.04,Number of Infants (0 to 11 months old) received DPT3 immunisation,TOTAL,,,,,,,,,,,,,
East Jaintia Hills,10.1.04A,Number of Infants (0 to 11 months old) received Pentavalent1 immunisation,TOTAL,,,,,,,,,,,,,
East Jaintia Hills,10.1.04B,Number of Infants (0 to 11 months old) received Pentavalent2 immunisation,TOTAL,,,,,,,,,,,,,
East Jaintia Hills,10.1.04C,Number of Infants (0 to 11 months old) received Pentavalent3 immunisation,TOTAL,,,,,,,,,,,,,
East Jaintia Hills,10.1.05,Number of Infants (0 to 11 months old) received OPV 0 (Birth Dose),TOTAL,,,,,,,,,,,,,
East Jaintia Hills,10.1.06,Number of Infants (0 to 11 months old) received OPV1 (First Dose),TOTAL,,,,,,,,,,,,,
East Jaintia Hills,10.1.07,Number of Infants (0 to 11 months old) received OPV2 (Second Dose),TOTAL,,,,,,,,,,,,,
East Jaintia Hills,10.1.08,Number of Infants (0 to 11 months old) received OPV3 (Third Dose),TOTAL,,,,,,,,,,,,,
East Jaintia Hills,10.1.09A,Number of Infants (upto 48 hrs of age) received Hepatitis-B0 immunisation,TOTAL,,,,,,,,,,,,,
East Jaintia Hills,10.1.09,Number of Infants (0 to 11 months old) received Hepatitis-B1 immunisation,TOTAL,,,,,,,,,,,,,
East Jaintia Hills,10.1.10,Number of Infants (0 to 11 months old) received Hepatitis-B2 immunisation,TOTAL,,,,,,,,,,,,,
East Jaintia Hills,10.1.11,Number of Infants (0 to 11 months old) received Hepatitis-B3 immunisation,TOTAL,,,,,,,,,,,,,
East Jaintia Hills,10.1.12,Number of Infants (0 to 11 months old) received Measles immunisation (First Dose),TOTAL,,,,,,,,,,,,,
East Jaintia Hills,10.1.12B,Number of Infants (more than 16 months old) received Measles immunisation (Second Dose),TOTAL,,,,,,,,,,,,,
East Jaintia Hills,10.1A,No. of Children aged 9 to 12 months who received JE 1st dose,TOTAL,,,,,,,,,,,,,
East Jaintia Hills,10.1.13.a,Total number of male children (9 to 11 months old) fully immunised (BCG+DPT123/Pentavalent123+OPV123+Measles) during the month,TOTAL,,,,,,,,,,,,,
East Jaintia Hills,10.1.13.b,Total number of female children (9 to 11 months old) fully immunised (BCG+DPT123/Pentavalent123+OPV123+Measles) during the month,TOTAL,,,,,,,,,,,,,
East Jaintia Hills,10.1.13.c,Total number of children (9 to 11 months old) fully immunised (BCG+DPT123/Pentavalent123+OPV123+Measles) during the month (sum of items 10.1.13.a and 10.1.13.b),TOTAL,,,,,,,,,,,,,
East Jaintia Hills,10.2.1,Number of Infants (more than 16 months old) received DPT Booster dose,TOTAL,,,,,,,,,,,,,
East Jaintia Hills,10.2.2,Number of Infants (more than 16 months old) received OPV Booster dose,TOTAL,,,,,,,,,,,,,
East Jaintia Hills,10.2.3,"Number of Infants (more than 16 months old) received Measles, Mumps, Rubella (MMR) Vaccination",TOTAL,,,,,,,,,,,,,
East Jaintia Hills,10.3.1.a,Total number of male children (12 to 23 months old) fully immunised (BCG+DPT123/Pentavalent123+OPV123+Measles) during the month,TOTAL,,,,,,,,,,,,,
East Jaintia Hills,10.3.1.b,Total number of female children (12 to 23 months old) fully immunised (BCG+DPT123/Pentavalent123+OPV123+Measles) during the month,TOTAL,,,,,,,,,,,,,
East Jaintia Hills,10.3.1.c,Total number of children (12 to 23 months old) fully immunised (BCG+DPT123+OPV123/Pentavalent123+Measles) during the month (sum of items 10.3.1.a and 10.3.1.b),TOTAL,,,,,,,,,,,,,
East Jaintia Hills,10.3.2,Number of children (more than 5 years old) given DT5,TOTAL,,,,,,,,,,,,,
East Jaintia Hills,10.3.3,Number of children (more than 10 years old) given TT10,TOTAL,,,,,,,,,,,,,
East Jaintia Hills,10.3.4,Number of children (more than 16 years old) given TT16,TOTAL,,,,,,,,,,,,,
East Jaintia Hills,10.3.5.a,Number of cases of Abscess reported following immunisation [Adverse Event Following Immunisation (AEFI)],TOTAL,,,,,,,,,,,,,
East Jaintia Hills,10.3.5.b,Number of cases of Death reported following immunisation [Adverse Event Following Immunisation (AEFI)],TOTAL,,,,,,,,,,,,,
East Jaintia Hills,10.3.5.c,Number of cases of other complications reported following immunisation [Adverse Event Following Immunisation (AEFI)],TOTAL,,,,,,,,,,,,,
East Jaintia Hills,10.4.1,Number of Immunisation sessions planned to be held during the month,TOTAL,,,,,,,,,,,,,
East Jaintia Hills,10.4.2,Number of Immunisation sessions held during the month,TOTAL,,,,,,,,,,,,,
East Jaintia Hills,10.4.3,Number of Immunisation sessions held during the month where ASHAs were present,TOTAL,,,,,,,,,,,,,
East Jaintia Hills,10.5.1,Number of children (more than 16 months old) received Japanese Encephalitis (JE) vaccination,TOTAL,,,,,,,,,,,,,
East Jaintia Hills,11.1.1,Number of children (9 months to 5 years old) administered 1st dose of Vitamin A (Dose-1),TOTAL,,,,,,,,,,,,,
East Jaintia Hills,11.1.2,Number of children (9 months to 5 years old) were administered 5th dose of Vitamin A (Dose-5),TOTAL,,,,,,,,,,,,,
East Jaintia Hills,11.1.3,Number of children (9 months to 5 years old) administered 9th dose of Vitamin A (Dose-9),TOTAL,,,,,,,,,,,,,
East Jaintia Hills,12.1,Number of cases of Diptheria reported in children below 5 years of age,TOTAL,,,,,,,,,,,,,
East Jaintia Hills,12.2,Number of cases of Pertusis reported in children below 5 years of age,TOTAL,,,,,,,,,,,,,
East Jaintia Hills,12.3,Number of cases of Tetanus neonatarum reported in children below 5 years of age,TOTAL,,,,,,,,,,,,,
East Jaintia Hills,12.4,Number of cases of Tetanus other than neonatarum reported in children below 5 years of age,TOTAL,,,,,,,,,,,,,
East Jaintia Hills,12.5,Number of cases of Polio reported in children below 5 years of age,TOTAL,,,,,,,,,,,,,
East Jaintia Hills,12.6,Number of cases of Measles reported in children below 5 years of age,TOTAL,,,,,,,,,,,,,
East Jaintia Hills,12.7,Number of cases of Diarrhoea and Dehydration reported in children below 5 years of age,TOTAL,,,,,,,,,,,,,
East Jaintia Hills,12.8,Number of cases of Malaria reported in children below 5 years of age,TOTAL,,,,,,,,,,,,,
East Jaintia Hills,12.9,Number of children below 5 years of age admitted with Respiratory Infections,TOTAL,,,,,,,,,,,,,
East Jaintia Hills,13.1,Number of Patients operated for cataract,TOTAL,,,,,,,,,,,,,
East Jaintia Hills,13.2,Number of Intraocular Lens(IOL) implantations,TOTAL,,,,,,,,,,,,,
East Jaintia Hills,13.3,Number of School children detected with Refractive errors,TOTAL,,,,,,,,,,,,,
East Jaintia Hills,13.4,Number of children provided free glasses,TOTAL,,,,,,,,,,,,,
East Jaintia Hills,13.5,Number of eyes collected through eye donation,TOTAL,,,,,,,,,,,,,
East Jaintia Hills,13.6,Number of eyes utilised for corneal transplant,TOTAL,,,,,,,,,,,,,
East Jaintia Hills,14.01,Number of CHC or SDH or DH functioning as First Referral units (FRUs),TOTAL,,,,,,,,,,,,,-1.0
East Jaintia Hills,14.02,Number of PHCs functioning 24X7 with atleast 3 Staff Nurses,TOTAL,,,,,,,,,,,,,-1.0
East Jaintia Hills,14.03,Number of Anganwadi centres reported to have conducted VHNDs,TOTAL,,,,,,,,,,,,,-1.0
East Jaintia Hills,14.04,Number of facilities having a Rogi Kalyan Samiti (RKS),TOTAL,,,,,,,,,,,,,-1.0
East Jaintia Hills,14.05,Number of RKS meetings held during the month,TOTAL,,,,,,,,,,,,,
East Jaintia Hills,14.06,Number of facilities having Ambulance services (Assured Referral Services),TOTAL,,,,,,,,,,,,,-1.0
East Jaintia Hills,14.07,Total Number of times the Ambulance was used for transporting patients during the month,TOTAL,,,,,,,,,,,,,
East Jaintia Hills,14.08,Number of Institutions having Operational Sick New Born and Child Care Units (SNCU),TOTAL,,,,,,,,,,,,,-1.0
East Jaintia Hills,14.09,Number of functional Laproscopes in CHC/SDH/DH,TOTAL,,,,,,,,,,,,,-1.0
East Jaintia Hills,14.10.1.a,Number of male patients admitted (Inpatients) during the month,1. Children,,,,,,,,,,,,,
East Jaintia Hills,14.10.1.a,Number of male patients admitted (Inpatients) during the month,2. Adults,,,,,,,,,,,,,
East Jaintia Hills,14.10.1.b,Number of female patients (Inpatients) admitted during the month,1. Children,,,,,,,,,,,,,
East Jaintia Hills,14.10.1.b,Number of female patients (Inpatients) admitted during the month,2. Adults,,,,,,,,,,,,,
East Jaintia Hills,14.10.1.c,Total number of patients admitted (Inpatients) during the month (sum of items 14.10.1.a and 14.10.1.b),1. Children,,,,,,,,,,,,,
East Jaintia Hills,14.10.1.c,Total number of patients admitted (Inpatients) during the month (sum of items 14.10.1.a and 14.10.1.b),2. Adults,,,,,,,,,,,,,
East Jaintia Hills,14.10.2.a,Number of death cases of Inpatient males,TOTAL,,,,,,,,,,,,,
East Jaintia Hills,14.10.2.b,Number of death cases of Inpatient females,TOTAL,,,,,,,,,,,,,
East Jaintia Hills,14.10.2.c,Number of cases of death of Inpatients (sum of items 14.10.2.a and 14.10.2.b),TOTAL,,,,,,,,,,,,,
East Jaintia Hills,14.11,In-Patient Head Count at midnight,TOTAL,,,,,,,,,,,,,
East Jaintia Hills,14.12.1,OPD attendance (All),TOTAL,,,,,,,,,,,,,
East Jaintia Hills,14.13.1,Number of major operations carried out using general or spinal anaesthesia,TOTAL,,,,,,,,,,,,,
East Jaintia Hills,14.13.1A,"Out of 14.13.1,Gynecology- Hysterectomy surgeries",TOTAL,,,,,,,,,,,,,
East Jaintia Hills,14.13.2,Number of minor operations carried out without anaesthesia or using local anaesthesia,TOTAL,,,,,,,,,,,,,
East Jaintia Hills,14.14.a,Number of patients given AYUSH treatment,TOTAL,,,,,,,,,,,,,
East Jaintia Hills,14.14.b,Number of patients on whom Dental Procedure was conducted,TOTAL,,,,,,,,,,,,,
East Jaintia Hills,14.14.c,Number of Adolescents counselled,TOTAL,,,,,,,,,,,,,
East Jaintia Hills,15.1.1.a,Number of Haemoglobin (Hb) tests conducted,TOTAL,,,,,,,,,,,,,
East Jaintia Hills,15.1.1.b,"Out of the total number of Hb tests conducted, number of cases having Hb less than 7gm/dl",TOTAL,,,,,,,,,,,,,
East Jaintia Hills,15.1.2.a,Number of HIV tests conducted on males,1. Number tested,,,,,,,,,,,,,
East Jaintia Hills,15.1.2.a,Number of HIV tests conducted on males,2. Number Positive,,,,,,,,,,,,,
East Jaintia Hills,15.1.2.b,Number of HIV tests conducted on Female-Non ANC (i.e. non pregnant females),1. Number tested,,,,,,,,,,,,,
East Jaintia Hills,15.1.2.b,Number of HIV tests conducted on Female-Non ANC (i.e. non pregnant females),2. Number Positive,,,,,,,,,,,,,
East Jaintia Hills,15.1.2.c,Number of HIV tests conducted on Female with ANC (i.e. pregnant females),1. Number tested,,,,,,,,,,,,,
East Jaintia Hills,15.1.2.c,Number of HIV tests conducted on Female with ANC (i.e. pregnant females),2. Number Positive,,,,,,,,,,,,,
East Jaintia Hills,15.1.2.d,Total number of HIV tests conducted (sum of items 15.1.2.a to 15.1.2.c),1. Number tested,,,,,,,,,,,,,
East Jaintia Hills,15.1.2.d,Total number of HIV tests conducted (sum of items 15.1.2.a to 15.1.2.c),2. Number Positive,,,,,,,,,,,,,
East Jaintia Hills,15.2,Number of Widal tests conducted,Number tested,,,,,,,,,,,,,
East Jaintia Hills,15.3.a,Number of VDRL tests conducted on males,Number tested,,,,,,,,,,,,,
East Jaintia Hills,15.3.b,Number of VDRL tests conducted on Female-Non ANC (i.e. non pregnant females),Number tested,,,,,,,,,,,,,
East Jaintia Hills,15.3.c,Number of VDRL tests conducted on Female with ANC (i.e. pregnant females),Number tested,,,,,,,,,,,,,
East Jaintia Hills,15.3.d,Total number of VDRL tests conducted (sum of items 15.3.a to 15.3.c),Number tested,,,,,,,,,,,,,
East Jaintia Hills,15.4.1,Number of blood smears examined for Malaria,TOTAL,,,,,,,,,,,,,
East Jaintia Hills,15.4.2,"Out of blood smears examined for malaria, number of blood smears tested positive for Plasmodium Vivax",TOTAL,,,,,,,,,,,,,
East Jaintia Hills,15.4.3,"Out of blood smears examined for malaria, number of blood smears tested positive for Plasmodium Falciparum",TOTAL,,,,,,,,,,,,,
East Jaintia Hills,16.1.1,Stock position of DPT vaccines,1. Balance From Previous Month,,,,,,,,,,,,,
East Jaintia Hills,16.1.1,Stock position of DPT vaccines,2. Stocks Received,,,,,,,,,,,,,
East Jaintia Hills,16.1.1,Stock position of DPT vaccines,3. Unusable Stock,,,,,,,,,,,,,
East Jaintia Hills,16.1.1,Stock position of DPT vaccines,4. Stock Distributed,,,,,,,,,,,,,
East Jaintia Hills,16.1.1,Stock position of DPT vaccines,5. Total Stock,0.0,0.0,0.0,0.0,0.0,0.0,0.0,0.0,0.0,0.0,0.0,0.0,0.0
East Jaintia Hills,16.1.1A,Stock Position of Pentavalent,1. Balance From Previous Month,,,,,,,,,,,,,
East Jaintia Hills,16.1.1A,Stock Position of Pentavalent,2. Stocks Received,,,,,,,,,,,,,
East Jaintia Hills,16.1.1A,Stock Position of Pentavalent,3. Unusable Stock,,,,,,,,,,,,,
East Jaintia Hills,16.1.1A,Stock Position of Pentavalent,4. Stock Distributed,,,,,,,,,,,,,
East Jaintia Hills,16.1.1A,Stock Position of Pentavalent,5. Total Stock,0.0,0.0,0.0,0.0,0.0,0.0,0.0,0.0,0.0,0.0,0.0,0.0,0.0
East Jaintia Hills,16.1.2,Stock position of OPV vaccines,1. Balance From Previous Month,,,,,,,,,,,,,
East Jaintia Hills,16.1.2,Stock position of OPV vaccines,2. Stocks Received,,,,,,,,,,,,,
East Jaintia Hills,16.1.2,Stock position of OPV vaccines,3. Unusable Stock,,,,,,,,,,,,,
East Jaintia Hills,16.1.2,Stock position of OPV vaccines,4. Stock Distributed,,,,,,,,,,,,,
East Jaintia Hills,16.1.2,Stock position of OPV vaccines,5. Total Stock,0.0,0.0,0.0,0.0,0.0,0.0,0.0,0.0,0.0,0.0,0.0,0.0,0.0
East Jaintia Hills,16.1.3,Stock position of TT vaccines,1. Balance From Previous Month,,,,,,,,,,,,,
East Jaintia Hills,16.1.3,Stock position of TT vaccines,2. Stocks Received,,,,,,,,,,,,,
East Jaintia Hills,16.1.3,Stock position of TT vaccines,3. Unusable Stock,,,,,,,,,,,,,
East Jaintia Hills,16.1.3,Stock position of TT vaccines,4. Stock Distributed,,,,,,,,,,,,,
East Jaintia Hills,16.1.3,Stock position of TT vaccines,5. Total Stock,0.0,0.0,0.0,0.0,0.0,0.0,0.0,0.0,0.0,0.0,0.0,0.0,0.0
East Jaintia Hills,16.1.4,Stock position of DT vaccines,1. Balance From Previous Month,,,,,,,,,,,,,
East Jaintia Hills,16.1.4,Stock position of DT vaccines,2. Stocks Received,,,,,,,,,,,,,
East Jaintia Hills,16.1.4,Stock position of DT vaccines,3. Unusable Stock,,,,,,,,,,,,,
East Jaintia Hills,16.1.4,Stock position of DT vaccines,4. Stock Distributed,,,,,,,,,,,,,
East Jaintia Hills,16.1.4,Stock position of DT vaccines,5. Total Stock,0.0,0.0,0.0,0.0,0.0,0.0,0.0,0.0,0.0,0.0,0.0,0.0,0.0
East Jaintia Hills,16.1.5,Stock position of BCG vaccines,1. Balance From Previous Month,,,,,,,,,,,,,
East Jaintia Hills,16.1.5,Stock position of BCG vaccines,2. Stocks Received,,,,,,,,,,,,,
East Jaintia Hills,16.1.5,Stock position of BCG vaccines,3. Unusable Stock,,,,,,,,,,,,,
East Jaintia Hills,16.1.5,Stock position of BCG vaccines,4. Stock Distributed,,,,,,,,,,,,,
East Jaintia Hills,16.1.5,Stock position of BCG vaccines,5. Total Stock,0.0,0.0,0.0,0.0,0.0,0.0,0.0,0.0,0.0,0.0,0.0,0.0,0.0
East Jaintia Hills,16.1.6,Stock position of Measles vaccines,1. Balance From Previous Month,,,,,,,,,,,,,
East Jaintia Hills,16.1.6,Stock position of Measles vaccines,2. Stocks Received,,,,,,,,,,,,,
East Jaintia Hills,16.1.6,Stock position of Measles vaccines,3. Unusable Stock,,,,,,,,,,,,,
East Jaintia Hills,16.1.6,Stock position of Measles vaccines,4. Stock Distributed,,,,,,,,,,,,,
East Jaintia Hills,16.1.6,Stock position of Measles vaccines,5. Total Stock,0.0,0.0,0.0,0.0,0.0,0.0,0.0,0.0,0.0,0.0,0.0,0.0,0.0
East Jaintia Hills,16.1.7,Stock position of JE vaccines,1. Balance From Previous Month,,,,,,,,,,,,,
East Jaintia Hills,16.1.7,Stock position of JE vaccines,2. Stocks Received,,,,,,,,,,,,,
East Jaintia Hills,16.1.7,Stock position of JE vaccines,3. Unusable Stock,,,,,,,,,,,,,
East Jaintia Hills,16.1.7,Stock position of JE vaccines,4. Stock Distributed,,,,,,,,,,,,,
East Jaintia Hills,16.1.7,Stock position of JE vaccines,5. Total Stock,0.0,0.0,0.0,0.0,0.0,0.0,0.0,0.0,0.0,0.0,0.0,0.0,0.0
East Jaintia Hills,16.1.8,Stock position of Hepatitis B vaccines,1. Balance From Previous Month,,,,,,,,,,,,,
East Jaintia Hills,16.1.8,Stock position of Hepatitis B vaccines,2. Stocks Received,,,,,,,,,,,,,
East Jaintia Hills,16.1.8,Stock position of Hepatitis B vaccines,3. Unusable Stock,,,,,,,,,,,,,
East Jaintia Hills,16.1.8,Stock position of Hepatitis B vaccines,4. Stock Distributed,,,,,,,,,,,,,
East Jaintia Hills,16.1.8,Stock position of Hepatitis B vaccines,5. Total Stock,0.0,0.0,0.0,0.0,0.0,0.0,0.0,0.0,0.0,0.0,0.0,0.0,0.0
East Jaintia Hills,16.2.1,Stock Position of IU 380 A (to be used for Family Planning),1. Balance From Previous Month,,,,,,,,,,,,,
East Jaintia Hills,16.2.1,Stock Position of IU 380 A (to be used for Family Planning),2. Stocks Received,,,,,,,,,,,,,
East Jaintia Hills,16.2.1,Stock Position of IU 380 A (to be used for Family Planning),3. Unusable Stock,,,,,,,,,,,,,
East Jaintia Hills,16.2.1,Stock Position of IU 380 A (to be used for Family Planning),4. Stock Distributed,,,,,,,,,,,,,
East Jaintia Hills,16.2.1,Stock Position of IU 380 A (to be used for Family Planning),5. Total Stock,0.0,0.0,0.0,0.0,0.0,0.0,0.0,0.0,0.0,0.0,0.0,0.0,0.0
East Jaintia Hills,16.2.2,Stock Position of Condoms (to be used for Family Planning),1. Balance From Previous Month,,,,,,,,,,,,,
East Jaintia Hills,16.2.2,Stock Position of Condoms (to be used for Family Planning),2. Stocks Received,,,,,,,,,,,,,
East Jaintia Hills,16.2.2,Stock Position of Condoms (to be used for Family Planning),3. Unusable Stock,,,,,,,,,,,,,
East Jaintia Hills,16.2.2,Stock Position of Condoms (to be used for Family Planning),4. Stock Distributed,,,,,,,,,,,,,
East Jaintia Hills,16.2.2,Stock Position of Condoms (to be used for Family Planning),5. Total Stock,0.0,0.0,0.0,0.0,0.0,0.0,0.0,0.0,0.0,0.0,0.0,0.0,0.0
East Jaintia Hills,16.2.3,Stock Position of Oral Contraceptive (to be used for Family Planning),1. Balance From Previous Month,,,,,,,,,,,,,
East Jaintia Hills,16.2.3,Stock Position of Oral Contraceptive (to be used for Family Planning),2. Stocks Received,,,,,,,,,,,,,
East Jaintia Hills,16.2.3,Stock Position of Oral Contraceptive (to be used for Family Planning),3. Unusable Stock,,,,,,,,,,,,,
East Jaintia Hills,16.2.3,Stock Position of Oral Contraceptive (to be used for Family Planning),4. Stock Distributed,,,,,,,,,,,,,
East Jaintia Hills,16.2.3,Stock Position of Oral Contraceptive (to be used for Family Planning),5. Total Stock,0.0,0.0,0.0,0.0,0.0,0.0,0.0,0.0,0.0,0.0,0.0,0.0,0.0
East Jaintia Hills,16.2.4,Stock Position of Emergency Contraceptive (to be used for Family Planning),1. Balance From Previous Month,,,,,,,,,,,,,
East Jaintia Hills,16.2.4,Stock Position of Emergency Contraceptive (to be used for Family Planning),2. Stocks Received,,,,,,,,,,,,,
East Jaintia Hills,16.2.4,Stock Position of Emergency Contraceptive (to be used for Family Planning),3. Unusable Stock,,,,,,,,,,,,,
East Jaintia Hills,16.2.4,Stock Position of Emergency Contraceptive (to be used for Family Planning),4. Stock Distributed,,,,,,,,,,,,,
East Jaintia Hills,16.2.4,Stock Position of Emergency Contraceptive (to be used for Family Planning),5. Total Stock,0.0,0.0,0.0,0.0,0.0,0.0,0.0,0.0,0.0,0.0,0.0,0.0,0.0
East Jaintia Hills,16.2.5,Stock Position of Tubal Rings (to be used for Family Planning),1. Balance From Previous Month,,,,,,,,,,,,,
East Jaintia Hills,16.2.5,Stock Position of Tubal Rings (to be used for Family Planning),2. Stocks Received,,,,,,,,,,,,,
East Jaintia Hills,16.2.5,Stock Position of Tubal Rings (to be used for Family Planning),3. Unusable Stock,,,,,,,,,,,,,
East Jaintia Hills,16.2.5,Stock Position of Tubal Rings (to be used for Family Planning),4. Stock Distributed,,,,,,,,,,,,,
East Jaintia Hills,16.2.5,Stock Position of Tubal Rings (to be used for Family Planning),5. Total Stock,0.0,0.0,0.0,0.0,0.0,0.0,0.0,0.0,0.0,0.0,0.0,0.0,0.0
East Jaintia Hills,16.3.01,Stock Position of Oxytocin Injection,1. Balance From Previous Month,,,,,,,,,,,,,
East Jaintia Hills,16.3.01,Stock Position of Oxytocin Injection,2. Stocks Received,,,,,,,,,,,,,
East Jaintia Hills,16.3.01,Stock Position of Oxytocin Injection,3. Unusable Stock,,,,,,,,,,,,,
East Jaintia Hills,16.3.01,Stock Position of Oxytocin Injection,4. Stock Distributed,,,,,,,,,,,,,
East Jaintia Hills,16.3.01,Stock Position of Oxytocin Injection,5. Total Stock,0.0,0.0,0.0,0.0,0.0,0.0,0.0,0.0,0.0,0.0,0.0,0.0,0.0
East Jaintia Hills,16.3.02,Stock Position of Gloves,1. Balance From Previous Month,,,,,,,,,,,,,
East Jaintia Hills,16.3.02,Stock Position of Gloves,2. Stocks Received,,,,,,,,,,,,,
East Jaintia Hills,16.3.02,Stock Position of Gloves,3. Unusable Stock,,,,,,,,,,,,,
East Jaintia Hills,16.3.02,Stock Position of Gloves,4. Stock Distributed,,,,,,,,,,,,,
East Jaintia Hills,16.3.02,Stock Position of Gloves,5. Total Stock,0.0,0.0,0.0,0.0,0.0,0.0,0.0,0.0,0.0,0.0,0.0,0.0,0.0
East Jaintia Hills,16.3.03,Stock Position of MVA Syringes,1. Balance From Previous Month,,,,,,,,,,,,,
East Jaintia Hills,16.3.03,Stock Position of MVA Syringes,2. Stocks Received,,,,,,,,,,,,,
East Jaintia Hills,16.3.03,Stock Position of MVA Syringes,3. Unusable Stock,,,,,,,,,,,,,
East Jaintia Hills,16.3.03,Stock Position of MVA Syringes,4. Stock Distributed,,,,,,,,,,,,,
East Jaintia Hills,16.3.03,Stock Position of MVA Syringes,5. Total Stock,0.0,0.0,0.0,0.0,0.0,0.0,0.0,0.0,0.0,0.0,0.0,0.0,0.0
East Jaintia Hills,16.3.04,Stock Position of Fluconazole Tablets,1. Balance From Previous Month,,,,,,,,,,,,,
East Jaintia Hills,16.3.04,Stock Position of Fluconazole Tablets,2. Stocks Received,,,,,,,,,,,,,
East Jaintia Hills,16.3.04,Stock Position of Fluconazole Tablets,3. Unusable Stock,,,,,,,,,,,,,
East Jaintia Hills,16.3.04,Stock Position of Fluconazole Tablets,4. Stock Distributed,,,,,,,,,,,,,
East Jaintia Hills,16.3.04,Stock Position of Fluconazole Tablets,5. Total Stock,0.0,0.0,0.0,0.0,0.0,0.0,0.0,0.0,0.0,0.0,0.0,0.0,0.0
East Jaintia Hills,16.3.05,Stock Position of Blood Transfusion Sets,1. Balance From Previous Month,,,,,,,,,,,,,
East Jaintia Hills,16.3.05,Stock Position of Blood Transfusion Sets,2. Stocks Received,,,,,,,,,,,,,
East Jaintia Hills,16.3.05,Stock Position of Blood Transfusion Sets,3. Unusable Stock,,,,,,,,,,,,,
East Jaintia Hills,16.3.05,Stock Position of Blood Transfusion Sets,4. Stock Distributed,,,,,,,,,,,,,
East Jaintia Hills,16.3.05,Stock Position of Blood Transfusion Sets,5. Total Stock,0.0,0.0,0.0,0.0,0.0,0.0,0.0,0.0,0.0,0.0,0.0,0.0,0.0
East Jaintia Hills,16.3.06,Stock Position of Gluteraldehyde solution of 2% concentration,1. Balance From Previous Month,,,,,,,,,,,,,
East Jaintia Hills,16.3.06,Stock Position of Gluteraldehyde solution of 2% concentration,2. Stocks Received,,,,,,,,,,,,,
East Jaintia Hills,16.3.06,Stock Position of Gluteraldehyde solution of 2% concentration,3. Unusable Stock,,,,,,,,,,,,,
East Jaintia Hills,16.3.06,Stock Position of Gluteraldehyde solution of 2% concentration,4. Stock Distributed,,,,,,,,,,,,,
East Jaintia Hills,16.3.06,Stock Position of Gluteraldehyde solution of 2% concentration,5. Total Stock,0.0,0.0,0.0,0.0,0.0,0.0,0.0,0.0,0.0,0.0,0.0,0.0,0.0
East Jaintia Hills,16.3.07,Stock Position of IFA Tablets,1. Balance From Previous Month,,,,,,,,,,,,,
East Jaintia Hills,16.3.07,Stock Position of IFA Tablets,2. Stocks Received,,,,,,,,,,,,,
East Jaintia Hills,16.3.07,Stock Position of IFA Tablets,3. Unusable Stock,,,,,,,,,,,,,
East Jaintia Hills,16.3.07,Stock Position of IFA Tablets,4. Stock Distributed,,,,,,,,,,,,,
East Jaintia Hills,16.3.07,Stock Position of IFA Tablets,5. Total Stock,0.0,0.0,0.0,0.0,0.0,0.0,0.0,0.0,0.0,0.0,0.0,0.0,0.0
East Jaintia Hills,16.3.08,Stock Position of IFA Syrup (Paediatric),1. Balance From Previous Month,,,,,,,,,,,,,
East Jaintia Hills,16.3.08,Stock Position of IFA Syrup (Paediatric),2. Stocks Received,,,,,,,,,,,,,
East Jaintia Hills,16.3.08,Stock Position of IFA Syrup (Paediatric),3. Unusable Stock,,,,,,,,,,,,,
East Jaintia Hills,16.3.08,Stock Position of IFA Syrup (Paediatric),4. Stock Distributed,,,,,,,,,,,,,
East Jaintia Hills,16.3.08,Stock Position of IFA Syrup (Paediatric),5. Total Stock,0.0,0.0,0.0,0.0,0.0,0.0,0.0,0.0,0.0,0.0,0.0,0.0,0.0
East Jaintia Hills,16.3.09,Stock Position of Paediatrics Antibiotics (Cotrimaxozole and Injectable Gentamicin),1. Balance From Previous Month,,,,,,,,,,,,,
East Jaintia Hills,16.3.09,Stock Position of Paediatrics Antibiotics (Cotrimaxozole and Injectable Gentamicin),2. Stocks Received,,,,,,,,,,,,,
East Jaintia Hills,16.3.09,Stock Position of Paediatrics Antibiotics (Cotrimaxozole and Injectable Gentamicin),3. Unusable Stock,,,,,,,,,,,,,
East Jaintia Hills,16.3.09,Stock Position of Paediatrics Antibiotics (Cotrimaxozole and Injectable Gentamicin),4. Stock Distributed,,,,,,,,,,,,,
East Jaintia Hills,16.3.09,Stock Position of Paediatrics Antibiotics (Cotrimaxozole and Injectable Gentamicin),5. Total Stock,0.0,0.0,0.0,0.0,0.0,0.0,0.0,0.0,0.0,0.0,0.0,0.0,0.0
East Jaintia Hills,16.3.10,Stock Position of Vitamin A solution,1. Balance From Previous Month,,,,,,,,,,,,,
East Jaintia Hills,16.3.10,Stock Position of Vitamin A solution,2. Stocks Received,,,,,,,,,,,,,
East Jaintia Hills,16.3.10,Stock Position of Vitamin A solution,3. Unusable Stock,,,,,,,,,,,,,
East Jaintia Hills,16.3.10,Stock Position of Vitamin A solution,4. Stock Distributed,,,,,,,,,,,,,
East Jaintia Hills,16.3.10,Stock Position of Vitamin A solution,5. Total Stock,0.0,0.0,0.0,0.0,0.0,0.0,0.0,0.0,0.0,0.0,0.0,0.0,0.0
East Jaintia Hills,16.3.11,Stock of ORS (New WHO formulation),1. Balance From Previous Month,,,,,,,,,,,,,
East Jaintia Hills,16.3.11,Stock of ORS (New WHO formulation),2. Stocks Received,,,,,,,,,,,,,
East Jaintia Hills,16.3.11,Stock of ORS (New WHO formulation),3. Unusable Stock,,,,,,,,,,,,,
East Jaintia Hills,16.3.11,Stock of ORS (New WHO formulation),4. Stock Distributed,,,,,,,,,,,,,
East Jaintia Hills,16.3.11,Stock of ORS (New WHO formulation),5. Total Stock,0.0,0.0,0.0,0.0,0.0,0.0,0.0,0.0,0.0,0.0,0.0,0.0,0.0
East Jaintia Hills,16.4.1,Stock Position of 0.1 ml Syringes(AD),1. Balance From Previous Month,,,,,,,,,,,,,
East Jaintia Hills,16.4.1,Stock Position of 0.1 ml Syringes(AD),2. Stocks Received,,,,,,,,,,,,,
East Jaintia Hills,16.4.1,Stock Position of 0.1 ml Syringes(AD),3. Unusable Stock,,,,,,,,,,,,,
East Jaintia Hills,16.4.1,Stock Position of 0.1 ml Syringes(AD),4. Stock Distributed,,,,,,,,,,,,,
East Jaintia Hills,16.4.1,Stock Position of 0.1 ml Syringes(AD),5. Total Stock,0.0,0.0,0.0,0.0,0.0,0.0,0.0,0.0,0.0,0.0,0.0,0.0,0.0
East Jaintia Hills,16.4.2,Stock Position of 0.5 ml Syringes(AD),1. Balance From Previous Month,,,,,,,,,,,,,
East Jaintia Hills,16.4.2,Stock Position of 0.5 ml Syringes(AD),2. Stocks Received,,,,,,,,,,,,,
East Jaintia Hills,16.4.2,Stock Position of 0.5 ml Syringes(AD),3. Unusable Stock,,,,,,,,,,,,,
East Jaintia Hills,16.4.2,Stock Position of 0.5 ml Syringes(AD),4. Stock Distributed,,,,,,,,,,,,,
East Jaintia Hills,16.4.2,Stock Position of 0.5 ml Syringes(AD),5. Total Stock,0.0,0.0,0.0,0.0,0.0,0.0,0.0,0.0,0.0,0.0,0.0,0.0,0.0
East Jaintia Hills,16.4.3,Stock Position of 5.0 ml Syringes(Disposable),1. Balance From Previous Month,,,,,,,,,,,,,
East Jaintia Hills,16.4.3,Stock Position of 5.0 ml Syringes(Disposable),2. Stocks Received,,,,,,,,,,,,,
East Jaintia Hills,16.4.3,Stock Position of 5.0 ml Syringes(Disposable),3. Unusable Stock,,,,,,,,,,,,,
East Jaintia Hills,16.4.3,Stock Position of 5.0 ml Syringes(Disposable),4. Stock Distributed,,,,,,,,,,,,,
East Jaintia Hills,16.4.3,Stock Position of 5.0 ml Syringes(Disposable),5. Total Stock,0.0,0.0,0.0,0.0,0.0,0.0,0.0,0.0,0.0,0.0,0.0,0.0,0.0
East Jaintia Hills,17.1,Number of cases of Infant deaths within 24 hrs of birth,TOTAL,,,,,,,,,,,,,
East Jaintia Hills,17.2.1,Number of cases of Infant deaths 24 hours to 4 weeks of birth with the probable cause being Sepsis,1. Up to 1 Weeks of Birth,,,,,,,,,,,,,
East Jaintia Hills,17.2.1,Number of cases of Infant deaths 24 hours to 4 weeks of birth with the probable cause being Sepsis,2. Between 1 week & 4 weeks of birth,,,,,,,,,,,,,
East Jaintia Hills,17.2.1,Number of cases of Infant deaths 24 hours to 4 weeks of birth with the probable cause being Sepsis,3. Total,,,,,,,,,,,,,
East Jaintia Hills,17.2.2,Number of cases of Infant deaths 24 hours to 4 weeks of birth with the probable cause being Asphyxia,1. Up to 1 Weeks of Birth,,,,,,,,,,,,,
East Jaintia Hills,17.2.2,Number of cases of Infant deaths 24 hours to 4 weeks of birth with the probable cause being Asphyxia,2. Between 1 week & 4 weeks of birth,,,,,,,,,,,,,
East Jaintia Hills,17.2.2,Number of cases of Infant deaths 24 hours to 4 weeks of birth with the probable cause being Asphyxia,3. Total,,,,,,,,,,,,,
East Jaintia Hills,17.2.3,Number of cases of Infant deaths 24 hours to 4 weeks of birth with the probable cause being LBW,1. Up to 1 Weeks of Birth,,,,,,,,,,,,,
East Jaintia Hills,17.2.3,Number of cases of Infant deaths 24 hours to 4 weeks of birth with the probable cause being LBW,2. Between 1 week & 4 weeks of birth,,,,,,,,,,,,,
East Jaintia Hills,17.2.3,Number of cases of Infant deaths 24 hours to 4 weeks of birth with the probable cause being LBW,3. Total,,,,,,,,,,,,,
East Jaintia Hills,17.2.4,"Number of cases of Infant deaths 24 hours to 4 weeks of birth with the probable cause being other than Sepsis, Asphyxia and LBW",1. Up to 1 Weeks of Birth,,,,,,,,,,,,,
East Jaintia Hills,17.2.4,"Number of cases of Infant deaths 24 hours to 4 weeks of birth with the probable cause being other than Sepsis, Asphyxia and LBW",2. Between 1 week & 4 weeks of birth,,,,,,,,,,,,,
East Jaintia Hills,17.2.4,"Number of cases of Infant deaths 24 hours to 4 weeks of birth with the probable cause being other than Sepsis, Asphyxia and LBW",3. Total,,,,,,,,,,,,,
East Jaintia Hills,17.3.1,Number of cases of Infant or Child deaths between 1 month to 5 years of age with the probable cause being Pneumonia,1. Between 1 month and 11 months,,,,,,,,,,,,,
East Jaintia Hills,17.3.1,Number of cases of Infant or Child deaths between 1 month to 5 years of age with the probable cause being Pneumonia,2. Between 1 year & 5 years,,,,,,,,,,,,,
East Jaintia Hills,17.3.1,Number of cases of Infant or Child deaths between 1 month to 5 years of age with the probable cause being Pneumonia,3. Total,,,,,,,,,,,,,
East Jaintia Hills,17.3.2,Number of cases of Infant or Child deaths between 1 month to 5 years of age with the probable cause being Diarrhoea,1. Between 1 month and 11 months,,,,,,,,,,,,,
East Jaintia Hills,17.3.2,Number of cases of Infant or Child deaths between 1 month to 5 years of age with the probable cause being Diarrhoea,2. Between 1 year & 5 years,,,,,,,,,,,,,
East Jaintia Hills,17.3.2,Number of cases of Infant or Child deaths between 1 month to 5 years of age with the probable cause being Diarrhoea,3. Total,,,,,,,,,,,,,
East Jaintia Hills,17.3.3,Number of cases of Infant or Child deaths between 1 month to 5 years of age with the probable cause being Fever related,1. Between 1 month and 11 months,,,,,,,,,,,,,
East Jaintia Hills,17.3.3,Number of cases of Infant or Child deaths between 1 month to 5 years of age with the probable cause being Fever related,2. Between 1 year & 5 years,,,,,,,,,,,,,
East Jaintia Hills,17.3.3,Number of cases of Infant or Child deaths between 1 month to 5 years of age with the probable cause being Fever related,3. Total,,,,,,,,,,,,,
East Jaintia Hills,17.3.4,Number of cases of Infant or Child deaths between 1 month to 5 years of age with the probable cause being Measles,1. Between 1 month and 11 months,,,,,,,,,,,,,
East Jaintia Hills,17.3.4,Number of cases of Infant or Child deaths between 1 month to 5 years of age with the probable cause being Measles,2. Between 1 year & 5 years,,,,,,,,,,,,,
East Jaintia Hills,17.3.4,Number of cases of Infant or Child deaths between 1 month to 5 years of age with the probable cause being Measles,3. Total,,,,,,,,,,,,,
East Jaintia Hills,17.3.5,"Number of cases of Infant or Child deaths between 1 month to 5 years of age with the probable cause being other than Pneumonia, Diarrhoea, Fever related and Measles",1. Between 1 month and 11 months,,,,,,,,,,,,,
East Jaintia Hills,17.3.5,"Number of cases of Infant or Child deaths between 1 month to 5 years of age with the probable cause being other than Pneumonia, Diarrhoea, Fever related and Measles",2. Between 1 year & 5 years,,,,,,,,,,,,,
East Jaintia Hills,17.3.5,"Number of cases of Infant or Child deaths between 1 month to 5 years of age with the probable cause being other than Pneumonia, Diarrhoea, Fever related and Measles",3. Total,,,,,,,,,,,,,
East Jaintia Hills,17.4.1,Number of cases of Adolescent or Adult deaths (age 6 years & above) with the probable cause being Diarrhoeal diseases,1. 6-14 yrs,,,,,,,,,,,,,
East Jaintia Hills,17.4.1,Number of cases of Adolescent or Adult deaths (age 6 years & above) with the probable cause being Diarrhoeal diseases,2. 15-55 yrs.,,,,,,,,,,,,,
East Jaintia Hills,17.4.1,Number of cases of Adolescent or Adult deaths (age 6 years & above) with the probable cause being Diarrhoeal diseases,3. Above 55 yrs.,,,,,,,,,,,,,
East Jaintia Hills,17.4.1,Number of cases of Adolescent or Adult deaths (age 6 years & above) with the probable cause being Diarrhoeal diseases,4. Total,,,,,,,,,,,,,
East Jaintia Hills,17.4.2,Number of cases of Adolescent or Adult deaths (age 6 years & above) with the probable cause being Tuberculosis,1. 6-14 yrs,,,,,,,,,,,,,
East Jaintia Hills,17.4.2,Number of cases of Adolescent or Adult deaths (age 6 years & above) with the probable cause being Tuberculosis,2. 15-55 yrs.,,,,,,,,,,,,,
East Jaintia Hills,17.4.2,Number of cases of Adolescent or Adult deaths (age 6 years & above) with the probable cause being Tuberculosis,3. Above 55 yrs.,,,,,,,,,,,,,
East Jaintia Hills,17.4.2,Number of cases of Adolescent or Adult deaths (age 6 years & above) with the probable cause being Tuberculosis,4. Total,,,,,,,,,,,,,
East Jaintia Hills,17.4.3,Number of cases of Adolescent or Adult deaths (age 6 years & above) with the probable cause being Respiratory diseases including infections,1. 6-14 yrs,,,,,,,,,,,,,
East Jaintia Hills,17.4.3,Number of cases of Adolescent or Adult deaths (age 6 years & above) with the probable cause being Respiratory diseases including infections,2. 15-55 yrs.,,,,,,,,,,,,,
East Jaintia Hills,17.4.3,Number of cases of Adolescent or Adult deaths (age 6 years & above) with the probable cause being Respiratory diseases including infections,3. Above 55 yrs.,,,,,,,,,,,,,
East Jaintia Hills,17.4.3,Number of cases of Adolescent or Adult deaths (age 6 years & above) with the probable cause being Respiratory diseases including infections,4. Total,,,,,,,,,,,,,
East Jaintia Hills,17.4.4,Number of cases of Adolescent or Adult deaths (age 6 years & above) with the probable cause being Malaria,1. 6-14 yrs,,,,,,,,,,,,,
East Jaintia Hills,17.4.4,Number of cases of Adolescent or Adult deaths (age 6 years & above) with the probable cause being Malaria,2. 15-55 yrs.,,,,,,,,,,,,,
East Jaintia Hills,17.4.4,Number of cases of Adolescent or Adult deaths (age 6 years & above) with the probable cause being Malaria,3. Above 55 yrs.,,,,,,,,,,,,,
East Jaintia Hills,17.4.4,Number of cases of Adolescent or Adult deaths (age 6 years & above) with the probable cause being Malaria,4. Total,,,,,,,,,,,,,
East Jaintia Hills,17.4.5,Number of cases of Adolescent or Adult deaths (age 6 years & above) with the probable cause being other Fever related,1. 6-14 yrs,,,,,,,,,,,,,
East Jaintia Hills,17.4.5,Number of cases of Adolescent or Adult deaths (age 6 years & above) with the probable cause being other Fever related,2. 15-55 yrs.,,,,,,,,,,,,,
East Jaintia Hills,17.4.5,Number of cases of Adolescent or Adult deaths (age 6 years & above) with the probable cause being other Fever related,3. Above 55 yrs.,,,,,,,,,,,,,
East Jaintia Hills,17.4.5,Number of cases of Adolescent or Adult deaths (age 6 years & above) with the probable cause being other Fever related,4. Total,,,,,,,,,,,,,
East Jaintia Hills,17.4.6,Number of cases of Adolescent or Adult deaths (age 6 years & above) with the probable cause being HIV/AIDS,1. 6-14 yrs,,,,,,,,,,,,,
East Jaintia Hills,17.4.6,Number of cases of Adolescent or Adult deaths (age 6 years & above) with the probable cause being HIV/AIDS,2. 15-55 yrs.,,,,,,,,,,,,,
East Jaintia Hills,17.4.6,Number of cases of Adolescent or Adult deaths (age 6 years & above) with the probable cause being HIV/AIDS,3. Above 55 yrs.,,,,,,,,,,,,,
East Jaintia Hills,17.4.6,Number of cases of Adolescent or Adult deaths (age 6 years & above) with the probable cause being HIV/AIDS,4. Total,,,,,,,,,,,,,
East Jaintia Hills,17.4.7,Number of cases of Adolescent or Adult deaths (age 6 years & above) with the probable cause being Heart disease or related to Hypertension,1. 6-14 yrs,,,,,,,,,,,,,
East Jaintia Hills,17.4.7,Number of cases of Adolescent or Adult deaths (age 6 years & above) with the probable cause being Heart disease or related to Hypertension,2. 15-55 yrs.,,,,,,,,,,,,,
East Jaintia Hills,17.4.7,Number of cases of Adolescent or Adult deaths (age 6 years & above) with the probable cause being Heart disease or related to Hypertension,3. Above 55 yrs.,,,,,,,,,,,,,
East Jaintia Hills,17.4.7,Number of cases of Adolescent or Adult deaths (age 6 years & above) with the probable cause being Heart disease or related to Hypertension,4. Total,,,,,,,,,,,,,
East Jaintia Hills,17.4.8,Number of cases of Adolescent or Adult deaths (age 6 years & above) with the probable cause being Neurological disease including strokes,1. 6-14 yrs,,,,,,,,,,,,,
East Jaintia Hills,17.4.8,Number of cases of Adolescent or Adult deaths (age 6 years & above) with the probable cause being Neurological disease including strokes,2. 15-55 yrs.,,,,,,,,,,,,,
East Jaintia Hills,17.4.8,Number of cases of Adolescent or Adult deaths (age 6 years & above) with the probable cause being Neurological disease including strokes,3. Above 55 yrs.,,,,,,,,,,,,,
East Jaintia Hills,17.4.8,Number of cases of Adolescent or Adult deaths (age 6 years & above) with the probable cause being Neurological disease including strokes,4. Total,,,,,,,,,,,,,
East Jaintia Hills,17.4.9(a),Number of cases of Maternal deaths (age 15-49 years) with the probable cause being Abortion,1. 6-14 yrs,,,,,,,,,,,,,
East Jaintia Hills,17.4.9(a),Number of cases of Maternal deaths (age 15-49 years) with the probable cause being Abortion,2. 15-49 yrs,,,,,,,,,,,,,
East Jaintia Hills,17.4.9(a),Number of cases of Maternal deaths (age 15-49 years) with the probable cause being Abortion,3. Above 49 yrs.,,,,,,,,,,,,,
East Jaintia Hills,17.4.9(a),Number of cases of Maternal deaths (age 15-49 years) with the probable cause being Abortion,4. Total,,,,,,,,,,,,,
East Jaintia Hills,17.4.9(b),Number of cases of Maternal deaths (age 15-49 years) with the probable cause being Obstructed or prolonged labour,1. 6-14 yrs,,,,,,,,,,,,,
East Jaintia Hills,17.4.9(b),Number of cases of Maternal deaths (age 15-49 years) with the probable cause being Obstructed or prolonged labour,2. 15-49 yrs,,,,,,,,,,,,,
East Jaintia Hills,17.4.9(b),Number of cases of Maternal deaths (age 15-49 years) with the probable cause being Obstructed or prolonged labour,3. Above 49 yrs.,,,,,,,,,,,,,
East Jaintia Hills,17.4.9(b),Number of cases of Maternal deaths (age 15-49 years) with the probable cause being Obstructed or prolonged labour,4. Total,,,,,,,,,,,,,
East Jaintia Hills,17.4.9(c),Number of cases of Maternal deaths (age 15-49 years) with the probable cause being Severe hypertesnion or fits,1. 6-14 yrs,,,,,,,,,,,,,
East Jaintia Hills,17.4.9(c),Number of cases of Maternal deaths (age 15-49 years) with the probable cause being Severe hypertesnion or fits,2. 15-49 yrs,,,,,,,,,,,,,
East Jaintia Hills,17.4.9(c),Number of cases of Maternal deaths (age 15-49 years) with the probable cause being Severe hypertesnion or fits,3. Above 49 yrs.,,,,,,,,,,,,,
East Jaintia Hills,17.4.9(c),Number of cases of Maternal deaths (age 15-49 years) with the probable cause being Severe hypertesnion or fits,4. Total,,,,,,,,,,,,,
East Jaintia Hills,17.4.9(d),Number of cases of Maternal deaths (age 15-49 years) with the probable cause being Bleeding,1. 6-14 yrs,,,,,,,,,,,,,
East Jaintia Hills,17.4.9(d),Number of cases of Maternal deaths (age 15-49 years) with the probable cause being Bleeding,2. 15-49 yrs,,,,,,,,,,,,,
East Jaintia Hills,17.4.9(d),Number of cases of Maternal deaths (age 15-49 years) with the probable cause being Bleeding,3. Above 49 yrs.,,,,,,,,,,,,,
East Jaintia Hills,17.4.9(d),Number of cases of Maternal deaths (age 15-49 years) with the probable cause being Bleeding,4. Total,,,,,,,,,,,,,
East Jaintia Hills,17.4.9(e),Number of cases of Maternal deaths (age 15-49 years) with the probable cause being High Fever,1. 6-14 yrs,,,,,,,,,,,,,
East Jaintia Hills,17.4.9(e),Number of cases of Maternal deaths (age 15-49 years) with the probable cause being High Fever,2. 15-49 yrs,,,,,,,,,,,,,
East Jaintia Hills,17.4.9(e),Number of cases of Maternal deaths (age 15-49 years) with the probable cause being High Fever,3. Above 49 yrs.,,,,,,,,,,,,,
East Jaintia Hills,17.4.9(e),Number of cases of Maternal deaths (age 15-49 years) with the probable cause being High Fever,4. Total,,,,,,,,,,,,,
East Jaintia Hills,17.4.9(f),Number of cases of Maternal deaths (age 15-49 years) with the probable cause being other causes (excluding abortion; obstructed or prolonged labour; severe hypertension or fits;,1. 6-14 yrs,,,,,,,,,,,,,
East Jaintia Hills,17.4.9(f),Number of cases of Maternal deaths (age 15-49 years) with the probable cause being other causes (excluding abortion; obstructed or prolonged labour; severe hypertension or fits;,2. 15-49 yrs,,,,,,,,,,,,,
East Jaintia Hills,17.4.9(f),Number of cases of Maternal deaths (age 15-49 years) with the probable cause being other causes (excluding abortion; obstructed or prolonged labour; severe hypertension or fits;,3. Above 49 yrs.,,,,,,,,,,,,,
East Jaintia Hills,17.4.9(f),Number of cases of Maternal deaths (age 15-49 years) with the probable cause being other causes (excluding abortion; obstructed or prolonged labour; severe hypertension or fits;,4. Total,,,,,,,,,,,,,
East Jaintia Hills,17.4.10,Number of cases of Adolescent or Adult deaths (age 6 years & above) with the probable cause being Trauma or Accidents or Burn cases,1. 6-14 yrs,,,,,,,,,,,,,
East Jaintia Hills,17.4.10,Number of cases of Adolescent or Adult deaths (age 6 years & above) with the probable cause being Trauma or Accidents or Burn cases,2. 15-55 yrs.,,,,,,,,,,,,,
East Jaintia Hills,17.4.10,Number of cases of Adolescent or Adult deaths (age 6 years & above) with the probable cause being Trauma or Accidents or Burn cases,3. Above 55 yrs.,,,,,,,,,,,,,
East Jaintia Hills,17.4.10,Number of cases of Adolescent or Adult deaths (age 6 years & above) with the probable cause being Trauma or Accidents or Burn cases,4. Total,,,,,,,,,,,,,
East Jaintia Hills,17.4.11,Number of cases of Adolescent or Adult deaths (age 6 years & above) with the probable cause being suicide,1. 6-14 yrs,,,,,,,,,,,,,
East Jaintia Hills,17.4.11,Number of cases of Adolescent or Adult deaths (age 6 years & above) with the probable cause being suicide,2. 15-55 yrs.,,,,,,,,,,,,,
East Jaintia Hills,17.4.11,Number of cases of Adolescent or Adult deaths (age 6 years & above) with the probable cause being suicide,3. Above 55 yrs.,,,,,,,,,,,,,
East Jaintia Hills,17.4.11,Number of cases of Adolescent or Adult deaths (age 6 years & above) with the probable cause being suicide,4. Total,,,,,,,,,,,,,
East Jaintia Hills,17.4.12,Number of cases of Adolescent or Adult deaths (age 6 years & above) with the probable cause being Animal bites and stings,1. 6-14 yrs,,,,,,,,,,,,,
East Jaintia Hills,17.4.12,Number of cases of Adolescent or Adult deaths (age 6 years & above) with the probable cause being Animal bites and stings,2. 15-55 yrs.,,,,,,,,,,,,,
East Jaintia Hills,17.4.12,Number of cases of Adolescent or Adult deaths (age 6 years & above) with the probable cause being Animal bites and stings,3. Above 55 yrs.,,,,,,,,,,,,,
East Jaintia Hills,17.4.12,Number of cases of Adolescent or Adult deaths (age 6 years & above) with the probable cause being Animal bites and stings,4. Total,,,,,,,,,,,,,
East Jaintia Hills,17.4.13(a),Number of cases of Adolescent or Adult deaths (age 6 years & above) with the probable cause being Known Acute disease,1. 6-14 yrs,,,,,,,,,,,,,
East Jaintia Hills,17.4.13(a),Number of cases of Adolescent or Adult deaths (age 6 years & above) with the probable cause being Known Acute disease,2. 15-55 yrs.,,,,,,,,,,,,,
East Jaintia Hills,17.4.13(a),Number of cases of Adolescent or Adult deaths (age 6 years & above) with the probable cause being Known Acute disease,3. Above 55 yrs.,,,,,,,,,,,,,
East Jaintia Hills,17.4.13(a),Number of cases of Adolescent or Adult deaths (age 6 years & above) with the probable cause being Known Acute disease,4. Total,,,,,,,,,,,,,
East Jaintia Hills,17.4.13(b),Number of cases of Adolescent or Adult deaths (age 6 years & above) with the probable cause being Known Chronic disease,1. 6-14 yrs,,,,,,,,,,,,,
East Jaintia Hills,17.4.13(b),Number of cases of Adolescent or Adult deaths (age 6 years & above) with the probable cause being Known Chronic disease,2. 15-55 yrs.,,,,,,,,,,,,,
East Jaintia Hills,17.4.13(b),Number of cases of Adolescent or Adult deaths (age 6 years & above) with the probable cause being Known Chronic disease,3. Above 55 yrs.,,,,,,,,,,,,,
East Jaintia Hills,17.4.13(b),Number of cases of Adolescent or Adult deaths (age 6 years & above) with the probable cause being Known Chronic disease,4. Total,,,,,,,,,,,,,
East Jaintia Hills,17.4.13(c),Number of cases of Adolescent or Adult deaths (age 6 years & above) where the cause was not known,1. 6-14 yrs,,,,,,,,,,,,,
East Jaintia Hills,17.4.13(c),Number of cases of Adolescent or Adult deaths (age 6 years & above) where the cause was not known,2. 15-55 yrs.,,,,,,,,,,,,,
East Jaintia Hills,17.4.13(c),Number of cases of Adolescent or Adult deaths (age 6 years & above) where the cause was not known,3. Above 55 yrs.,,,,,,,,,,,,,
East Jaintia Hills,17.4.13(c),Number of cases of Adolescent or Adult deaths (age 6 years & above) where the cause was not known,4. Total,,,,,,,,,,,,,
East Khasi Hills,1.1,Total number of pregnant women Registered for ANC,TOTAL,4440.0,4901.0,4349.0,4805.0,4809.0,5014.0,4988.0,4526.0,3719.0,4508.0,4137.0,5159.0,55355.0
East Khasi Hills,1.1.1,Of which Number registered within first trimester (within 12 weeks),TOTAL,1017.0,1602.0,1201.0,1361.0,1495.0,1573.0,1693.0,1573.0,1413.0,1708.0,1615.0,1682.0,17933.0
East Khasi Hills,1.2,Number of Pregnant women registered under JSY,TOTAL,1009.0,629.0,711.0,816.0,796.0,1099.0,960.0,1042.0,843.0,980.0,1295.0,1494.0,11674.0
East Khasi Hills,1.3,Number of pregnant women received 3 ANC check ups during pregnancy,TOTAL,2019.0,2029.0,2340.0,2891.0,2830.0,2751.0,2771.0,1944.0,2553.0,2247.0,2105.0,2380.0,28860.0
East Khasi Hills,1.4.1,Number of pregnant women given TT1 during current pregnancy,TOTAL,1055.0,1185.0,942.0,1022.0,899.0,985.0,915.0,1007.0,750.0,902.0,831.0,1003.0,11496.0
East Khasi Hills,1.4.2,Number of pregnant women given TT2 or Booster during current pregnancy,TOTAL,1224.0,1606.0,1440.0,1466.0,1337.0,1418.0,1357.0,1363.0,1184.0,1309.0,1229.0,1432.0,16365.0
East Khasi Hills,1.5,Total number of pregnant women given 100 IFA tablets,TOTAL,2246.0,2161.0,2223.0,2499.0,2194.0,2099.0,2090.0,1682.0,1657.0,1809.0,1644.0,1710.0,24014.0
East Khasi Hills,1.6.1,Number of new cases of Hypertension (BP>140/90) detected in Pregnant women at the institution,TOTAL,107.0,57.0,21.0,24.0,37.0,180.0,111.0,177.0,147.0,215.0,204.0,107.0,1387.0
East Khasi Hills,1.6.2,Number of Eclampsia cases managed during delivery,TOTAL,5.0,12.0,6.0,1.0,3.0,3.0,1.0,2.0,2.0,13.0,9.0,10.0,67.0
East Khasi Hills,1.7.1,Number of Pregnant women with anaemia i.e. Hb level<11 (tested cases),TOTAL,1069.0,1583.0,1142.0,1321.0,1120.0,1203.0,1220.0,1036.0,944.0,1172.0,1076.0,1305.0,14191.0
East Khasi Hills,1.7.2,Number of Pregnant women having severe anaemia (Hb<7) treated at institution,TOTAL,82.0,70.0,42.0,61.0,105.0,65.0,163.0,36.0,128.0,93.0,88.0,103.0,1036.0
East Khasi Hills,1.8,Number of pregnancy test kits used at SC level,TOTAL,,,,,,,,0.0,0.0,0.0,17.0,45.0,62.0
East Khasi Hills,2.1.1.a,Number of deliveries conducted at Home and attended by trained SBA(i.e. Doctor or Nurse or ANM),TOTAL,19.0,26.0,21.0,28.0,22.0,22.0,39.0,21.0,34.0,39.0,27.0,40.0,338.0
East Khasi Hills,2.1.1.b,Number of deliveries conducted at Home and attended by non trained SBA (i.e. trained TBA or Relatives etc.),TOTAL,513.0,497.0,493.0,542.0,629.0,560.0,488.0,535.0,460.0,659.0,516.0,623.0,6515.0
East Khasi Hills,2.1.1.c,Total number of deliveries conducted at Home and attended by trained or non-trained SBA (i.e. sum of 2.1.1.a and 2.1.1.b),TOTAL,532.0,523.0,514.0,570.0,651.0,582.0,527.0,556.0,494.0,698.0,543.0,663.0,6853.0
East Khasi Hills,2.1.2,Number of newborns visited within 24 hours of delivery for deliveries conducted at home,TOTAL,186.0,174.0,187.0,160.0,251.0,212.0,175.0,168.0,145.0,232.0,191.0,253.0,2334.0
East Khasi Hills,2.1.3,Number of mothers paid JSY incentive for deliveries conducted at home,TOTAL,38.0,70.0,64.0,92.0,68.0,81.0,40.0,35.0,28.0,41.0,39.0,45.0,641.0
East Khasi Hills,2.2,Deliveries conducted at Public Institutions (Including C-Sections),TOTAL,1103.0,1104.0,1030.0,1141.0,1190.0,1323.0,1252.0,1197.0,1222.0,1216.0,1104.0,1258.0,14140.0
East Khasi Hills,2.2.1,"Out of 2.2, Number discharged under 48 hours of delivery",TOTAL,388.0,414.0,444.0,435.0,345.0,523.0,400.0,308.0,374.0,320.0,298.0,407.0,4656.0
East Khasi Hills,2.2.2.a,Number of mothers paid JSY Incentive for deliveries conducted at Public Institutions,TOTAL,474.0,454.0,340.0,534.0,551.0,442.0,351.0,435.0,399.0,416.0,426.0,487.0,5309.0
East Khasi Hills,2.2.2.b,Number of ASHAs paid JSY Incentive for deliveries conducted at Public Institutions,TOTAL,38.0,46.0,64.0,123.0,130.0,98.0,136.0,164.0,97.0,126.0,72.0,308.0,1402.0
East Khasi Hills,2.2.2.c,Number of cases of deliveries conducted at Public Institutions where JSY incentive was paid to ANMs or AWWs [only for High Performing States (HPS)],TOTAL,0.0,0.0,0.0,0.0,0.0,0.0,0.0,0.0,0.0,0.0,0.0,0.0,0.0
East Khasi Hills,2.3,Deliveries conducted at Private Institutions (Including C-Sections),TOTAL,563.0,554.0,474.0,577.0,637.0,610.0,643.0,617.0,627.0,634.0,537.0,602.0,7075.0
East Khasi Hills,2.3.1.a,Number of mothers paid JSY Incentive for deliveries conducted at accredited Private Institutions,TOTAL,0.0,0.0,0.0,0.0,0.0,0.0,208.0,187.0,187.0,0.0,0.0,316.0,898.0
East Khasi Hills,2.3.1.b,Number of ASHAs paid JSY Incentive for deliveries conducted at accredited Private Institutions,TOTAL,0.0,0.0,0.0,0.0,0.0,0.0,0.0,,,,,,0.0
East Khasi Hills,2.3.1.c,Number of cases of deliveries conducted at accredited Private Institutions where JSY incentive was paid to ANMs or AWWs [only for High Performing States (HPS)],TOTAL,,,,,,,,,,,,,
East Khasi Hills,3.1.1,Number of Caesarean (C-Section) deliveries performed at PHCs (Primary Health Centre),TOTAL,0.0,0.0,0.0,0.0,0.0,0.0,0.0,0.0,0.0,0.0,0.0,0.0,0.0
East Khasi Hills,3.1.2,Number of Caesarean (C-Section) deliveries performed at CHCs (Community Health Centre),TOTAL,0.0,0.0,0.0,0.0,0.0,0.0,0.0,0.0,0.0,0.0,0.0,0.0,0.0
East Khasi Hills,3.1.3,Number of Caesarean (C-Section) deliveries performed at SDHs (Sub-divisional Hospital) or DHs (District Hospital),TOTAL,196.0,189.0,182.0,193.0,191.0,212.0,239.0,202.0,216.0,221.0,164.0,193.0,2398.0
East Khasi Hills,3.1.4,Number of Caesarean (C-Section) deliveries performed at other State owned public institutions,TOTAL,,,,,,,,,,,,,
East Khasi Hills,3.1.5,"Total Number of Caesarean (C-Section) deliveries performed at Public facilities i.e. PHC, CHC, SDH, DH and other State owned public institutions (sum of items from 3.1.1 to 3.1.4)",TOTAL,196.0,189.0,182.0,193.0,191.0,212.0,239.0,202.0,216.0,221.0,164.0,193.0,2398.0
East Khasi Hills,3.2,No. of C-section deliveries performed at Private facilities,TOTAL,202.0,198.0,184.0,234.0,222.0,245.0,241.0,255.0,235.0,230.0,212.0,234.0,2692.0
East Khasi Hills,4.1.1.a,Number of male live births,TOTAL,1104.0,1078.0,1032.0,1199.0,1249.0,1266.0,1180.0,1221.0,1185.0,1274.0,1114.0,1253.0,14155.0
East Khasi Hills,4.1.1.b,Number of female live births,TOTAL,1048.0,1054.0,934.0,1032.0,1155.0,1186.0,1168.0,1066.0,1096.0,1204.0,1009.0,1201.0,13153.0
East Khasi Hills,4.1.1.c,Total number of male and female live births (4.1.1.a and 4.1.1.b),TOTAL,2152.0,2132.0,1966.0,2231.0,2404.0,2452.0,2348.0,2287.0,2281.0,2478.0,2123.0,2454.0,27308.0
East Khasi Hills,4.1.2,Number of still births,TOTAL,48.0,53.0,57.0,60.0,76.0,64.0,77.0,85.0,57.0,66.0,54.0,62.0,759.0
East Khasi Hills,4.1.3,Number of Abortions (spontaneous or induced),TOTAL,233.0,247.0,69.0,95.0,84.0,207.0,179.0,176.0,169.0,166.0,162.0,240.0,2027.0
East Khasi Hills,4.2.1,Number of Newborns weighed at birth,TOTAL,1837.0,1934.0,1729.0,1968.0,2138.0,2172.0,2081.0,1996.0,2066.0,2128.0,1863.0,2181.0,24093.0
East Khasi Hills,4.2.2,Number of Newborns having weight less than 2.5 kg,TOTAL,225.0,243.0,298.0,273.0,291.0,246.0,266.0,264.0,245.0,313.0,218.0,239.0,3121.0
East Khasi Hills,4.3,Number of Newborns breast fed within 1 hour of birth,TOTAL,1555.0,997.0,896.0,1061.0,1196.0,1991.0,1797.0,1823.0,1714.0,2050.0,1734.0,1983.0,18797.0
East Khasi Hills,5.1.1,Number of cases of pregnant women with Obstetric Complications and attended at PHCs,TOTAL,11.0,8.0,16.0,24.0,12.0,29.0,24.0,17.0,12.0,18.0,15.0,26.0,212.0
East Khasi Hills,5.1.2,Number of cases of pregnant women with Obstetric Complications and attended at CHCs,TOTAL,0.0,3.0,3.0,0.0,8.0,7.0,5.0,4.0,1.0,9.0,3.0,3.0,46.0
East Khasi Hills,5.1.3,Number of cases of pregnant women with Obstetric Complications and attended at SDHs or DHs,TOTAL,334.0,88.0,21.0,52.0,46.0,37.0,21.0,26.0,18.0,34.0,28.0,33.0,738.0
East Khasi Hills,5.1.4,Number of cases of pregnant women with Obstetric Complications and attended at other State owned public institutions,TOTAL,,,,,,,,,,,,,
East Khasi Hills,5.1.5,"Number of cases of pregnant women with Obstetric Complications and attended at Public facilities i.e. PHC, CHC, SDH, DH and other State owned public institutions (sum of items from 5.1.1 to 5.1.4)",TOTAL,345.0,99.0,40.0,76.0,66.0,73.0,50.0,47.0,31.0,61.0,46.0,62.0,996.0
East Khasi Hills,5.2,Number of cases of pregnant women with Obstetric Complications and attended at Private facilities,TOTAL,71.0,99.0,20.0,14.0,11.0,19.0,9.0,12.0,39.0,12.0,11.0,12.0,329.0
East Khasi Hills,5.3.1,Number of cases of complicated pregnancies treated with IV antibiotics,TOTAL,405.0,192.0,50.0,68.0,62.0,62.0,28.0,36.0,37.0,41.0,36.0,38.0,1055.0
East Khasi Hills,5.3.2,Number of cases of complicated pregnancies treated with IV Antihypertensive/Magsulph injection,TOTAL,2.0,7.0,7.0,3.0,2.0,39.0,5.0,9.0,24.0,23.0,7.0,29.0,157.0
East Khasi Hills,5.3.3,Number of cases of complicated pregnancies treated with IV Oxytocis,TOTAL,229.0,146.0,30.0,59.0,52.0,25.0,10.0,23.0,17.0,40.0,40.0,25.0,696.0
East Khasi Hills,5.3.4,Number of cases of complicated pregnancies treated with Blood Transfusion,TOTAL,15.0,16.0,14.0,9.0,22.0,19.0,14.0,17.0,12.0,24.0,19.0,21.0,202.0
East Khasi Hills,6.1,Women getting post partum check-up within 48 hours after delivery,TOTAL,1251.0,1322.0,503.0,1420.0,1612.0,1544.0,1554.0,1251.0,1293.0,1373.0,1399.0,1670.0,16192.0
East Khasi Hills,6.2,Women getting a post partum check up between 48 hours and 14 days after delivery,TOTAL,671.0,707.0,870.0,671.0,772.0,747.0,634.0,618.0,648.0,823.0,785.0,783.0,8729.0
East Khasi Hills,6.3,PNC maternal complications attended,TOTAL,136.0,118.0,1.0,116.0,184.0,154.0,17.0,169.0,139.0,154.0,273.0,157.0,1618.0
East Khasi Hills,7.1.1,Number of MTPs conducted at Public Institutions up to 12 weeks of pregnancy,TOTAL,17.0,41.0,28.0,26.0,19.0,31.0,31.0,24.0,17.0,23.0,34.0,31.0,322.0
East Khasi Hills,7.1.2,Number of MTPs conducted at Public Institutions for more than 12 weeks of pregnancy,TOTAL,0.0,6.0,0.0,1.0,14.0,0.0,0.0,1.0,0.0,6.0,0.0,1.0,29.0
East Khasi Hills,7.1.3,Total number of MTPs conducted at Public Institutions (sum of items 7.1.1 and 7.1.2),TOTAL,17.0,47.0,28.0,27.0,33.0,31.0,31.0,25.0,17.0,29.0,34.0,32.0,351.0
East Khasi Hills,7.2,Number of MTPs conducted at Private Facilities,TOTAL,0.0,0.0,0.0,0.0,0.0,0.0,0.0,0.0,0.0,0.0,0.0,0.0,0.0
East Khasi Hills,8.1.a,Number of new cases of RTI/STI in males for which treatment was initiated,TOTAL,44.0,39.0,112.0,58.0,46.0,51.0,42.0,72.0,26.0,30.0,31.0,44.0,595.0
East Khasi Hills,8.1.b,Number of new cases of RTI/STI in females for which treatment was initiated,TOTAL,376.0,334.0,443.0,289.0,394.0,237.0,261.0,210.0,150.0,171.0,163.0,200.0,3228.0
East Khasi Hills,8.1.c,Total number of new cases of RTI/STI in males and females for which treatment was initiated (sum of items 8.1.a and 8.1.b),TOTAL,420.0,373.0,555.0,347.0,440.0,288.0,303.0,282.0,176.0,201.0,194.0,244.0,3823.0
East Khasi Hills,8.2,Number of suspected RTI/STI cases for whom wet mount test was conducted,TOTAL,3.0,10.0,3.0,3.0,7.0,6.0,2.0,3.0,4.0,3.0,6.0,6.0,56.0
East Khasi Hills,9.1.1.a,Number of NSV (No Scalpel Vasectomy) or Conventional Vasectomy conducted at PHCs,TOTAL,0.0,0.0,0.0,0.0,0.0,0.0,0.0,0.0,0.0,0.0,0.0,0.0,0.0
East Khasi Hills,9.1.1.b,Number of NSV or Conventional Vasectomy conducted at CHCs,TOTAL,0.0,0.0,0.0,0.0,0.0,0.0,0.0,0.0,0.0,0.0,0.0,0.0,0.0
East Khasi Hills,9.1.1.c,Number of NSV or Conventional Vasectomy conducted at SDHs or DHs,TOTAL,0.0,1.0,2.0,2.0,3.0,1.0,1.0,0.0,0.0,0.0,0.0,1.0,11.0
East Khasi Hills,9.1.1.d,Number of NSV or Conventional Vasectomy conducted at other State owned public institutions,TOTAL,,,,,,,,,,,,,
East Khasi Hills,9.1.1.e,"Total Number of NSV or Conventional Vasectomy conducted at Public facilities i.e. PHC, CHC, SDH, DH and other State owned public institutions (sum of items from 9.1.1.a to 9.1.1.d)",TOTAL,0.0,1.0,2.0,2.0,3.0,1.0,1.0,0.0,0.0,0.0,0.0,1.0,11.0
East Khasi Hills,9.1.2,Number of NSV or Conventional Vasectomy conducted at Private facilities,TOTAL,0.0,0.0,0.0,0.0,0.0,0.0,0.0,,,,,,0.0
East Khasi Hills,9.2.1.a,Number of Laparoscopic sterilizations conducted at PHCs,TOTAL,0.0,0.0,0.0,0.0,0.0,0.0,0.0,0.0,0.0,0.0,0.0,0.0,0.0
East Khasi Hills,9.2.1.b,Number of Laparoscopic sterilizations conducted at CHCs,TOTAL,0.0,0.0,0.0,0.0,0.0,0.0,0.0,0.0,0.0,0.0,0.0,0.0,0.0
East Khasi Hills,9.2.1.c,Number of Laparoscopic sterilizations conducted at SDHs or DHs,TOTAL,1.0,3.0,0.0,17.0,9.0,4.0,3.0,3.0,9.0,3.0,0.0,3.0,55.0
East Khasi Hills,9.2.1.d,Number of Laparoscopic sterilizations conducted at other State owned public institutions,TOTAL,,,,,,,,,,,,,
East Khasi Hills,9.2.1.e,"Total Number of Laparoscopic sterilizations conducted at Public facilities i.e. PHC, CHC, SDH, DH and other State owned public institutions (sum of items from 9.2.1.a to 9.2.1.d)",TOTAL,1.0,3.0,0.0,17.0,9.0,4.0,3.0,3.0,9.0,3.0,0.0,3.0,55.0
East Khasi Hills,9.2.2,Number of Laparoscopic sterilizations conducted at Private facilities,TOTAL,0.0,0.0,0.0,0.0,0.0,0.0,0.0,,,,,,0.0
East Khasi Hills,9.3.1.a,Number of Mini-lap sterilizations conducted at PHCs,TOTAL,0.0,0.0,0.0,0.0,0.0,0.0,0.0,0.0,0.0,0.0,0.0,0.0,0.0
East Khasi Hills,9.3.1.b,Number of Mini-lap sterilizations conducted at CHCs,TOTAL,0.0,0.0,0.0,0.0,0.0,0.0,0.0,0.0,0.0,0.0,0.0,0.0,0.0
East Khasi Hills,9.3.1.c,Number of Mini-lap sterilizations conducted at SDHs or DHs,TOTAL,54.0,9.0,19.0,5.0,1.0,65.0,62.0,53.0,49.0,57.0,47.0,48.0,469.0
East Khasi Hills,9.3.1.d,Number of Mini-lap sterilizations conducted at other State owned public institutions,TOTAL,,,,,,,,,,,,,
East Khasi Hills,9.3.1.e,"Total Number of Mini-lap sterilizations conducted at Public facilities i.e. PHC, CHC, SDH, DH and other State owned public institutions (sum of items from 9.3.1.a to 9.3.1.d)",TOTAL,54.0,9.0,19.0,5.0,1.0,65.0,62.0,53.0,49.0,57.0,47.0,48.0,469.0
East Khasi Hills,9.3.2,Number of Mini-lap sterilizations conducted at Private facilities,TOTAL,27.0,26.0,22.0,24.0,18.0,25.0,17.0,13.0,14.0,20.0,25.0,21.0,252.0
East Khasi Hills,9.4.1.a,Number of Post-Partum sterilizations conducted at PHCs,TOTAL,0.0,0.0,0.0,0.0,0.0,0.0,0.0,0.0,0.0,0.0,0.0,0.0,0.0
East Khasi Hills,9.4.1.b,Number of Post-Partum sterilizations conducted at CHCs,TOTAL,0.0,0.0,0.0,0.0,0.0,0.0,0.0,0.0,0.0,0.0,0.0,0.0,0.0
East Khasi Hills,9.4.1.c,Number of Post-Partum sterilizations conducted at SDHs or DHs,TOTAL,48.0,106.0,86.0,88.0,119.0,35.0,39.0,34.0,40.0,30.0,27.0,29.0,681.0
East Khasi Hills,9.4.1.d,Number of Post-Partum sterilizations conducted at other State owned public institutions,TOTAL,,,,,,,,,,,,,
East Khasi Hills,9.4.1.e,"Total Number of Post-Partum sterilizations conducted at Public facilities i.e. PHC, CHC, SDH, DH and other State owned public institutions (sum of items from 9.4.1.a to 9.4.1.d)",TOTAL,48.0,106.0,86.0,88.0,119.0,35.0,39.0,34.0,40.0,30.0,27.0,29.0,681.0
East Khasi Hills,9.4.2,Number of Post-Partum sterilizations conducted at Private facilities,TOTAL,0.0,4.0,4.0,5.0,10.0,5.0,5.0,4.0,0.0,3.0,6.0,5.0,51.0
East Khasi Hills,9.5.1.a,Number of IUCD Insertions conducted at SCs,TOTAL,30.0,17.0,23.0,42.0,29.0,22.0,25.0,19.0,15.0,23.0,10.0,20.0,275.0
East Khasi Hills,9.5.1.b,Number of IUCD Insertions conducted at PHCs,TOTAL,32.0,37.0,19.0,124.0,52.0,51.0,77.0,73.0,50.0,47.0,40.0,35.0,637.0
East Khasi Hills,9.5.1.c,Number of IUCD Insertions conducted at CHCs,TOTAL,7.0,7.0,3.0,4.0,3.0,5.0,11.0,1.0,11.0,7.0,5.0,7.0,71.0
East Khasi Hills,9.5.1.d,Number of IUCD Insertions conducted at SDHs or DHs,TOTAL,79.0,80.0,57.0,93.0,87.0,61.0,65.0,59.0,34.0,88.0,66.0,38.0,807.0
East Khasi Hills,9.5.1.e,Number of IUCD Insertions conducted at other State owned public institutions,TOTAL,,,,,,,,,,,,,
East Khasi Hills,9.5.1.f,"Total Number of IUCD Insertions conducted at Public facilities i.e. SC, PHC, CHC, SDH, DH and other State owned public institutions (sum of items from 9.5.1.a to 9.5.1.e)",TOTAL,148.0,141.0,102.0,263.0,171.0,139.0,178.0,152.0,110.0,165.0,121.0,100.0,1790.0
East Khasi Hills,9.5.1A,"Out of above total, Post Partum (within 48 hours of delivery) IUCD insertions",TOTAL,,,,,,,,0.0,0.0,0.0,0.0,2.0,2.0
East Khasi Hills,9.5.2,Number of IUCD Insertions conducted at Private facilities,TOTAL,5.0,3.0,4.0,2.0,1.0,4.0,2.0,0.0,0.0,2.0,6.0,1.0,30.0
East Khasi Hills,9.06,Number of IUCD removals,TOTAL,50.0,59.0,48.0,46.0,60.0,56.0,52.0,41.0,47.0,82.0,63.0,80.0,684.0
East Khasi Hills,9.07,Number of Oral Pills cycles distributed,TOTAL,874.0,1034.0,1219.0,1167.0,1044.0,934.0,928.0,975.0,936.0,1008.0,852.0,1150.0,12121.0
East Khasi Hills,9.08,Number of Condom pieces distributed,TOTAL,11538.0,11045.0,12358.0,21955.0,14383.0,13758.0,13101.0,13011.0,12276.0,11520.0,12849.0,13659.0,161453.0
East Khasi Hills,9.09,Number of Centchroman (weekly) pills given,TOTAL,0.0,1.0,0.0,0.0,0.0,0.0,0.0,0.0,0.0,0.0,0.0,30.0,31.0
East Khasi Hills,9.10,Number of Emergency Contraceptive Pills distributed,TOTAL,1.0,0.0,1.0,1.0,0.0,1.0,1.0,0.0,0.0,5.0,4.0,5.0,19.0
East Khasi Hills,9.11.1.a,Number of cases of complications following male sterilization,TOTAL,0.0,0.0,0.0,0.0,0.0,0.0,0.0,0.0,0.0,0.0,0.0,0.0,0.0
East Khasi Hills,9.11.1.b,Number of cases of complications following female sterilization,TOTAL,0.0,0.0,0.0,0.0,0.0,0.0,0.0,0.0,0.0,0.0,0.0,0.0,0.0
East Khasi Hills,9.11.2.a,Number of failures following male sterilization,TOTAL,0.0,0.0,0.0,0.0,0.0,0.0,0.0,0.0,0.0,0.0,0.0,0.0,0.0
East Khasi Hills,9.11.2.b,Number of failures following female sterilization,TOTAL,0.0,0.0,0.0,0.0,0.0,0.0,0.0,0.0,0.0,0.0,0.0,0.0,0.0
East Khasi Hills,9.11.3.a,Number of deaths following male sterilization,TOTAL,0.0,0.0,0.0,0.0,0.0,0.0,0.0,0.0,0.0,0.0,0.0,0.0,0.0
East Khasi Hills,9.11.3.b,Number of deaths following female sterilization,TOTAL,0.0,0.0,0.0,0.0,0.0,0.0,0.0,0.0,0.0,0.0,0.0,0.0,0.0
East Khasi Hills,9.12,Number of Institutions having NSV trained doctors,TOTAL,2.0,2.0,2.0,2.0,2.0,2.0,2.0,2.0,2.0,2.0,3.0,2.0,-1.0
East Khasi Hills,10.1.01,Number of Infants (0 to 11 months old)received BCG immunisation,TOTAL,2193.0,2419.0,1888.0,1997.0,2436.0,2219.0,2016.0,2490.0,1858.0,2359.0,1979.0,2215.0,26069.0
East Khasi Hills,10.1.02,Number of Infants (0 to 11 months old) received DPT1 immunisation,TOTAL,1692.0,2159.0,1610.0,1622.0,1658.0,1643.0,1563.0,1827.0,1414.0,1796.0,1686.0,1700.0,20370.0
East Khasi Hills,10.1.03,Number of Infants (0 to 11 months old) received DPT2 immunisation,TOTAL,1515.0,1891.0,1643.0,1675.0,1542.0,1455.0,1306.0,1548.0,1329.0,1575.0,1525.0,1603.0,18607.0
East Khasi Hills,10.1.04,Number of Infants (0 to 11 months old) received DPT3 immunisation,TOTAL,1405.0,1652.0,1559.0,1683.0,1635.0,1528.0,1240.0,1348.0,1163.0,1501.0,1443.0,1453.0,17610.0
East Khasi Hills,10.1.04A,Number of Infants (0 to 11 months old) received Pentavalent1 immunisation,TOTAL,,,,,,,,0.0,0.0,0.0,0.0,0.0,0.0
East Khasi Hills,10.1.04B,Number of Infants (0 to 11 months old) received Pentavalent2 immunisation,TOTAL,,,,,,,,0.0,0.0,0.0,0.0,0.0,0.0
East Khasi Hills,10.1.04C,Number of Infants (0 to 11 months old) received Pentavalent3 immunisation,TOTAL,,,,,,,,0.0,0.0,0.0,0.0,0.0,0.0
East Khasi Hills,10.1.05,Number of Infants (0 to 11 months old) received OPV 0 (Birth Dose),TOTAL,1455.0,1288.0,1280.0,1636.0,1752.0,1659.0,1546.0,1769.0,1390.0,1660.0,1403.0,1694.0,18532.0
East Khasi Hills,10.1.06,Number of Infants (0 to 11 months old) received OPV1 (First Dose),TOTAL,1692.0,2159.0,1606.0,1622.0,1658.0,1643.0,1535.0,1790.0,1414.0,1796.0,1688.0,1703.0,20306.0
East Khasi Hills,10.1.07,Number of Infants (0 to 11 months old) received OPV2 (Second Dose),TOTAL,1515.0,1891.0,1643.0,1675.0,1542.0,1455.0,1288.0,1524.0,1329.0,1575.0,1525.0,1603.0,18565.0
East Khasi Hills,10.1.08,Number of Infants (0 to 11 months old) received OPV3 (Third Dose),TOTAL,1405.0,1652.0,1547.0,1683.0,1635.0,1528.0,1214.0,1331.0,1165.0,1501.0,1444.0,1453.0,17558.0
East Khasi Hills,10.1.09A,Number of Infants (upto 48 hrs of age) received Hepatitis-B0 immunisation,TOTAL,658.0,739.0,539.0,809.0,667.0,775.0,621.0,713.0,576.0,589.0,475.0,765.0,7926.0
East Khasi Hills,10.1.09,Number of Infants (0 to 11 months old) received Hepatitis-B1 immunisation,TOTAL,1453.0,1889.0,1365.0,1419.0,1446.0,1479.0,1431.0,1619.0,1215.0,1554.0,1574.0,1595.0,18039.0
East Khasi Hills,10.1.10,Number of Infants (0 to 11 months old) received Hepatitis-B2 immunisation,TOTAL,1388.0,1739.0,1582.0,1541.0,1406.0,1370.0,1270.0,1420.0,1302.0,1451.0,1411.0,1490.0,17370.0
East Khasi Hills,10.1.11,Number of Infants (0 to 11 months old) received Hepatitis-B3 immunisation,TOTAL,1276.0,1485.0,1424.0,1616.0,1443.0,1365.0,1140.0,1260.0,1069.0,1346.0,1315.0,1335.0,16074.0
East Khasi Hills,10.1.12,Number of Infants (0 to 11 months old) received Measles immunisation (First Dose),TOTAL,1220.0,1528.0,1322.0,1494.0,1685.0,1572.0,1318.0,1535.0,1136.0,1178.0,1303.0,1304.0,16595.0
East Khasi Hills,10.1.12B,Number of Infants (more than 16 months old) received Measles immunisation (Second Dose),TOTAL,473.0,818.0,486.0,765.0,951.0,797.0,552.0,828.0,528.0,610.0,773.0,720.0,8301.0
East Khasi Hills,10.1A,No. of Children aged 9 to 12 months who received JE 1st dose,TOTAL,,,,,,,,0.0,0.0,0.0,0.0,0.0,0.0
East Khasi Hills,10.1.13.a,Total number of male children (9 to 11 months old) fully immunised (BCG+DPT123/Pentavalent123+OPV123+Measles) during the month,TOTAL,571.0,764.0,630.0,768.0,830.0,790.0,625.0,755.0,580.0,594.0,674.0,645.0,8226.0
East Khasi Hills,10.1.13.b,Total number of female children (9 to 11 months old) fully immunised (BCG+DPT123/Pentavalent123+OPV123+Measles) during the month,TOTAL,583.0,720.0,632.0,688.0,799.0,730.0,624.0,733.0,529.0,556.0,600.0,628.0,7822.0
East Khasi Hills,10.1.13.c,Total number of children (9 to 11 months old) fully immunised (BCG+DPT123/Pentavalent123+OPV123+Measles) during the month (sum of items 10.1.13.a and 10.1.13.b),TOTAL,1154.0,1484.0,1262.0,1456.0,1629.0,1520.0,1249.0,1488.0,1109.0,1150.0,1274.0,1273.0,16048.0
East Khasi Hills,10.2.1,Number of Infants (more than 16 months old) received DPT Booster dose,TOTAL,1087.0,1474.0,1145.0,1241.0,1342.0,1175.0,982.0,1146.0,845.0,1049.0,1142.0,1206.0,13834.0
East Khasi Hills,10.2.2,Number of Infants (more than 16 months old) received OPV Booster dose,TOTAL,1078.0,1467.0,1135.0,1241.0,1325.0,1156.0,945.0,1133.0,840.0,1032.0,1119.0,1188.0,13659.0
East Khasi Hills,10.2.3,"Number of Infants (more than 16 months old) received Measles, Mumps, Rubella (MMR) Vaccination",TOTAL,0.0,0.0,0.0,0.0,0.0,0.0,0.0,0.0,0.0,0.0,0.0,0.0,0.0
East Khasi Hills,10.3.1.a,Total number of male children (12 to 23 months old) fully immunised (BCG+DPT123/Pentavalent123+OPV123+Measles) during the month,TOTAL,124.0,166.0,159.0,176.0,198.0,160.0,118.0,185.0,101.0,118.0,141.0,152.0,1798.0
East Khasi Hills,10.3.1.b,Total number of female children (12 to 23 months old) fully immunised (BCG+DPT123/Pentavalent123+OPV123+Measles) during the month,TOTAL,146.0,160.0,147.0,142.0,164.0,166.0,122.0,167.0,109.0,110.0,139.0,148.0,1720.0
East Khasi Hills,10.3.1.c,Total number of children (12 to 23 months old) fully immunised (BCG+DPT123+OPV123/Pentavalent123+Measles) during the month (sum of items 10.3.1.a and 10.3.1.b),TOTAL,270.0,326.0,306.0,318.0,362.0,326.0,240.0,352.0,210.0,228.0,280.0,300.0,3518.0
East Khasi Hills,10.3.2,Number of children (more than 5 years old) given DT5,TOTAL,522.0,773.0,587.0,670.0,814.0,686.0,508.0,610.0,577.0,582.0,621.0,588.0,7538.0
East Khasi Hills,10.3.3,Number of children (more than 10 years old) given TT10,TOTAL,636.0,733.0,839.0,743.0,1002.0,882.0,661.0,449.0,418.0,504.0,504.0,521.0,7892.0
East Khasi Hills,10.3.4,Number of children (more than 16 years old) given TT16,TOTAL,287.0,400.0,338.0,436.0,597.0,456.0,372.0,262.0,237.0,343.0,276.0,322.0,4326.0
East Khasi Hills,10.3.5.a,Number of cases of Abscess reported following immunisation [Adverse Event Following Immunisation (AEFI)],TOTAL,0.0,0.0,0.0,0.0,0.0,0.0,0.0,0.0,0.0,0.0,0.0,0.0,0.0
East Khasi Hills,10.3.5.b,Number of cases of Death reported following immunisation [Adverse Event Following Immunisation (AEFI)],TOTAL,0.0,0.0,0.0,0.0,0.0,0.0,0.0,0.0,0.0,0.0,0.0,0.0,0.0
East Khasi Hills,10.3.5.c,Number of cases of other complications reported following immunisation [Adverse Event Following Immunisation (AEFI)],TOTAL,0.0,0.0,0.0,0.0,0.0,0.0,0.0,0.0,0.0,0.0,0.0,0.0,0.0
East Khasi Hills,10.4.1,Number of Immunisation sessions planned to be held during the month,TOTAL,1369.0,1479.0,1367.0,1385.0,1461.0,1446.0,1430.0,1398.0,1375.0,1454.0,1404.0,1485.0,17053.0
East Khasi Hills,10.4.2,Number of Immunisation sessions held during the month,TOTAL,1195.0,1400.0,1305.0,1274.0,1415.0,1381.0,1248.0,1342.0,1226.0,1360.0,1324.0,1377.0,15847.0
East Khasi Hills,10.4.3,Number of Immunisation sessions held during the month where ASHAs were present,TOTAL,821.0,937.0,892.0,847.0,983.0,961.0,838.0,906.0,854.0,917.0,940.0,884.0,10780.0
East Khasi Hills,10.5.1,Number of children (more than 16 months old) received Japanese Encephalitis (JE) vaccination,TOTAL,0.0,0.0,0.0,0.0,0.0,0.0,0.0,0.0,0.0,0.0,0.0,0.0,0.0
East Khasi Hills,11.1.1,Number of children (9 months to 5 years old) administered 1st dose of Vitamin A (Dose-1),TOTAL,573.0,485.0,968.0,1183.0,1395.0,1299.0,819.0,925.0,617.0,577.0,505.0,226.0,9572.0
East Khasi Hills,11.1.2,Number of children (9 months to 5 years old) were administered 5th dose of Vitamin A (Dose-5),TOTAL,179.0,236.0,423.0,650.0,715.0,474.0,293.0,429.0,386.0,426.0,336.0,231.0,4778.0
East Khasi Hills,11.1.3,Number of children (9 months to 5 years old) administered 9th dose of Vitamin A (Dose-9),TOTAL,80.0,60.0,36.0,85.0,114.0,98.0,110.0,74.0,45.0,36.0,14.0,10.0,762.0
East Khasi Hills,12.1,Number of cases of Diptheria reported in children below 5 years of age,TOTAL,0.0,0.0,0.0,0.0,0.0,0.0,0.0,0.0,0.0,0.0,0.0,0.0,0.0
East Khasi Hills,12.2,Number of cases of Pertusis reported in children below 5 years of age,TOTAL,0.0,0.0,0.0,2.0,1.0,1.0,1.0,0.0,0.0,0.0,0.0,0.0,5.0
East Khasi Hills,12.3,Number of cases of Tetanus neonatarum reported in children below 5 years of age,TOTAL,0.0,0.0,0.0,0.0,0.0,0.0,0.0,0.0,0.0,0.0,0.0,0.0,0.0
East Khasi Hills,12.4,Number of cases of Tetanus other than neonatarum reported in children below 5 years of age,TOTAL,0.0,0.0,0.0,0.0,0.0,0.0,0.0,1.0,1.0,0.0,0.0,0.0,2.0
East Khasi Hills,12.5,Number of cases of Polio reported in children below 5 years of age,TOTAL,0.0,0.0,0.0,0.0,0.0,0.0,0.0,0.0,0.0,0.0,0.0,0.0,0.0
East Khasi Hills,12.6,Number of cases of Measles reported in children below 5 years of age,TOTAL,11.0,7.0,8.0,9.0,4.0,10.0,6.0,3.0,0.0,3.0,16.0,2.0,79.0
East Khasi Hills,12.7,Number of cases of Diarrhoea and Dehydration reported in children below 5 years of age,TOTAL,2964.0,3283.0,2974.0,2769.0,2135.0,1929.0,1718.0,1482.0,1352.0,1855.0,1560.0,1458.0,25479.0
East Khasi Hills,12.8,Number of cases of Malaria reported in children below 5 years of age,TOTAL,0.0,18.0,20.0,33.0,16.0,2.0,2.0,8.0,7.0,7.0,1.0,1.0,115.0
East Khasi Hills,12.9,Number of children below 5 years of age admitted with Respiratory Infections,TOTAL,250.0,231.0,188.0,203.0,180.0,96.0,76.0,78.0,88.0,178.0,65.0,106.0,1739.0
East Khasi Hills,13.1,Number of Patients operated for cataract,TOTAL,53.0,48.0,50.0,94.0,92.0,104.0,24.0,30.0,15.0,0.0,39.0,20.0,569.0
East Khasi Hills,13.2,Number of Intraocular Lens(IOL) implantations,TOTAL,53.0,48.0,50.0,92.0,92.0,104.0,0.0,30.0,15.0,0.0,39.0,19.0,542.0
East Khasi Hills,13.3,Number of School children detected with Refractive errors,TOTAL,610.0,615.0,890.0,334.0,900.0,309.0,481.0,85.0,0.0,0.0,83.0,58.0,4365.0
East Khasi Hills,13.4,Number of children provided free glasses,TOTAL,336.0,478.0,486.0,129.0,538.0,307.0,0.0,85.0,0.0,0.0,77.0,52.0,2488.0
East Khasi Hills,13.5,Number of eyes collected through eye donation,TOTAL,0.0,0.0,0.0,0.0,0.0,0.0,0.0,0.0,0.0,0.0,0.0,0.0,0.0
East Khasi Hills,13.6,Number of eyes utilised for corneal transplant,TOTAL,0.0,0.0,0.0,0.0,0.0,0.0,0.0,0.0,0.0,0.0,0.0,0.0,0.0
East Khasi Hills,14.01,Number of CHC or SDH or DH functioning as First Referral units (FRUs),TOTAL,2.0,2.0,2.0,2.0,2.0,2.0,2.0,3.0,4.0,3.0,3.0,3.0,-1.0
East Khasi Hills,14.02,Number of PHCs functioning 24X7 with atleast 3 Staff Nurses,TOTAL,11.0,11.0,11.0,10.0,10.0,10.0,10.0,11.0,10.0,10.0,10.0,10.0,-1.0
East Khasi Hills,14.03,Number of Anganwadi centres reported to have conducted VHNDs,TOTAL,668.0,771.0,777.0,756.0,796.0,809.0,725.0,781.0,684.0,777.0,740.0,803.0,-1.0
East Khasi Hills,14.04,Number of facilities having a Rogi Kalyan Samiti (RKS),TOTAL,8.0,8.0,8.0,8.0,8.0,8.0,8.0,9.0,8.0,8.0,9.0,9.0,-1.0
East Khasi Hills,14.05,Number of RKS meetings held during the month,TOTAL,3.0,4.0,4.0,6.0,7.0,6.0,7.0,8.0,5.0,5.0,4.0,9.0,68.0
East Khasi Hills,14.06,Number of facilities having Ambulance services (Assured Referral Services),TOTAL,23.0,24.0,25.0,25.0,25.0,25.0,25.0,26.0,26.0,26.0,26.0,26.0,-1.0
East Khasi Hills,14.07,Total Number of times the Ambulance was used for transporting patients during the month,TOTAL,177.0,338.0,152.0,136.0,132.0,231.0,212.0,199.0,173.0,197.0,167.0,235.0,2349.0
East Khasi Hills,14.08,Number of Institutions having Operational Sick New Born and Child Care Units (SNCU),TOTAL,2.0,1.0,1.0,1.0,2.0,2.0,1.0,3.0,3.0,4.0,4.0,3.0,-1.0
East Khasi Hills,14.09,Number of functional Laproscopes in CHC/SDH/DH,TOTAL,2.0,1.0,2.0,1.0,1.0,1.0,1.0,1.0,1.0,1.0,1.0,1.0,-1.0
East Khasi Hills,14.10.1.a,Number of male patients admitted (Inpatients) during the month,1. Children,1230.0,1304.0,1439.0,1249.0,1165.0,892.0,948.0,943.0,848.0,1251.0,924.0,1146.0,13339.0
East Khasi Hills,14.10.1.a,Number of male patients admitted (Inpatients) during the month,2. Adults,1677.0,2238.0,2083.0,2277.0,3165.0,1353.0,2165.0,2038.0,1763.0,1811.0,1600.0,2288.0,24458.0
East Khasi Hills,14.10.1.b,Number of female patients (Inpatients) admitted during the month,1. Children,1134.0,1222.0,1639.0,1259.0,1154.0,1003.0,999.0,912.0,820.0,1078.0,888.0,951.0,13059.0
East Khasi Hills,14.10.1.b,Number of female patients (Inpatients) admitted during the month,2. Adults,4875.0,3790.0,2517.0,2558.0,3351.0,4753.0,4832.0,4634.0,4365.0,4415.0,3880.0,5572.0,49542.0
East Khasi Hills,14.10.1.c,Total number of patients admitted (Inpatients) during the month (sum of items 14.10.1.a and 14.10.1.b),1. Children,2364.0,2526.0,3078.0,2508.0,2319.0,1895.0,1947.0,1855.0,1668.0,2329.0,1812.0,2097.0,26398.0
East Khasi Hills,14.10.1.c,Total number of patients admitted (Inpatients) during the month (sum of items 14.10.1.a and 14.10.1.b),2. Adults,6552.0,6028.0,4600.0,4835.0,6516.0,6106.0,6997.0,6672.0,6128.0,6226.0,5480.0,7860.0,74000.0
East Khasi Hills,14.10.2.a,Number of death cases of Inpatient males,TOTAL,101.0,107.0,109.0,109.0,126.0,107.0,116.0,97.0,114.0,86.0,88.0,83.0,1243.0
East Khasi Hills,14.10.2.b,Number of death cases of Inpatient females,TOTAL,67.0,73.0,65.0,67.0,78.0,69.0,64.0,76.0,71.0,82.0,71.0,67.0,850.0
East Khasi Hills,14.10.2.c,Number of cases of death of Inpatients (sum of items 14.10.2.a and 14.10.2.b),TOTAL,168.0,180.0,174.0,176.0,204.0,176.0,180.0,173.0,185.0,168.0,159.0,150.0,2093.0
East Khasi Hills,14.11,In-Patient Head Count at midnight,TOTAL,23911.0,12213.0,12202.0,13363.0,12833.0,24982.0,24615.0,22043.0,21068.0,21980.0,20888.0,24364.0,234462.0
East Khasi Hills,14.12.1,OPD attendance (All),TOTAL,131532.0,141414.0,129927.0,132961.0,108489.0,116165.0,109928.0,106820.0,84710.0,99554.0,79989.0,108284.0,1349773.0
East Khasi Hills,14.13.1,Number of major operations carried out using general or spinal anaesthesia,TOTAL,667.0,998.0,974.0,896.0,918.0,1033.0,1050.0,941.0,746.0,921.0,840.0,977.0,10961.0
East Khasi Hills,14.13.1A,"Out of 14.13.1,Gynecology- Hysterectomy surgeries",TOTAL,,,,,,,,0.0,0.0,0.0,0.0,0.0,0.0
East Khasi Hills,14.13.2,Number of minor operations carried out without anaesthesia or using local anaesthesia,TOTAL,852.0,771.0,694.0,580.0,629.0,860.0,858.0,711.0,575.0,738.0,716.0,845.0,8829.0
East Khasi Hills,14.14.a,Number of patients given AYUSH treatment,TOTAL,7175.0,7625.0,6093.0,6950.0,6988.0,6333.0,5933.0,5558.0,3259.0,4822.0,4583.0,5921.0,71240.0
East Khasi Hills,14.14.b,Number of patients on whom Dental Procedure was conducted,TOTAL,4642.0,4687.0,3987.0,4188.0,4110.0,3505.0,3384.0,2792.0,2683.0,3361.0,2926.0,3491.0,43756.0
East Khasi Hills,14.14.c,Number of Adolescents counselled,TOTAL,354.0,416.0,426.0,530.0,468.0,442.0,284.0,273.0,266.0,243.0,318.0,478.0,4498.0
East Khasi Hills,15.1.1.a,Number of Haemoglobin (Hb) tests conducted,TOTAL,15212.0,16011.0,15674.0,16073.0,15517.0,15968.0,15567.0,15603.0,13033.0,15217.0,13470.0,17983.0,185328.0
East Khasi Hills,15.1.1.b,"Out of the total number of Hb tests conducted, number of cases having Hb less than 7gm/dl",TOTAL,635.0,656.0,610.0,616.0,725.0,795.0,681.0,594.0,609.0,589.0,577.0,1077.0,8164.0
East Khasi Hills,15.1.2.a,Number of HIV tests conducted on males,1. Number tested,594.0,721.0,739.0,801.0,825.0,695.0,433.0,593.0,555.0,360.0,530.0,664.0,7510.0
East Khasi Hills,15.1.2.a,Number of HIV tests conducted on males,2. Number Positive,16.0,12.0,12.0,13.0,17.0,11.0,9.0,12.0,3.0,3.0,9.0,18.0,135.0
East Khasi Hills,15.1.2.b,Number of HIV tests conducted on Female-Non ANC (i.e. non pregnant females),1. Number tested,1090.0,998.0,1003.0,1233.0,1119.0,1075.0,666.0,926.0,727.0,658.0,802.0,1030.0,11327.0
East Khasi Hills,15.1.2.b,Number of HIV tests conducted on Female-Non ANC (i.e. non pregnant females),2. Number Positive,9.0,10.0,7.0,16.0,11.0,9.0,3.0,7.0,5.0,4.0,9.0,13.0,103.0
East Khasi Hills,15.1.2.c,Number of HIV tests conducted on Female with ANC (i.e. pregnant females),1. Number tested,797.0,948.0,996.0,779.0,887.0,915.0,292.0,799.0,805.0,601.0,758.0,992.0,9569.0
East Khasi Hills,15.1.2.c,Number of HIV tests conducted on Female with ANC (i.e. pregnant females),2. Number Positive,2.0,0.0,4.0,18.0,11.0,0.0,0.0,2.0,1.0,2.0,2.0,8.0,50.0
East Khasi Hills,15.1.2.d,Total number of HIV tests conducted (sum of items 15.1.2.a to 15.1.2.c),1. Number tested,2481.0,2667.0,2738.0,2813.0,2831.0,2685.0,1391.0,2318.0,2087.0,1619.0,2090.0,2686.0,28406.0
East Khasi Hills,15.1.2.d,Total number of HIV tests conducted (sum of items 15.1.2.a to 15.1.2.c),2. Number Positive,27.0,22.0,23.0,47.0,39.0,20.0,12.0,21.0,9.0,9.0,20.0,39.0,288.0
East Khasi Hills,15.2,Number of Widal tests conducted,Number tested,882.0,1314.0,1130.0,1222.0,1180.0,835.0,829.0,870.0,430.0,355.0,326.0,581.0,9954.0
East Khasi Hills,15.3.a,Number of VDRL tests conducted on males,Number tested,192.0,176.0,198.0,250.0,284.0,209.0,278.0,249.0,213.0,186.0,170.0,243.0,2648.0
East Khasi Hills,15.3.b,Number of VDRL tests conducted on Female-Non ANC (i.e. non pregnant females),Number tested,868.0,820.0,901.0,1010.0,851.0,801.0,784.0,926.0,737.0,882.0,684.0,889.0,10153.0
East Khasi Hills,15.3.c,Number of VDRL tests conducted on Female with ANC (i.e. pregnant females),Number tested,1695.0,1459.0,1520.0,1520.0,1792.0,1649.0,1568.0,1574.0,1434.0,1600.0,1401.0,1794.0,19006.0
East Khasi Hills,15.3.d,Total number of VDRL tests conducted (sum of items 15.3.a to 15.3.c),Number tested,2755.0,2455.0,2619.0,2780.0,2927.0,2659.0,2630.0,2749.0,2384.0,2668.0,2255.0,2926.0,31807.0
East Khasi Hills,15.4.1,Number of blood smears examined for Malaria,TOTAL,2256.0,2873.0,3041.0,3321.0,3797.0,2519.0,3713.0,2521.0,1596.0,1525.0,1446.0,1771.0,30379.0
East Khasi Hills,15.4.2,"Out of blood smears examined for malaria, number of blood smears tested positive for Plasmodium Vivax",TOTAL,4.0,15.0,15.0,12.0,7.0,7.0,9.0,10.0,9.0,0.0,0.0,1.0,89.0
East Khasi Hills,15.4.3,"Out of blood smears examined for malaria, number of blood smears tested positive for Plasmodium Falciparum",TOTAL,6.0,22.0,51.0,50.0,80.0,43.0,66.0,53.0,11.0,8.0,4.0,1.0,395.0
East Khasi Hills,16.1.1,Stock position of DPT vaccines,1. Balance From Previous Month,1800.0,910.0,30.0,2720.0,4240.0,3000.0,3230.0,3010.0,1820.0,3390.0,6610.0,10380.0,41140.0
East Khasi Hills,16.1.1,Stock position of DPT vaccines,2. Stocks Received,5000.0,9000.0,8000.0,8000.0,8000.0,6000.0,6000.0,6000.0,6000.0,10000.0,10000.0,,82000.0
East Khasi Hills,16.1.1,Stock position of DPT vaccines,3. Unusable Stock,,,,,,,,,,,,,
East Khasi Hills,16.1.1,Stock position of DPT vaccines,4. Stock Distributed,5890.0,9880.0,5310.0,6480.0,9240.0,5770.0,6220.0,7190.0,4430.0,6780.0,6230.0,7160.0,80580.0
East Khasi Hills,16.1.1,Stock position of DPT vaccines,5. Total Stock,910.0,30.0,2720.0,4240.0,3000.0,3230.0,3010.0,1820.0,3390.0,6610.0,10380.0,3220.0,42560.0
East Khasi Hills,16.1.1A,Stock Position of Pentavalent,1. Balance From Previous Month,,,,,,,,,,,,,
East Khasi Hills,16.1.1A,Stock Position of Pentavalent,2. Stocks Received,,,,,,,,,,,,,
East Khasi Hills,16.1.1A,Stock Position of Pentavalent,3. Unusable Stock,,,,,,,,,,,,,
East Khasi Hills,16.1.1A,Stock Position of Pentavalent,4. Stock Distributed,,,,,,,,,,,,,
East Khasi Hills,16.1.1A,Stock Position of Pentavalent,5. Total Stock,0.0,0.0,0.0,0.0,0.0,0.0,0.0,0.0,0.0,0.0,0.0,0.0,0.0
East Khasi Hills,16.1.2,Stock position of OPV vaccines,1. Balance From Previous Month,120.0,4180.0,0.0,6220.0,10040.0,8420.0,3020.0,6400.0,2620.0,6460.0,7200.0,21420.0,76100.0
East Khasi Hills,16.1.2,Stock position of OPV vaccines,2. Stocks Received,10000.0,10000.0,16000.0,16000.0,16000.0,8000.0,10000.0,12000.0,12000.0,16000.0,16000.0,,142000.0
East Khasi Hills,16.1.2,Stock position of OPV vaccines,3. Unusable Stock,,,,,,,,,,,,,
East Khasi Hills,16.1.2,Stock position of OPV vaccines,4. Stock Distributed,5940.0,14180.0,9780.0,12180.0,17620.0,13400.0,6620.0,15780.0,8160.0,15260.0,1780.0,10720.0,131420.0
East Khasi Hills,16.1.2,Stock position of OPV vaccines,5. Total Stock,4180.0,0.0,6220.0,10040.0,8420.0,3020.0,6400.0,2620.0,6460.0,7200.0,21420.0,10700.0,86680.0
East Khasi Hills,16.1.3,Stock position of TT vaccines,1. Balance From Previous Month,4630.0,5870.0,5740.0,5870.0,6090.0,7090.0,5980.0,6610.0,2070.0,5750.0,7870.0,10130.0,73700.0
East Khasi Hills,16.1.3,Stock position of TT vaccines,2. Stocks Received,5000.0,8000.0,5000.0,5000.0,8000.0,5000.0,6000.0,0.0,6000.0,8000.0,7000.0,,63000.0
East Khasi Hills,16.1.3,Stock position of TT vaccines,3. Unusable Stock,,,,,,,,,,,,,
East Khasi Hills,16.1.3,Stock position of TT vaccines,4. Stock Distributed,3760.0,8130.0,4870.0,4780.0,7000.0,6110.0,5370.0,4540.0,2320.0,5880.0,4740.0,5190.0,62690.0
East Khasi Hills,16.1.3,Stock position of TT vaccines,5. Total Stock,5870.0,5740.0,5870.0,6090.0,7090.0,5980.0,6610.0,2070.0,5750.0,7870.0,10130.0,4940.0,74010.0
East Khasi Hills,16.1.4,Stock position of DT vaccines,1. Balance From Previous Month,,,,,,,,,,,,,
East Khasi Hills,16.1.4,Stock position of DT vaccines,2. Stocks Received,,,,,,,,,,,,,
East Khasi Hills,16.1.4,Stock position of DT vaccines,3. Unusable Stock,,,,,,,,,,,,,
East Khasi Hills,16.1.4,Stock position of DT vaccines,4. Stock Distributed,,,,,,,,,,,,,
East Khasi Hills,16.1.4,Stock position of DT vaccines,5. Total Stock,0.0,0.0,0.0,0.0,0.0,0.0,0.0,0.0,0.0,0.0,0.0,0.0,0.0
East Khasi Hills,16.1.5,Stock position of BCG vaccines,1. Balance From Previous Month,2640.0,2470.0,70.0,1710.0,4270.0,4710.0,2830.0,4430.0,4890.0,7350.0,6200.0,7420.0,48990.0
East Khasi Hills,16.1.5,Stock position of BCG vaccines,2. Stocks Received,5000.0,5000.0,5000.0,6000.0,6000.0,3000.0,5000.0,5000.0,5000.0,4000.0,5000.0,,54000.0
East Khasi Hills,16.1.5,Stock position of BCG vaccines,3. Unusable Stock,,,,,,,,,,,,,
East Khasi Hills,16.1.5,Stock position of BCG vaccines,4. Stock Distributed,5170.0,7400.0,3360.0,3440.0,5560.0,4880.0,3400.0,4540.0,2540.0,5150.0,3780.0,4630.0,53850.0
East Khasi Hills,16.1.5,Stock position of BCG vaccines,5. Total Stock,2470.0,70.0,1710.0,4270.0,4710.0,2830.0,4430.0,4890.0,7350.0,6200.0,7420.0,2790.0,49140.0
East Khasi Hills,16.1.6,Stock position of Measles vaccines,1. Balance From Previous Month,0.0,155.0,855.0,1950.0,2480.0,2795.0,3700.0,3580.0,2525.0,1790.0,3445.0,5720.0,28995.0
East Khasi Hills,16.1.6,Stock position of Measles vaccines,2. Stocks Received,2500.0,5500.0,4000.0,4000.0,5000.0,5000.0,3000.0,3000.0,3000.0,4000.0,5000.0,,44000.0
East Khasi Hills,16.1.6,Stock position of Measles vaccines,3. Unusable Stock,,,,,,,,,,,,,
East Khasi Hills,16.1.6,Stock position of Measles vaccines,4. Stock Distributed,2345.0,4800.0,2905.0,3470.0,4685.0,4095.0,3120.0,4055.0,3735.0,2345.0,2725.0,4465.0,42745.0
East Khasi Hills,16.1.6,Stock position of Measles vaccines,5. Total Stock,155.0,855.0,1950.0,2480.0,2795.0,3700.0,3580.0,2525.0,1790.0,3445.0,5720.0,1255.0,30250.0
East Khasi Hills,16.1.7,Stock position of JE vaccines,1. Balance From Previous Month,,,,,,,,,,,,,
East Khasi Hills,16.1.7,Stock position of JE vaccines,2. Stocks Received,,,,,,,,,,,,,
East Khasi Hills,16.1.7,Stock position of JE vaccines,3. Unusable Stock,,,,,,,,,,,,,
East Khasi Hills,16.1.7,Stock position of JE vaccines,4. Stock Distributed,,,,,,,,,,,,,
East Khasi Hills,16.1.7,Stock position of JE vaccines,5. Total Stock,0.0,0.0,0.0,0.0,0.0,0.0,0.0,0.0,0.0,0.0,0.0,0.0,0.0
East Khasi Hills,16.1.8,Stock position of Hepatitis B vaccines,1. Balance From Previous Month,5720.0,5900.0,2800.0,4780.0,5490.0,5150.0,3320.0,4430.0,4690.0,7830.0,7940.0,9680.0,67730.0
East Khasi Hills,16.1.8,Stock position of Hepatitis B vaccines,2. Stocks Received,5000.0,5000.0,6000.0,6000.0,8000.0,4000.0,6000.0,6000.0,6000.0,6000.0,6000.0,,64000.0
East Khasi Hills,16.1.8,Stock position of Hepatitis B vaccines,3. Unusable Stock,,,,,,,,,,,,,
East Khasi Hills,16.1.8,Stock position of Hepatitis B vaccines,4. Stock Distributed,4820.0,8100.0,4020.0,5290.0,8340.0,5830.0,4890.0,5740.0,2860.0,5890.0,4260.0,5770.0,65810.0
East Khasi Hills,16.1.8,Stock position of Hepatitis B vaccines,5. Total Stock,5900.0,2800.0,4780.0,5490.0,5150.0,3320.0,4430.0,4690.0,7830.0,7940.0,9680.0,3910.0,65920.0
East Khasi Hills,16.2.1,Stock Position of IU 380 A (to be used for Family Planning),1. Balance From Previous Month,4.0,0.0,740.0,0.0,0.0,1605.0,1170.0,937.0,707.0,657.0,432.0,107.0,6359.0
East Khasi Hills,16.2.1,Stock Position of IU 380 A (to be used for Family Planning),2. Stocks Received,0.0,1200.0,0.0,0.0,1800.0,,0.0,,0.0,,,1200.0,4200.0
East Khasi Hills,16.2.1,Stock Position of IU 380 A (to be used for Family Planning),3. Unusable Stock,,,,,,,,,,,,,
East Khasi Hills,16.2.1,Stock Position of IU 380 A (to be used for Family Planning),4. Stock Distributed,4.0,460.0,740.0,0.0,195.0,435.0,233.0,230.0,50.0,225.0,325.0,330.0,3227.0
East Khasi Hills,16.2.1,Stock Position of IU 380 A (to be used for Family Planning),5. Total Stock,0.0,740.0,0.0,0.0,1605.0,1170.0,937.0,707.0,657.0,432.0,107.0,977.0,7332.0
East Khasi Hills,16.2.2,Stock Position of Condoms (to be used for Family Planning),1. Balance From Previous Month,8500.0,500.0,21000.0,11000.0,9660.0,44980.0,37980.0,27380.0,18820.0,13780.0,7480.0,,201080.0
East Khasi Hills,16.2.2,Stock Position of Condoms (to be used for Family Planning),2. Stocks Received,0.0,30000.0,0.0,20580.0,50400.0,,0.0,,0.0,,,,100980.0
East Khasi Hills,16.2.2,Stock Position of Condoms (to be used for Family Planning),3. Unusable Stock,,,,,,,,,,,,,
East Khasi Hills,16.2.2,Stock Position of Condoms (to be used for Family Planning),4. Stock Distributed,8000.0,9500.0,10000.0,21920.0,15080.0,7000.0,10600.0,8560.0,5040.0,6300.0,7480.0,,109480.0
East Khasi Hills,16.2.2,Stock Position of Condoms (to be used for Family Planning),5. Total Stock,500.0,21000.0,11000.0,9660.0,44980.0,37980.0,27380.0,18820.0,13780.0,7480.0,0.0,0.0,192580.0
East Khasi Hills,16.2.3,Stock Position of Oral Contraceptive (to be used for Family Planning),1. Balance From Previous Month,5800.0,4800.0,3800.0,3000.0,1900.0,900.0,200.0,4000.0,2800.0,2400.0,1100.0,300.0,31000.0
East Khasi Hills,16.2.3,Stock Position of Oral Contraceptive (to be used for Family Planning),2. Stocks Received,0.0,0.0,0.0,0.0,0.0,,5000.0,,0.0,,,,5000.0
East Khasi Hills,16.2.3,Stock Position of Oral Contraceptive (to be used for Family Planning),3. Unusable Stock,,,,,,,,,,,,,
East Khasi Hills,16.2.3,Stock Position of Oral Contraceptive (to be used for Family Planning),4. Stock Distributed,1000.0,1000.0,800.0,1100.0,1000.0,700.0,1200.0,1200.0,400.0,1300.0,800.0,300.0,10800.0
East Khasi Hills,16.2.3,Stock Position of Oral Contraceptive (to be used for Family Planning),5. Total Stock,4800.0,3800.0,3000.0,1900.0,900.0,200.0,4000.0,2800.0,2400.0,1100.0,300.0,0.0,25200.0
East Khasi Hills,16.2.4,Stock Position of Emergency Contraceptive (to be used for Family Planning),1. Balance From Previous Month,10.0,0.0,850.0,350.0,4950.0,4600.0,4550.0,4450.0,4250.0,4150.0,3850.0,3700.0,35710.0
East Khasi Hills,16.2.4,Stock Position of Emergency Contraceptive (to be used for Family Planning),2. Stocks Received,0.0,1000.0,0.0,5000.0,0.0,,,,0.0,,,,6000.0
East Khasi Hills,16.2.4,Stock Position of Emergency Contraceptive (to be used for Family Planning),3. Unusable Stock,,,,,,,,,,,,,
East Khasi Hills,16.2.4,Stock Position of Emergency Contraceptive (to be used for Family Planning),4. Stock Distributed,10.0,150.0,500.0,400.0,350.0,50.0,100.0,200.0,100.0,300.0,150.0,,2310.0
East Khasi Hills,16.2.4,Stock Position of Emergency Contraceptive (to be used for Family Planning),5. Total Stock,0.0,850.0,350.0,4950.0,4600.0,4550.0,4450.0,4250.0,4150.0,3850.0,3700.0,3700.0,39400.0
East Khasi Hills,16.2.5,Stock Position of Tubal Rings (to be used for Family Planning),1. Balance From Previous Month,,,,,,,,,,,,,
East Khasi Hills,16.2.5,Stock Position of Tubal Rings (to be used for Family Planning),2. Stocks Received,,,,,,,,,,,,,
East Khasi Hills,16.2.5,Stock Position of Tubal Rings (to be used for Family Planning),3. Unusable Stock,,,,,,,,,,,,,
East Khasi Hills,16.2.5,Stock Position of Tubal Rings (to be used for Family Planning),4. Stock Distributed,,,,,,,,,,,,,
East Khasi Hills,16.2.5,Stock Position of Tubal Rings (to be used for Family Planning),5. Total Stock,0.0,0.0,0.0,0.0,0.0,0.0,0.0,0.0,0.0,0.0,0.0,0.0,0.0
East Khasi Hills,16.3.01,Stock Position of Oxytocin Injection,1. Balance From Previous Month,,,,,,,,,,,,,
East Khasi Hills,16.3.01,Stock Position of Oxytocin Injection,2. Stocks Received,,,,,,,,,,,,,
East Khasi Hills,16.3.01,Stock Position of Oxytocin Injection,3. Unusable Stock,,,,,,,,,,,,,
East Khasi Hills,16.3.01,Stock Position of Oxytocin Injection,4. Stock Distributed,,,,,,,,,,,,,
East Khasi Hills,16.3.01,Stock Position of Oxytocin Injection,5. Total Stock,0.0,0.0,0.0,0.0,0.0,0.0,0.0,0.0,0.0,0.0,0.0,0.0,0.0
East Khasi Hills,16.3.02,Stock Position of Gloves,1. Balance From Previous Month,,,,,,,,,,,,,
East Khasi Hills,16.3.02,Stock Position of Gloves,2. Stocks Received,,,,,,,,,,,,,
East Khasi Hills,16.3.02,Stock Position of Gloves,3. Unusable Stock,,,,,,,,,,,,,
East Khasi Hills,16.3.02,Stock Position of Gloves,4. Stock Distributed,,,,,,,,,,,,,
East Khasi Hills,16.3.02,Stock Position of Gloves,5. Total Stock,0.0,0.0,0.0,0.0,0.0,0.0,0.0,0.0,0.0,0.0,0.0,0.0,0.0
East Khasi Hills,16.3.03,Stock Position of MVA Syringes,1. Balance From Previous Month,14.0,14.0,12.0,12.0,12.0,12.0,12.0,12.0,12.0,12.0,12.0,12.0,148.0
East Khasi Hills,16.3.03,Stock Position of MVA Syringes,2. Stocks Received,0.0,0.0,0.0,0.0,0.0,,0.0,,0.0,,,,0.0
East Khasi Hills,16.3.03,Stock Position of MVA Syringes,3. Unusable Stock,,,,,,,,,,,,,
East Khasi Hills,16.3.03,Stock Position of MVA Syringes,4. Stock Distributed,0.0,2.0,0.0,0.0,0.0,0.0,0.0,,0.0,,,,2.0
East Khasi Hills,16.3.03,Stock Position of MVA Syringes,5. Total Stock,14.0,12.0,12.0,12.0,12.0,12.0,12.0,12.0,12.0,12.0,12.0,12.0,146.0
East Khasi Hills,16.3.04,Stock Position of Fluconazole Tablets,1. Balance From Previous Month,0.0,0.0,,,,,,,,,,,0.0
East Khasi Hills,16.3.04,Stock Position of Fluconazole Tablets,2. Stocks Received,0.0,0.0,,,,,,,,,,,0.0
East Khasi Hills,16.3.04,Stock Position of Fluconazole Tablets,3. Unusable Stock,,,,,,,,,,,,,
East Khasi Hills,16.3.04,Stock Position of Fluconazole Tablets,4. Stock Distributed,0.0,0.0,,,,,,,,,,,0.0
East Khasi Hills,16.3.04,Stock Position of Fluconazole Tablets,5. Total Stock,0.0,0.0,0.0,0.0,0.0,0.0,0.0,0.0,0.0,0.0,0.0,0.0,0.0
East Khasi Hills,16.3.05,Stock Position of Blood Transfusion Sets,1. Balance From Previous Month,,,,,,,,,,,,,
East Khasi Hills,16.3.05,Stock Position of Blood Transfusion Sets,2. Stocks Received,,,,,,,,,,,,,
East Khasi Hills,16.3.05,Stock Position of Blood Transfusion Sets,3. Unusable Stock,,,,,,,,,,,,,
East Khasi Hills,16.3.05,Stock Position of Blood Transfusion Sets,4. Stock Distributed,,,,,,,,,,,,,
East Khasi Hills,16.3.05,Stock Position of Blood Transfusion Sets,5. Total Stock,0.0,0.0,0.0,0.0,0.0,0.0,0.0,0.0,0.0,0.0,0.0,0.0,0.0
East Khasi Hills,16.3.06,Stock Position of Gluteraldehyde solution of 2% concentration,1. Balance From Previous Month,,,,,,,,,,,,,
East Khasi Hills,16.3.06,Stock Position of Gluteraldehyde solution of 2% concentration,2. Stocks Received,,,,,,,,,,,,,
East Khasi Hills,16.3.06,Stock Position of Gluteraldehyde solution of 2% concentration,3. Unusable Stock,,,,,,,,,,,,,
East Khasi Hills,16.3.06,Stock Position of Gluteraldehyde solution of 2% concentration,4. Stock Distributed,,,,,,,,,,,,,
East Khasi Hills,16.3.06,Stock Position of Gluteraldehyde solution of 2% concentration,5. Total Stock,0.0,0.0,0.0,0.0,0.0,0.0,0.0,0.0,0.0,0.0,0.0,0.0,0.0
East Khasi Hills,16.3.07,Stock Position of IFA Tablets,1. Balance From Previous Month,0.0,0.0,,,,,,,,,,,0.0
East Khasi Hills,16.3.07,Stock Position of IFA Tablets,2. Stocks Received,0.0,0.0,,,,,,,,,,,0.0
East Khasi Hills,16.3.07,Stock Position of IFA Tablets,3. Unusable Stock,,,,,,,,,,,,,
East Khasi Hills,16.3.07,Stock Position of IFA Tablets,4. Stock Distributed,0.0,0.0,,,,,,,,,,,0.0
East Khasi Hills,16.3.07,Stock Position of IFA Tablets,5. Total Stock,0.0,0.0,0.0,0.0,0.0,0.0,0.0,0.0,0.0,0.0,0.0,0.0,0.0
East Khasi Hills,16.3.08,Stock Position of IFA Syrup (Paediatric),1. Balance From Previous Month,,,,,,,,,,,,,
East Khasi Hills,16.3.08,Stock Position of IFA Syrup (Paediatric),2. Stocks Received,,,,,,,,,,,,,
East Khasi Hills,16.3.08,Stock Position of IFA Syrup (Paediatric),3. Unusable Stock,,,,,,,,,,,,,
East Khasi Hills,16.3.08,Stock Position of IFA Syrup (Paediatric),4. Stock Distributed,,,,,,,,,,,,,
East Khasi Hills,16.3.08,Stock Position of IFA Syrup (Paediatric),5. Total Stock,0.0,0.0,0.0,0.0,0.0,0.0,0.0,0.0,0.0,0.0,0.0,0.0,0.0
East Khasi Hills,16.3.09,Stock Position of Paediatrics Antibiotics (Cotrimaxozole and Injectable Gentamicin),1. Balance From Previous Month,,,,,,,,,,,,,
East Khasi Hills,16.3.09,Stock Position of Paediatrics Antibiotics (Cotrimaxozole and Injectable Gentamicin),2. Stocks Received,,,,,,,,,,,,,
East Khasi Hills,16.3.09,Stock Position of Paediatrics Antibiotics (Cotrimaxozole and Injectable Gentamicin),3. Unusable Stock,,,,,,,,,,,,,
East Khasi Hills,16.3.09,Stock Position of Paediatrics Antibiotics (Cotrimaxozole and Injectable Gentamicin),4. Stock Distributed,,,,,,,,,,,,,
East Khasi Hills,16.3.09,Stock Position of Paediatrics Antibiotics (Cotrimaxozole and Injectable Gentamicin),5. Total Stock,0.0,0.0,0.0,0.0,0.0,0.0,0.0,0.0,0.0,0.0,0.0,0.0,0.0
East Khasi Hills,16.3.10,Stock Position of Vitamin A solution,1. Balance From Previous Month,,,,,,,,,,,,,
East Khasi Hills,16.3.10,Stock Position of Vitamin A solution,2. Stocks Received,,,,,,,,,,,,,
East Khasi Hills,16.3.10,Stock Position of Vitamin A solution,3. Unusable Stock,,,,,,,,,,,,,
East Khasi Hills,16.3.10,Stock Position of Vitamin A solution,4. Stock Distributed,,,,,,,,,,,,,
East Khasi Hills,16.3.10,Stock Position of Vitamin A solution,5. Total Stock,0.0,0.0,0.0,0.0,0.0,0.0,0.0,0.0,0.0,0.0,0.0,0.0,0.0
East Khasi Hills,16.3.11,Stock of ORS (New WHO formulation),1. Balance From Previous Month,,,,,,,,,,,,,
East Khasi Hills,16.3.11,Stock of ORS (New WHO formulation),2. Stocks Received,,,,,,,,,,,,,
East Khasi Hills,16.3.11,Stock of ORS (New WHO formulation),3. Unusable Stock,,,,,,,,,,,,,
East Khasi Hills,16.3.11,Stock of ORS (New WHO formulation),4. Stock Distributed,,,,,,,,,,,,,
East Khasi Hills,16.3.11,Stock of ORS (New WHO formulation),5. Total Stock,0.0,0.0,0.0,0.0,0.0,0.0,0.0,0.0,0.0,0.0,0.0,0.0,0.0
East Khasi Hills,16.4.1,Stock Position of 0.1 ml Syringes(AD),1. Balance From Previous Month,0.0,4520.0,1310.0,5950.0,4040.0,1740.0,2590.0,1400.0,35.0,2175.0,605.0,3935.0,28300.0
East Khasi Hills,16.4.1,Stock Position of 0.1 ml Syringes(AD),2. Stocks Received,6000.0,0.0,6000.0,0.0,0.0,3000.0,,,3000.0,,4000.0,,22000.0
East Khasi Hills,16.4.1,Stock Position of 0.1 ml Syringes(AD),3. Unusable Stock,,,,,,,,,,,,,
East Khasi Hills,16.4.1,Stock Position of 0.1 ml Syringes(AD),4. Stock Distributed,1480.0,3210.0,1360.0,1910.0,2300.0,2150.0,1190.0,1365.0,860.0,1570.0,670.0,1590.0,19655.0
East Khasi Hills,16.4.1,Stock Position of 0.1 ml Syringes(AD),5. Total Stock,4520.0,1310.0,5950.0,4040.0,1740.0,2590.0,1400.0,35.0,2175.0,605.0,3935.0,2345.0,30645.0
East Khasi Hills,16.4.2,Stock Position of 0.5 ml Syringes(AD),1. Balance From Previous Month,1400.0,30600.0,2700.0,16500.0,2900.0,700.0,5300.0,20100.0,3900.0,20700.0,4900.0,22900.0,132600.0
East Khasi Hills,16.4.2,Stock Position of 0.5 ml Syringes(AD),2. Stocks Received,42000.0,,24000.0,0.0,19200.0,21600.0,25200.0,,24000.0,,30000.0,,186000.0
East Khasi Hills,16.4.2,Stock Position of 0.5 ml Syringes(AD),3. Unusable Stock,,,,,,,,,,,,,
East Khasi Hills,16.4.2,Stock Position of 0.5 ml Syringes(AD),4. Stock Distributed,12800.0,27900.0,10200.0,13600.0,21400.0,17000.0,10400.0,16200.0,7200.0,15800.0,12000.0,13900.0,178400.0
East Khasi Hills,16.4.2,Stock Position of 0.5 ml Syringes(AD),5. Total Stock,30600.0,2700.0,16500.0,2900.0,700.0,5300.0,20100.0,3900.0,20700.0,4900.0,22900.0,9000.0,140200.0
East Khasi Hills,16.4.3,Stock Position of 5.0 ml Syringes(Disposable),1. Balance From Previous Month,1325.0,1025.0,1205.0,1005.0,955.0,115.0,1215.0,1135.0,135.0,85.0,75.0,1875.0,10150.0
East Khasi Hills,16.4.3,Stock Position of 5.0 ml Syringes(Disposable),2. Stocks Received,0.0,2000.0,0.0,0.0,0.0,2000.0,0.0,,0.0,,2000.0,,6000.0
East Khasi Hills,16.4.3,Stock Position of 5.0 ml Syringes(Disposable),3. Unusable Stock,,,,,,,,,,,,,
East Khasi Hills,16.4.3,Stock Position of 5.0 ml Syringes(Disposable),4. Stock Distributed,300.0,1820.0,200.0,50.0,840.0,900.0,80.0,1000.0,50.0,10.0,200.0,620.0,6070.0
East Khasi Hills,16.4.3,Stock Position of 5.0 ml Syringes(Disposable),5. Total Stock,1025.0,1205.0,1005.0,955.0,115.0,1215.0,1135.0,135.0,85.0,75.0,1875.0,1255.0,10080.0
East Khasi Hills,17.1,Number of cases of Infant deaths within 24 hrs of birth,TOTAL,15.0,20.0,23.0,21.0,20.0,21.0,16.0,13.0,11.0,13.0,16.0,14.0,203.0
East Khasi Hills,17.2.1,Number of cases of Infant deaths 24 hours to 4 weeks of birth with the probable cause being Sepsis,1. Up to 1 Weeks of Birth,2.0,3.0,2.0,6.0,2.0,3.0,5.0,3.0,3.0,5.0,2.0,1.0,37.0
East Khasi Hills,17.2.1,Number of cases of Infant deaths 24 hours to 4 weeks of birth with the probable cause being Sepsis,2. Between 1 week & 4 weeks of birth,,,,,,,,,1.0,,1.0,,2.0
East Khasi Hills,17.2.1,Number of cases of Infant deaths 24 hours to 4 weeks of birth with the probable cause being Sepsis,3. Total,2.0,3.0,2.0,6.0,2.0,3.0,5.0,3.0,4.0,5.0,3.0,1.0,39.0
East Khasi Hills,17.2.2,Number of cases of Infant deaths 24 hours to 4 weeks of birth with the probable cause being Asphyxia,1. Up to 1 Weeks of Birth,7.0,4.0,5.0,10.0,3.0,10.0,14.0,9.0,5.0,8.0,8.0,10.0,93.0
East Khasi Hills,17.2.2,Number of cases of Infant deaths 24 hours to 4 weeks of birth with the probable cause being Asphyxia,2. Between 1 week & 4 weeks of birth,,,,,,,,,,,,,
East Khasi Hills,17.2.2,Number of cases of Infant deaths 24 hours to 4 weeks of birth with the probable cause being Asphyxia,3. Total,7.0,4.0,5.0,10.0,3.0,10.0,14.0,9.0,5.0,8.0,8.0,10.0,93.0
East Khasi Hills,17.2.3,Number of cases of Infant deaths 24 hours to 4 weeks of birth with the probable cause being LBW,1. Up to 1 Weeks of Birth,2.0,1.0,1.0,3.0,2.0,3.0,3.0,,1.0,1.0,2.0,2.0,21.0
East Khasi Hills,17.2.3,Number of cases of Infant deaths 24 hours to 4 weeks of birth with the probable cause being LBW,2. Between 1 week & 4 weeks of birth,,,,,,1.0,1.0,1.0,,,2.0,,5.0
East Khasi Hills,17.2.3,Number of cases of Infant deaths 24 hours to 4 weeks of birth with the probable cause being LBW,3. Total,2.0,1.0,1.0,3.0,2.0,4.0,4.0,1.0,1.0,1.0,4.0,2.0,26.0
East Khasi Hills,17.2.4,"Number of cases of Infant deaths 24 hours to 4 weeks of birth with the probable cause being other than Sepsis, Asphyxia and LBW",1. Up to 1 Weeks of Birth,10.0,8.0,15.0,12.0,16.0,11.0,8.0,11.0,12.0,10.0,12.0,9.0,134.0
East Khasi Hills,17.2.4,"Number of cases of Infant deaths 24 hours to 4 weeks of birth with the probable cause being other than Sepsis, Asphyxia and LBW",2. Between 1 week & 4 weeks of birth,1.0,,4.0,3.0,3.0,,4.0,2.0,3.0,3.0,3.0,,26.0
East Khasi Hills,17.2.4,"Number of cases of Infant deaths 24 hours to 4 weeks of birth with the probable cause being other than Sepsis, Asphyxia and LBW",3. Total,11.0,8.0,19.0,15.0,19.0,11.0,12.0,13.0,15.0,13.0,15.0,9.0,160.0
East Khasi Hills,17.3.1,Number of cases of Infant or Child deaths between 1 month to 5 years of age with the probable cause being Pneumonia,1. Between 1 month and 11 months,8.0,3.0,3.0,4.0,3.0,6.0,7.0,8.0,5.0,5.0,7.0,10.0,69.0
East Khasi Hills,17.3.1,Number of cases of Infant or Child deaths between 1 month to 5 years of age with the probable cause being Pneumonia,2. Between 1 year & 5 years,1.0,2.0,1.0,,3.0,,,2.0,,,,,9.0
East Khasi Hills,17.3.1,Number of cases of Infant or Child deaths between 1 month to 5 years of age with the probable cause being Pneumonia,3. Total,9.0,5.0,4.0,4.0,6.0,6.0,7.0,10.0,5.0,5.0,7.0,10.0,78.0
East Khasi Hills,17.3.2,Number of cases of Infant or Child deaths between 1 month to 5 years of age with the probable cause being Diarrhoea,1. Between 1 month and 11 months,,1.0,1.0,1.0,,1.0,1.0,1.0,2.0,6.0,2.0,1.0,17.0
East Khasi Hills,17.3.2,Number of cases of Infant or Child deaths between 1 month to 5 years of age with the probable cause being Diarrhoea,2. Between 1 year & 5 years,,1.0,1.0,1.0,1.0,,1.0,,,2.0,1.0,,8.0
East Khasi Hills,17.3.2,Number of cases of Infant or Child deaths between 1 month to 5 years of age with the probable cause being Diarrhoea,3. Total,,2.0,2.0,2.0,1.0,1.0,2.0,1.0,2.0,8.0,3.0,1.0,25.0
East Khasi Hills,17.3.3,Number of cases of Infant or Child deaths between 1 month to 5 years of age with the probable cause being Fever related,1. Between 1 month and 11 months,4.0,2.0,1.0,3.0,4.0,3.0,4.0,6.0,3.0,,2.0,3.0,35.0
East Khasi Hills,17.3.3,Number of cases of Infant or Child deaths between 1 month to 5 years of age with the probable cause being Fever related,2. Between 1 year & 5 years,3.0,2.0,4.0,1.0,4.0,3.0,2.0,,2.0,1.0,1.0,,23.0
East Khasi Hills,17.3.3,Number of cases of Infant or Child deaths between 1 month to 5 years of age with the probable cause being Fever related,3. Total,7.0,4.0,5.0,4.0,8.0,6.0,6.0,6.0,5.0,1.0,3.0,3.0,58.0
East Khasi Hills,17.3.4,Number of cases of Infant or Child deaths between 1 month to 5 years of age with the probable cause being Measles,1. Between 1 month and 11 months,,,,,,,,,,,,,
East Khasi Hills,17.3.4,Number of cases of Infant or Child deaths between 1 month to 5 years of age with the probable cause being Measles,2. Between 1 year & 5 years,1.0,,,,,,,,,,,,1.0
East Khasi Hills,17.3.4,Number of cases of Infant or Child deaths between 1 month to 5 years of age with the probable cause being Measles,3. Total,1.0,,,,,,,,,,,,1.0
East Khasi Hills,17.3.5,"Number of cases of Infant or Child deaths between 1 month to 5 years of age with the probable cause being other than Pneumonia, Diarrhoea, Fever related and Measles",1. Between 1 month and 11 months,18.0,32.0,23.0,17.0,15.0,19.0,22.0,24.0,17.0,27.0,23.0,21.0,258.0
East Khasi Hills,17.3.5,"Number of cases of Infant or Child deaths between 1 month to 5 years of age with the probable cause being other than Pneumonia, Diarrhoea, Fever related and Measles",2. Between 1 year & 5 years,6.0,7.0,7.0,13.0,15.0,13.0,12.0,14.0,3.0,6.0,6.0,11.0,113.0
East Khasi Hills,17.3.5,"Number of cases of Infant or Child deaths between 1 month to 5 years of age with the probable cause being other than Pneumonia, Diarrhoea, Fever related and Measles",3. Total,24.0,39.0,30.0,30.0,30.0,32.0,34.0,38.0,20.0,33.0,29.0,32.0,371.0
East Khasi Hills,17.4.1,Number of cases of Adolescent or Adult deaths (age 6 years & above) with the probable cause being Diarrhoeal diseases,1. 6-14 yrs,,,,,,,,,1.0,1.0,,1.0,3.0
East Khasi Hills,17.4.1,Number of cases of Adolescent or Adult deaths (age 6 years & above) with the probable cause being Diarrhoeal diseases,2. 15-55 yrs.,2.0,3.0,7.0,,1.0,1.0,1.0,1.0,,1.0,1.0,2.0,20.0
East Khasi Hills,17.4.1,Number of cases of Adolescent or Adult deaths (age 6 years & above) with the probable cause being Diarrhoeal diseases,3. Above 55 yrs.,1.0,,1.0,,1.0,4.0,2.0,,,1.0,,2.0,12.0
East Khasi Hills,17.4.1,Number of cases of Adolescent or Adult deaths (age 6 years & above) with the probable cause being Diarrhoeal diseases,4. Total,3.0,3.0,8.0,,2.0,5.0,3.0,1.0,1.0,3.0,1.0,5.0,35.0
East Khasi Hills,17.4.2,Number of cases of Adolescent or Adult deaths (age 6 years & above) with the probable cause being Tuberculosis,1. 6-14 yrs,,1.0,,1.0,2.0,,,,,,,,4.0
East Khasi Hills,17.4.2,Number of cases of Adolescent or Adult deaths (age 6 years & above) with the probable cause being Tuberculosis,2. 15-55 yrs.,9.0,13.0,15.0,9.0,9.0,2.0,8.0,9.0,4.0,,5.0,3.0,86.0
East Khasi Hills,17.4.2,Number of cases of Adolescent or Adult deaths (age 6 years & above) with the probable cause being Tuberculosis,3. Above 55 yrs.,2.0,2.0,3.0,,5.0,1.0,1.0,2.0,,1.0,3.0,1.0,21.0
East Khasi Hills,17.4.2,Number of cases of Adolescent or Adult deaths (age 6 years & above) with the probable cause being Tuberculosis,4. Total,11.0,16.0,18.0,10.0,16.0,3.0,9.0,11.0,4.0,1.0,8.0,4.0,111.0
East Khasi Hills,17.4.3,Number of cases of Adolescent or Adult deaths (age 6 years & above) with the probable cause being Respiratory diseases including infections,1. 6-14 yrs,,1.0,1.0,,1.0,,1.0,,,,,,4.0
East Khasi Hills,17.4.3,Number of cases of Adolescent or Adult deaths (age 6 years & above) with the probable cause being Respiratory diseases including infections,2. 15-55 yrs.,5.0,,2.0,5.0,5.0,5.0,3.0,4.0,7.0,3.0,7.0,6.0,52.0
East Khasi Hills,17.4.3,Number of cases of Adolescent or Adult deaths (age 6 years & above) with the probable cause being Respiratory diseases including infections,3. Above 55 yrs.,7.0,7.0,2.0,4.0,3.0,2.0,1.0,3.0,5.0,1.0,1.0,2.0,38.0
East Khasi Hills,17.4.3,Number of cases of Adolescent or Adult deaths (age 6 years & above) with the probable cause being Respiratory diseases including infections,4. Total,12.0,8.0,5.0,9.0,9.0,7.0,5.0,7.0,12.0,4.0,8.0,8.0,94.0
East Khasi Hills,17.4.4,Number of cases of Adolescent or Adult deaths (age 6 years & above) with the probable cause being Malaria,1. 6-14 yrs,,,,,3.0,1.0,1.0,2.0,,,,,7.0
East Khasi Hills,17.4.4,Number of cases of Adolescent or Adult deaths (age 6 years & above) with the probable cause being Malaria,2. 15-55 yrs.,1.0,,,3.0,2.0,1.0,,11.0,,,,,18.0
East Khasi Hills,17.4.4,Number of cases of Adolescent or Adult deaths (age 6 years & above) with the probable cause being Malaria,3. Above 55 yrs.,,,,,1.0,,,,,,,,1.0
East Khasi Hills,17.4.4,Number of cases of Adolescent or Adult deaths (age 6 years & above) with the probable cause being Malaria,4. Total,1.0,,,3.0,6.0,2.0,1.0,13.0,,,,,26.0
East Khasi Hills,17.4.5,Number of cases of Adolescent or Adult deaths (age 6 years & above) with the probable cause being other Fever related,1. 6-14 yrs,,1.0,,,1.0,1.0,2.0,2.0,1.0,1.0,1.0,,10.0
East Khasi Hills,17.4.5,Number of cases of Adolescent or Adult deaths (age 6 years & above) with the probable cause being other Fever related,2. 15-55 yrs.,4.0,2.0,1.0,2.0,5.0,4.0,5.0,4.0,5.0,4.0,11.0,5.0,52.0
East Khasi Hills,17.4.5,Number of cases of Adolescent or Adult deaths (age 6 years & above) with the probable cause being other Fever related,3. Above 55 yrs.,1.0,2.0,,1.0,2.0,1.0,2.0,5.0,4.0,1.0,3.0,1.0,23.0
East Khasi Hills,17.4.5,Number of cases of Adolescent or Adult deaths (age 6 years & above) with the probable cause being other Fever related,4. Total,5.0,5.0,1.0,3.0,8.0,6.0,9.0,11.0,10.0,6.0,15.0,6.0,85.0
East Khasi Hills,17.4.6,Number of cases of Adolescent or Adult deaths (age 6 years & above) with the probable cause being HIV/AIDS,1. 6-14 yrs,,,,,,,,,,,,,
East Khasi Hills,17.4.6,Number of cases of Adolescent or Adult deaths (age 6 years & above) with the probable cause being HIV/AIDS,2. 15-55 yrs.,1.0,,,,,,,,,1.0,,,2.0
East Khasi Hills,17.4.6,Number of cases of Adolescent or Adult deaths (age 6 years & above) with the probable cause being HIV/AIDS,3. Above 55 yrs.,,,,,,,,,,,,,
East Khasi Hills,17.4.6,Number of cases of Adolescent or Adult deaths (age 6 years & above) with the probable cause being HIV/AIDS,4. Total,1.0,,,,,,,,,1.0,,,2.0
East Khasi Hills,17.4.7,Number of cases of Adolescent or Adult deaths (age 6 years & above) with the probable cause being Heart disease or related to Hypertension,1. 6-14 yrs,,,,,,,,,,,1.0,,1.0
East Khasi Hills,17.4.7,Number of cases of Adolescent or Adult deaths (age 6 years & above) with the probable cause being Heart disease or related to Hypertension,2. 15-55 yrs.,5.0,8.0,13.0,12.0,14.0,14.0,11.0,13.0,10.0,11.0,10.0,11.0,132.0
East Khasi Hills,17.4.7,Number of cases of Adolescent or Adult deaths (age 6 years & above) with the probable cause being Heart disease or related to Hypertension,3. Above 55 yrs.,15.0,10.0,6.0,8.0,4.0,7.0,11.0,13.0,10.0,6.0,15.0,9.0,114.0
East Khasi Hills,17.4.7,Number of cases of Adolescent or Adult deaths (age 6 years & above) with the probable cause being Heart disease or related to Hypertension,4. Total,20.0,18.0,19.0,20.0,18.0,21.0,22.0,26.0,20.0,17.0,26.0,20.0,247.0
East Khasi Hills,17.4.8,Number of cases of Adolescent or Adult deaths (age 6 years & above) with the probable cause being Neurological disease including strokes,1. 6-14 yrs,,,,,,,,,,,,,
East Khasi Hills,17.4.8,Number of cases of Adolescent or Adult deaths (age 6 years & above) with the probable cause being Neurological disease including strokes,2. 15-55 yrs.,2.0,3.0,6.0,2.0,3.0,8.0,3.0,1.0,14.0,7.0,7.0,7.0,63.0
East Khasi Hills,17.4.8,Number of cases of Adolescent or Adult deaths (age 6 years & above) with the probable cause being Neurological disease including strokes,3. Above 55 yrs.,3.0,9.0,4.0,5.0,5.0,2.0,8.0,1.0,5.0,13.0,4.0,4.0,63.0
East Khasi Hills,17.4.8,Number of cases of Adolescent or Adult deaths (age 6 years & above) with the probable cause being Neurological disease including strokes,4. Total,5.0,12.0,10.0,7.0,8.0,10.0,11.0,2.0,19.0,20.0,11.0,11.0,126.0
East Khasi Hills,17.4.9(a),Number of cases of Maternal deaths (age 15-49 years) with the probable cause being Abortion,1. 6-14 yrs,,,,,,,,,,,,,
East Khasi Hills,17.4.9(a),Number of cases of Maternal deaths (age 15-49 years) with the probable cause being Abortion,2. 15-49 yrs,,,,,,,,,,,,,
East Khasi Hills,17.4.9(a),Number of cases of Maternal deaths (age 15-49 years) with the probable cause being Abortion,3. Above 49 yrs.,,,,,,,,,,,,,
East Khasi Hills,17.4.9(a),Number of cases of Maternal deaths (age 15-49 years) with the probable cause being Abortion,4. Total,,,,,,,,,,,,,
East Khasi Hills,17.4.9(b),Number of cases of Maternal deaths (age 15-49 years) with the probable cause being Obstructed or prolonged labour,1. 6-14 yrs,,,,,,,,,,,,,
East Khasi Hills,17.4.9(b),Number of cases of Maternal deaths (age 15-49 years) with the probable cause being Obstructed or prolonged labour,2. 15-49 yrs,,,,,,,,,1.0,,,,1.0
East Khasi Hills,17.4.9(b),Number of cases of Maternal deaths (age 15-49 years) with the probable cause being Obstructed or prolonged labour,3. Above 49 yrs.,,,,,,,,,,,,,
East Khasi Hills,17.4.9(b),Number of cases of Maternal deaths (age 15-49 years) with the probable cause being Obstructed or prolonged labour,4. Total,,,,,,,,,1.0,,,,1.0
East Khasi Hills,17.4.9(c),Number of cases of Maternal deaths (age 15-49 years) with the probable cause being Severe hypertesnion or fits,1. 6-14 yrs,,,,,,,,,,,,,
East Khasi Hills,17.4.9(c),Number of cases of Maternal deaths (age 15-49 years) with the probable cause being Severe hypertesnion or fits,2. 15-49 yrs,,,,,1.0,,,,,,,,1.0
East Khasi Hills,17.4.9(c),Number of cases of Maternal deaths (age 15-49 years) with the probable cause being Severe hypertesnion or fits,3. Above 49 yrs.,,,,,,,,,,,,,
East Khasi Hills,17.4.9(c),Number of cases of Maternal deaths (age 15-49 years) with the probable cause being Severe hypertesnion or fits,4. Total,,,,,1.0,,,,,,,,1.0
East Khasi Hills,17.4.9(d),Number of cases of Maternal deaths (age 15-49 years) with the probable cause being Bleeding,1. 6-14 yrs,,,,,,,,,,,,,
East Khasi Hills,17.4.9(d),Number of cases of Maternal deaths (age 15-49 years) with the probable cause being Bleeding,2. 15-49 yrs,2.0,,,2.0,1.0,2.0,3.0,,,1.0,1.0,,12.0
East Khasi Hills,17.4.9(d),Number of cases of Maternal deaths (age 15-49 years) with the probable cause being Bleeding,3. Above 49 yrs.,,,,,,,,,,,,,
East Khasi Hills,17.4.9(d),Number of cases of Maternal deaths (age 15-49 years) with the probable cause being Bleeding,4. Total,2.0,,,2.0,1.0,2.0,3.0,,,1.0,1.0,,12.0
East Khasi Hills,17.4.9(e),Number of cases of Maternal deaths (age 15-49 years) with the probable cause being High Fever,1. 6-14 yrs,,,,,,,,,,,,,
East Khasi Hills,17.4.9(e),Number of cases of Maternal deaths (age 15-49 years) with the probable cause being High Fever,2. 15-49 yrs,,,,1.0,,,,,,,,,1.0
East Khasi Hills,17.4.9(e),Number of cases of Maternal deaths (age 15-49 years) with the probable cause being High Fever,3. Above 49 yrs.,,,,,,,,,,,,,
East Khasi Hills,17.4.9(e),Number of cases of Maternal deaths (age 15-49 years) with the probable cause being High Fever,4. Total,,,,1.0,,,,,,,,,1.0
East Khasi Hills,17.4.9(f),Number of cases of Maternal deaths (age 15-49 years) with the probable cause being other causes (excluding abortion; obstructed or prolonged labour; severe hypertension or fits;,1. 6-14 yrs,,,,,,,,,,,,,
East Khasi Hills,17.4.9(f),Number of cases of Maternal deaths (age 15-49 years) with the probable cause being other causes (excluding abortion; obstructed or prolonged labour; severe hypertension or fits;,2. 15-49 yrs,3.0,5.0,1.0,1.0,2.0,2.0,4.0,6.0,3.0,3.0,,6.0,36.0
East Khasi Hills,17.4.9(f),Number of cases of Maternal deaths (age 15-49 years) with the probable cause being other causes (excluding abortion; obstructed or prolonged labour; severe hypertension or fits;,3. Above 49 yrs.,,,,,,,,,,,,,
East Khasi Hills,17.4.9(f),Number of cases of Maternal deaths (age 15-49 years) with the probable cause being other causes (excluding abortion; obstructed or prolonged labour; severe hypertension or fits;,4. Total,3.0,5.0,1.0,1.0,2.0,2.0,4.0,6.0,3.0,3.0,,6.0,36.0
East Khasi Hills,17.4.10,Number of cases of Adolescent or Adult deaths (age 6 years & above) with the probable cause being Trauma or Accidents or Burn cases,1. 6-14 yrs,,2.0,1.0,1.0,,,,,1.0,1.0,1.0,1.0,8.0
East Khasi Hills,17.4.10,Number of cases of Adolescent or Adult deaths (age 6 years & above) with the probable cause being Trauma or Accidents or Burn cases,2. 15-55 yrs.,13.0,6.0,10.0,4.0,9.0,8.0,4.0,1.0,7.0,8.0,8.0,10.0,88.0
East Khasi Hills,17.4.10,Number of cases of Adolescent or Adult deaths (age 6 years & above) with the probable cause being Trauma or Accidents or Burn cases,3. Above 55 yrs.,1.0,,1.0,1.0,3.0,1.0,,1.0,3.0,2.0,,,13.0
East Khasi Hills,17.4.10,Number of cases of Adolescent or Adult deaths (age 6 years & above) with the probable cause being Trauma or Accidents or Burn cases,4. Total,14.0,8.0,12.0,6.0,12.0,9.0,4.0,2.0,11.0,11.0,9.0,11.0,109.0
East Khasi Hills,17.4.11,Number of cases of Adolescent or Adult deaths (age 6 years & above) with the probable cause being suicide,1. 6-14 yrs,,,,,,,,,,,1.0,,1.0
East Khasi Hills,17.4.11,Number of cases of Adolescent or Adult deaths (age 6 years & above) with the probable cause being suicide,2. 15-55 yrs.,2.0,1.0,3.0,,4.0,2.0,,2.0,,4.0,3.0,2.0,23.0
East Khasi Hills,17.4.11,Number of cases of Adolescent or Adult deaths (age 6 years & above) with the probable cause being suicide,3. Above 55 yrs.,,,,,,,1.0,,,,1.0,,2.0
East Khasi Hills,17.4.11,Number of cases of Adolescent or Adult deaths (age 6 years & above) with the probable cause being suicide,4. Total,2.0,1.0,3.0,,4.0,2.0,1.0,2.0,,4.0,5.0,2.0,26.0
East Khasi Hills,17.4.12,Number of cases of Adolescent or Adult deaths (age 6 years & above) with the probable cause being Animal bites and stings,1. 6-14 yrs,,1.0,,,,,1.0,,,,,,2.0
East Khasi Hills,17.4.12,Number of cases of Adolescent or Adult deaths (age 6 years & above) with the probable cause being Animal bites and stings,2. 15-55 yrs.,,,,,1.0,2.0,1.0,,,,,,4.0
East Khasi Hills,17.4.12,Number of cases of Adolescent or Adult deaths (age 6 years & above) with the probable cause being Animal bites and stings,3. Above 55 yrs.,,,,,,,,,,,,1.0,1.0
East Khasi Hills,17.4.12,Number of cases of Adolescent or Adult deaths (age 6 years & above) with the probable cause being Animal bites and stings,4. Total,,1.0,,,1.0,2.0,2.0,,,,,1.0,7.0
East Khasi Hills,17.4.13(a),Number of cases of Adolescent or Adult deaths (age 6 years & above) with the probable cause being Known Acute disease,1. 6-14 yrs,,2.0,2.0,3.0,1.0,4.0,1.0,2.0,1.0,3.0,,1.0,20.0
East Khasi Hills,17.4.13(a),Number of cases of Adolescent or Adult deaths (age 6 years & above) with the probable cause being Known Acute disease,2. 15-55 yrs.,10.0,16.0,15.0,16.0,13.0,16.0,18.0,15.0,14.0,18.0,8.0,10.0,169.0
East Khasi Hills,17.4.13(a),Number of cases of Adolescent or Adult deaths (age 6 years & above) with the probable cause being Known Acute disease,3. Above 55 yrs.,4.0,6.0,1.0,3.0,8.0,8.0,3.0,5.0,7.0,7.0,3.0,8.0,63.0
East Khasi Hills,17.4.13(a),Number of cases of Adolescent or Adult deaths (age 6 years & above) with the probable cause being Known Acute disease,4. Total,14.0,24.0,18.0,22.0,22.0,28.0,22.0,22.0,22.0,28.0,11.0,19.0,252.0
East Khasi Hills,17.4.13(b),Number of cases of Adolescent or Adult deaths (age 6 years & above) with the probable cause being Known Chronic disease,1. 6-14 yrs,2.0,1.0,7.0,2.0,4.0,1.0,1.0,2.0,2.0,2.0,,,24.0
East Khasi Hills,17.4.13(b),Number of cases of Adolescent or Adult deaths (age 6 years & above) with the probable cause being Known Chronic disease,2. 15-55 yrs.,46.0,52.0,40.0,54.0,57.0,51.0,36.0,44.0,48.0,39.0,28.0,27.0,522.0
East Khasi Hills,17.4.13(b),Number of cases of Adolescent or Adult deaths (age 6 years & above) with the probable cause being Known Chronic disease,3. Above 55 yrs.,42.0,49.0,37.0,38.0,40.0,38.0,31.0,33.0,48.0,47.0,50.0,40.0,493.0
East Khasi Hills,17.4.13(b),Number of cases of Adolescent or Adult deaths (age 6 years & above) with the probable cause being Known Chronic disease,4. Total,90.0,102.0,84.0,94.0,101.0,90.0,68.0,79.0,98.0,88.0,78.0,67.0,1039.0
East Khasi Hills,17.4.13(c),Number of cases of Adolescent or Adult deaths (age 6 years & above) where the cause was not known,1. 6-14 yrs,5.0,5.0,1.0,3.0,2.0,6.0,7.0,4.0,6.0,4.0,3.0,4.0,50.0
East Khasi Hills,17.4.13(c),Number of cases of Adolescent or Adult deaths (age 6 years & above) where the cause was not known,2. 15-55 yrs.,36.0,40.0,50.0,41.0,56.0,37.0,48.0,50.0,36.0,47.0,44.0,50.0,535.0
East Khasi Hills,17.4.13(c),Number of cases of Adolescent or Adult deaths (age 6 years & above) where the cause was not known,3. Above 55 yrs.,52.0,79.0,62.0,61.0,55.0,50.0,53.0,61.0,46.0,86.0,74.0,57.0,736.0
East Khasi Hills,17.4.13(c),Number of cases of Adolescent or Adult deaths (age 6 years & above) where the cause was not known,4. Total,93.0,124.0,113.0,105.0,113.0,93.0,108.0,115.0,88.0,137.0,121.0,111.0,1321.0
North Garo Hills,1.1,Total number of pregnant women Registered for ANC,TOTAL,,,,,,,,,,,,,
North Garo Hills,1.1.1,Of which Number registered within first trimester (within 12 weeks),TOTAL,,,,,,,,,,,,,
North Garo Hills,1.2,Number of Pregnant women registered under JSY,TOTAL,,,,,,,,,,,,,
North Garo Hills,1.3,Number of pregnant women received 3 ANC check ups during pregnancy,TOTAL,,,,,,,,,,,,,
North Garo Hills,1.4.1,Number of pregnant women given TT1 during current pregnancy,TOTAL,,,,,,,,,,,,,
North Garo Hills,1.4.2,Number of pregnant women given TT2 or Booster during current pregnancy,TOTAL,,,,,,,,,,,,,
North Garo Hills,1.5,Total number of pregnant women given 100 IFA tablets,TOTAL,,,,,,,,,,,,,
North Garo Hills,1.6.1,Number of new cases of Hypertension (BP>140/90) detected in Pregnant women at the institution,TOTAL,,,,,,,,,,,,,
North Garo Hills,1.6.2,Number of Eclampsia cases managed during delivery,TOTAL,,,,,,,,,,,,,
North Garo Hills,1.7.1,Number of Pregnant women with anaemia i.e. Hb level<11 (tested cases),TOTAL,,,,,,,,,,,,,
North Garo Hills,1.7.2,Number of Pregnant women having severe anaemia (Hb<7) treated at institution,TOTAL,,,,,,,,,,,,,
North Garo Hills,1.8,Number of pregnancy test kits used at SC level,TOTAL,,,,,,,,,,,,,
North Garo Hills,2.1.1.a,Number of deliveries conducted at Home and attended by trained SBA(i.e. Doctor or Nurse or ANM),TOTAL,,,,,,,,,,,,,
North Garo Hills,2.1.1.b,Number of deliveries conducted at Home and attended by non trained SBA (i.e. trained TBA or Relatives etc.),TOTAL,,,,,,,,,,,,,
North Garo Hills,2.1.1.c,Total number of deliveries conducted at Home and attended by trained or non-trained SBA (i.e. sum of 2.1.1.a and 2.1.1.b),TOTAL,,,,,,,,,,,,,
North Garo Hills,2.1.2,Number of newborns visited within 24 hours of delivery for deliveries conducted at home,TOTAL,,,,,,,,,,,,,
North Garo Hills,2.1.3,Number of mothers paid JSY incentive for deliveries conducted at home,TOTAL,,,,,,,,,,,,,
North Garo Hills,2.2,Deliveries conducted at Public Institutions (Including C-Sections),TOTAL,,,,,,,,,,,,,
North Garo Hills,2.2.1,"Out of 2.2, Number discharged under 48 hours of delivery",TOTAL,,,,,,,,,,,,,
North Garo Hills,2.2.2.a,Number of mothers paid JSY Incentive for deliveries conducted at Public Institutions,TOTAL,,,,,,,,,,,,,
North Garo Hills,2.2.2.b,Number of ASHAs paid JSY Incentive for deliveries conducted at Public Institutions,TOTAL,,,,,,,,,,,,,
North Garo Hills,2.2.2.c,Number of cases of deliveries conducted at Public Institutions where JSY incentive was paid to ANMs or AWWs [only for High Performing States (HPS)],TOTAL,,,,,,,,,,,,,
North Garo Hills,2.3,Deliveries conducted at Private Institutions (Including C-Sections),TOTAL,,,,,,,,,,,,,
North Garo Hills,2.3.1.a,Number of mothers paid JSY Incentive for deliveries conducted at accredited Private Institutions,TOTAL,,,,,,,,,,,,,
North Garo Hills,2.3.1.b,Number of ASHAs paid JSY Incentive for deliveries conducted at accredited Private Institutions,TOTAL,,,,,,,,,,,,,
North Garo Hills,2.3.1.c,Number of cases of deliveries conducted at accredited Private Institutions where JSY incentive was paid to ANMs or AWWs [only for High Performing States (HPS)],TOTAL,,,,,,,,,,,,,
North Garo Hills,3.1.1,Number of Caesarean (C-Section) deliveries performed at PHCs (Primary Health Centre),TOTAL,,,,,,,,,,,,,
North Garo Hills,3.1.2,Number of Caesarean (C-Section) deliveries performed at CHCs (Community Health Centre),TOTAL,,,,,,,,,,,,,
North Garo Hills,3.1.3,Number of Caesarean (C-Section) deliveries performed at SDHs (Sub-divisional Hospital) or DHs (District Hospital),TOTAL,,,,,,,,,,,,,
North Garo Hills,3.1.4,Number of Caesarean (C-Section) deliveries performed at other State owned public institutions,TOTAL,,,,,,,,,,,,,
North Garo Hills,3.1.5,"Total Number of Caesarean (C-Section) deliveries performed at Public facilities i.e. PHC, CHC, SDH, DH and other State owned public institutions (sum of items from 3.1.1 to 3.1.4)",TOTAL,,,,,,,,,,,,,
North Garo Hills,3.2,No. of C-section deliveries performed at Private facilities,TOTAL,,,,,,,,,,,,,
North Garo Hills,4.1.1.a,Number of male live births,TOTAL,,,,,,,,,,,,,
North Garo Hills,4.1.1.b,Number of female live births,TOTAL,,,,,,,,,,,,,
North Garo Hills,4.1.1.c,Total number of male and female live births (4.1.1.a and 4.1.1.b),TOTAL,,,,,,,,,,,,,
North Garo Hills,4.1.2,Number of still births,TOTAL,,,,,,,,,,,,,
North Garo Hills,4.1.3,Number of Abortions (spontaneous or induced),TOTAL,,,,,,,,,,,,,
North Garo Hills,4.2.1,Number of Newborns weighed at birth,TOTAL,,,,,,,,,,,,,
North Garo Hills,4.2.2,Number of Newborns having weight less than 2.5 kg,TOTAL,,,,,,,,,,,,,
North Garo Hills,4.3,Number of Newborns breast fed within 1 hour of birth,TOTAL,,,,,,,,,,,,,
North Garo Hills,5.1.1,Number of cases of pregnant women with Obstetric Complications and attended at PHCs,TOTAL,,,,,,,,,,,,,
North Garo Hills,5.1.2,Number of cases of pregnant women with Obstetric Complications and attended at CHCs,TOTAL,,,,,,,,,,,,,
North Garo Hills,5.1.3,Number of cases of pregnant women with Obstetric Complications and attended at SDHs or DHs,TOTAL,,,,,,,,,,,,,
North Garo Hills,5.1.4,Number of cases of pregnant women with Obstetric Complications and attended at other State owned public institutions,TOTAL,,,,,,,,,,,,,
North Garo Hills,5.1.5,"Number of cases of pregnant women with Obstetric Complications and attended at Public facilities i.e. PHC, CHC, SDH, DH and other State owned public institutions (sum of items from 5.1.1 to 5.1.4)",TOTAL,,,,,,,,,,,,,
North Garo Hills,5.2,Number of cases of pregnant women with Obstetric Complications and attended at Private facilities,TOTAL,,,,,,,,,,,,,
North Garo Hills,5.3.1,Number of cases of complicated pregnancies treated with IV antibiotics,TOTAL,,,,,,,,,,,,,
North Garo Hills,5.3.2,Number of cases of complicated pregnancies treated with IV Antihypertensive/Magsulph injection,TOTAL,,,,,,,,,,,,,
North Garo Hills,5.3.3,Number of cases of complicated pregnancies treated with IV Oxytocis,TOTAL,,,,,,,,,,,,,
North Garo Hills,5.3.4,Number of cases of complicated pregnancies treated with Blood Transfusion,TOTAL,,,,,,,,,,,,,
North Garo Hills,6.1,Women getting post partum check-up within 48 hours after delivery,TOTAL,,,,,,,,,,,,,
North Garo Hills,6.2,Women getting a post partum check up between 48 hours and 14 days after delivery,TOTAL,,,,,,,,,,,,,
North Garo Hills,6.3,PNC maternal complications attended,TOTAL,,,,,,,,,,,,,
North Garo Hills,7.1.1,Number of MTPs conducted at Public Institutions up to 12 weeks of pregnancy,TOTAL,,,,,,,,,,,,,
North Garo Hills,7.1.2,Number of MTPs conducted at Public Institutions for more than 12 weeks of pregnancy,TOTAL,,,,,,,,,,,,,
North Garo Hills,7.1.3,Total number of MTPs conducted at Public Institutions (sum of items 7.1.1 and 7.1.2),TOTAL,,,,,,,,,,,,,
North Garo Hills,7.2,Number of MTPs conducted at Private Facilities,TOTAL,,,,,,,,,,,,,
North Garo Hills,8.1.a,Number of new cases of RTI/STI in males for which treatment was initiated,TOTAL,,,,,,,,,,,,,
North Garo Hills,8.1.b,Number of new cases of RTI/STI in females for which treatment was initiated,TOTAL,,,,,,,,,,,,,
North Garo Hills,8.1.c,Total number of new cases of RTI/STI in males and females for which treatment was initiated (sum of items 8.1.a and 8.1.b),TOTAL,,,,,,,,,,,,,
North Garo Hills,8.2,Number of suspected RTI/STI cases for whom wet mount test was conducted,TOTAL,,,,,,,,,,,,,
North Garo Hills,9.1.1.a,Number of NSV (No Scalpel Vasectomy) or Conventional Vasectomy conducted at PHCs,TOTAL,,,,,,,,,,,,,
North Garo Hills,9.1.1.b,Number of NSV or Conventional Vasectomy conducted at CHCs,TOTAL,,,,,,,,,,,,,
North Garo Hills,9.1.1.c,Number of NSV or Conventional Vasectomy conducted at SDHs or DHs,TOTAL,,,,,,,,,,,,,
North Garo Hills,9.1.1.d,Number of NSV or Conventional Vasectomy conducted at other State owned public institutions,TOTAL,,,,,,,,,,,,,
North Garo Hills,9.1.1.e,"Total Number of NSV or Conventional Vasectomy conducted at Public facilities i.e. PHC, CHC, SDH, DH and other State owned public institutions (sum of items from 9.1.1.a to 9.1.1.d)",TOTAL,,,,,,,,,,,,,
North Garo Hills,9.1.2,Number of NSV or Conventional Vasectomy conducted at Private facilities,TOTAL,,,,,,,,,,,,,
North Garo Hills,9.2.1.a,Number of Laparoscopic sterilizations conducted at PHCs,TOTAL,,,,,,,,,,,,,
North Garo Hills,9.2.1.b,Number of Laparoscopic sterilizations conducted at CHCs,TOTAL,,,,,,,,,,,,,
North Garo Hills,9.2.1.c,Number of Laparoscopic sterilizations conducted at SDHs or DHs,TOTAL,,,,,,,,,,,,,
North Garo Hills,9.2.1.d,Number of Laparoscopic sterilizations conducted at other State owned public institutions,TOTAL,,,,,,,,,,,,,
North Garo Hills,9.2.1.e,"Total Number of Laparoscopic sterilizations conducted at Public facilities i.e. PHC, CHC, SDH, DH and other State owned public institutions (sum of items from 9.2.1.a to 9.2.1.d)",TOTAL,,,,,,,,,,,,,
North Garo Hills,9.2.2,Number of Laparoscopic sterilizations conducted at Private facilities,TOTAL,,,,,,,,,,,,,
North Garo Hills,9.3.1.a,Number of Mini-lap sterilizations conducted at PHCs,TOTAL,,,,,,,,,,,,,
North Garo Hills,9.3.1.b,Number of Mini-lap sterilizations conducted at CHCs,TOTAL,,,,,,,,,,,,,
North Garo Hills,9.3.1.c,Number of Mini-lap sterilizations conducted at SDHs or DHs,TOTAL,,,,,,,,,,,,,
North Garo Hills,9.3.1.d,Number of Mini-lap sterilizations conducted at other State owned public institutions,TOTAL,,,,,,,,,,,,,
North Garo Hills,9.3.1.e,"Total Number of Mini-lap sterilizations conducted at Public facilities i.e. PHC, CHC, SDH, DH and other State owned public institutions (sum of items from 9.3.1.a to 9.3.1.d)",TOTAL,,,,,,,,,,,,,
North Garo Hills,9.3.2,Number of Mini-lap sterilizations conducted at Private facilities,TOTAL,,,,,,,,,,,,,
North Garo Hills,9.4.1.a,Number of Post-Partum sterilizations conducted at PHCs,TOTAL,,,,,,,,,,,,,
North Garo Hills,9.4.1.b,Number of Post-Partum sterilizations conducted at CHCs,TOTAL,,,,,,,,,,,,,
North Garo Hills,9.4.1.c,Number of Post-Partum sterilizations conducted at SDHs or DHs,TOTAL,,,,,,,,,,,,,
North Garo Hills,9.4.1.d,Number of Post-Partum sterilizations conducted at other State owned public institutions,TOTAL,,,,,,,,,,,,,
North Garo Hills,9.4.1.e,"Total Number of Post-Partum sterilizations conducted at Public facilities i.e. PHC, CHC, SDH, DH and other State owned public institutions (sum of items from 9.4.1.a to 9.4.1.d)",TOTAL,,,,,,,,,,,,,
North Garo Hills,9.4.2,Number of Post-Partum sterilizations conducted at Private facilities,TOTAL,,,,,,,,,,,,,
North Garo Hills,9.5.1.a,Number of IUCD Insertions conducted at SCs,TOTAL,,,,,,,,,,,,,
North Garo Hills,9.5.1.b,Number of IUCD Insertions conducted at PHCs,TOTAL,,,,,,,,,,,,,
North Garo Hills,9.5.1.c,Number of IUCD Insertions conducted at CHCs,TOTAL,,,,,,,,,,,,,
North Garo Hills,9.5.1.d,Number of IUCD Insertions conducted at SDHs or DHs,TOTAL,,,,,,,,,,,,,
North Garo Hills,9.5.1.e,Number of IUCD Insertions conducted at other State owned public institutions,TOTAL,,,,,,,,,,,,,
North Garo Hills,9.5.1.f,"Total Number of IUCD Insertions conducted at Public facilities i.e. SC, PHC, CHC, SDH, DH and other State owned public institutions (sum of items from 9.5.1.a to 9.5.1.e)",TOTAL,,,,,,,,,,,,,
North Garo Hills,9.5.1A,"Out of above total, Post Partum (within 48 hours of delivery) IUCD insertions",TOTAL,,,,,,,,,,,,,
North Garo Hills,9.5.2,Number of IUCD Insertions conducted at Private facilities,TOTAL,,,,,,,,,,,,,
North Garo Hills,9.06,Number of IUCD removals,TOTAL,,,,,,,,,,,,,
North Garo Hills,9.07,Number of Oral Pills cycles distributed,TOTAL,,,,,,,,,,,,,
North Garo Hills,9.08,Number of Condom pieces distributed,TOTAL,,,,,,,,,,,,,
North Garo Hills,9.09,Number of Centchroman (weekly) pills given,TOTAL,,,,,,,,,,,,,
North Garo Hills,9.10,Number of Emergency Contraceptive Pills distributed,TOTAL,,,,,,,,,,,,,
North Garo Hills,9.11.1.a,Number of cases of complications following male sterilization,TOTAL,,,,,,,,,,,,,
North Garo Hills,9.11.1.b,Number of cases of complications following female sterilization,TOTAL,,,,,,,,,,,,,
North Garo Hills,9.11.2.a,Number of failures following male sterilization,TOTAL,,,,,,,,,,,,,
North Garo Hills,9.11.2.b,Number of failures following female sterilization,TOTAL,,,,,,,,,,,,,
North Garo Hills,9.11.3.a,Number of deaths following male sterilization,TOTAL,,,,,,,,,,,,,
North Garo Hills,9.11.3.b,Number of deaths following female sterilization,TOTAL,,,,,,,,,,,,,
North Garo Hills,9.12,Number of Institutions having NSV trained doctors,TOTAL,,,,,,,,,,,,,-1.0
North Garo Hills,10.1.01,Number of Infants (0 to 11 months old)received BCG immunisation,TOTAL,,,,,,,,,,,,,
North Garo Hills,10.1.02,Number of Infants (0 to 11 months old) received DPT1 immunisation,TOTAL,,,,,,,,,,,,,
North Garo Hills,10.1.03,Number of Infants (0 to 11 months old) received DPT2 immunisation,TOTAL,,,,,,,,,,,,,
North Garo Hills,10.1.04,Number of Infants (0 to 11 months old) received DPT3 immunisation,TOTAL,,,,,,,,,,,,,
North Garo Hills,10.1.04A,Number of Infants (0 to 11 months old) received Pentavalent1 immunisation,TOTAL,,,,,,,,,,,,,
North Garo Hills,10.1.04B,Number of Infants (0 to 11 months old) received Pentavalent2 immunisation,TOTAL,,,,,,,,,,,,,
North Garo Hills,10.1.04C,Number of Infants (0 to 11 months old) received Pentavalent3 immunisation,TOTAL,,,,,,,,,,,,,
North Garo Hills,10.1.05,Number of Infants (0 to 11 months old) received OPV 0 (Birth Dose),TOTAL,,,,,,,,,,,,,
North Garo Hills,10.1.06,Number of Infants (0 to 11 months old) received OPV1 (First Dose),TOTAL,,,,,,,,,,,,,
North Garo Hills,10.1.07,Number of Infants (0 to 11 months old) received OPV2 (Second Dose),TOTAL,,,,,,,,,,,,,
North Garo Hills,10.1.08,Number of Infants (0 to 11 months old) received OPV3 (Third Dose),TOTAL,,,,,,,,,,,,,
North Garo Hills,10.1.09A,Number of Infants (upto 48 hrs of age) received Hepatitis-B0 immunisation,TOTAL,,,,,,,,,,,,,
North Garo Hills,10.1.09,Number of Infants (0 to 11 months old) received Hepatitis-B1 immunisation,TOTAL,,,,,,,,,,,,,
North Garo Hills,10.1.10,Number of Infants (0 to 11 months old) received Hepatitis-B2 immunisation,TOTAL,,,,,,,,,,,,,
North Garo Hills,10.1.11,Number of Infants (0 to 11 months old) received Hepatitis-B3 immunisation,TOTAL,,,,,,,,,,,,,
North Garo Hills,10.1.12,Number of Infants (0 to 11 months old) received Measles immunisation (First Dose),TOTAL,,,,,,,,,,,,,
North Garo Hills,10.1.12B,Number of Infants (more than 16 months old) received Measles immunisation (Second Dose),TOTAL,,,,,,,,,,,,,
North Garo Hills,10.1A,No. of Children aged 9 to 12 months who received JE 1st dose,TOTAL,,,,,,,,,,,,,
North Garo Hills,10.1.13.a,Total number of male children (9 to 11 months old) fully immunised (BCG+DPT123/Pentavalent123+OPV123+Measles) during the month,TOTAL,,,,,,,,,,,,,
North Garo Hills,10.1.13.b,Total number of female children (9 to 11 months old) fully immunised (BCG+DPT123/Pentavalent123+OPV123+Measles) during the month,TOTAL,,,,,,,,,,,,,
North Garo Hills,10.1.13.c,Total number of children (9 to 11 months old) fully immunised (BCG+DPT123/Pentavalent123+OPV123+Measles) during the month (sum of items 10.1.13.a and 10.1.13.b),TOTAL,,,,,,,,,,,,,
North Garo Hills,10.2.1,Number of Infants (more than 16 months old) received DPT Booster dose,TOTAL,,,,,,,,,,,,,
North Garo Hills,10.2.2,Number of Infants (more than 16 months old) received OPV Booster dose,TOTAL,,,,,,,,,,,,,
North Garo Hills,10.2.3,"Number of Infants (more than 16 months old) received Measles, Mumps, Rubella (MMR) Vaccination",TOTAL,,,,,,,,,,,,,
North Garo Hills,10.3.1.a,Total number of male children (12 to 23 months old) fully immunised (BCG+DPT123/Pentavalent123+OPV123+Measles) during the month,TOTAL,,,,,,,,,,,,,
North Garo Hills,10.3.1.b,Total number of female children (12 to 23 months old) fully immunised (BCG+DPT123/Pentavalent123+OPV123+Measles) during the month,TOTAL,,,,,,,,,,,,,
North Garo Hills,10.3.1.c,Total number of children (12 to 23 months old) fully immunised (BCG+DPT123+OPV123/Pentavalent123+Measles) during the month (sum of items 10.3.1.a and 10.3.1.b),TOTAL,,,,,,,,,,,,,
North Garo Hills,10.3.2,Number of children (more than 5 years old) given DT5,TOTAL,,,,,,,,,,,,,
North Garo Hills,10.3.3,Number of children (more than 10 years old) given TT10,TOTAL,,,,,,,,,,,,,
North Garo Hills,10.3.4,Number of children (more than 16 years old) given TT16,TOTAL,,,,,,,,,,,,,
North Garo Hills,10.3.5.a,Number of cases of Abscess reported following immunisation [Adverse Event Following Immunisation (AEFI)],TOTAL,,,,,,,,,,,,,
North Garo Hills,10.3.5.b,Number of cases of Death reported following immunisation [Adverse Event Following Immunisation (AEFI)],TOTAL,,,,,,,,,,,,,
North Garo Hills,10.3.5.c,Number of cases of other complications reported following immunisation [Adverse Event Following Immunisation (AEFI)],TOTAL,,,,,,,,,,,,,
North Garo Hills,10.4.1,Number of Immunisation sessions planned to be held during the month,TOTAL,,,,,,,,,,,,,
North Garo Hills,10.4.2,Number of Immunisation sessions held during the month,TOTAL,,,,,,,,,,,,,
North Garo Hills,10.4.3,Number of Immunisation sessions held during the month where ASHAs were present,TOTAL,,,,,,,,,,,,,
North Garo Hills,10.5.1,Number of children (more than 16 months old) received Japanese Encephalitis (JE) vaccination,TOTAL,,,,,,,,,,,,,
North Garo Hills,11.1.1,Number of children (9 months to 5 years old) administered 1st dose of Vitamin A (Dose-1),TOTAL,,,,,,,,,,,,,
North Garo Hills,11.1.2,Number of children (9 months to 5 years old) were administered 5th dose of Vitamin A (Dose-5),TOTAL,,,,,,,,,,,,,
North Garo Hills,11.1.3,Number of children (9 months to 5 years old) administered 9th dose of Vitamin A (Dose-9),TOTAL,,,,,,,,,,,,,
North Garo Hills,12.1,Number of cases of Diptheria reported in children below 5 years of age,TOTAL,,,,,,,,,,,,,
North Garo Hills,12.2,Number of cases of Pertusis reported in children below 5 years of age,TOTAL,,,,,,,,,,,,,
North Garo Hills,12.3,Number of cases of Tetanus neonatarum reported in children below 5 years of age,TOTAL,,,,,,,,,,,,,
North Garo Hills,12.4,Number of cases of Tetanus other than neonatarum reported in children below 5 years of age,TOTAL,,,,,,,,,,,,,
North Garo Hills,12.5,Number of cases of Polio reported in children below 5 years of age,TOTAL,,,,,,,,,,,,,
North Garo Hills,12.6,Number of cases of Measles reported in children below 5 years of age,TOTAL,,,,,,,,,,,,,
North Garo Hills,12.7,Number of cases of Diarrhoea and Dehydration reported in children below 5 years of age,TOTAL,,,,,,,,,,,,,
North Garo Hills,12.8,Number of cases of Malaria reported in children below 5 years of age,TOTAL,,,,,,,,,,,,,
North Garo Hills,12.9,Number of children below 5 years of age admitted with Respiratory Infections,TOTAL,,,,,,,,,,,,,
North Garo Hills,13.1,Number of Patients operated for cataract,TOTAL,,,,,,,,,,,,,
North Garo Hills,13.2,Number of Intraocular Lens(IOL) implantations,TOTAL,,,,,,,,,,,,,
North Garo Hills,13.3,Number of School children detected with Refractive errors,TOTAL,,,,,,,,,,,,,
North Garo Hills,13.4,Number of children provided free glasses,TOTAL,,,,,,,,,,,,,
North Garo Hills,13.5,Number of eyes collected through eye donation,TOTAL,,,,,,,,,,,,,
North Garo Hills,13.6,Number of eyes utilised for corneal transplant,TOTAL,,,,,,,,,,,,,
North Garo Hills,14.01,Number of CHC or SDH or DH functioning as First Referral units (FRUs),TOTAL,,,,,,,,,,,,,-1.0
North Garo Hills,14.02,Number of PHCs functioning 24X7 with atleast 3 Staff Nurses,TOTAL,,,,,,,,,,,,,-1.0
North Garo Hills,14.03,Number of Anganwadi centres reported to have conducted VHNDs,TOTAL,,,,,,,,,,,,,-1.0
North Garo Hills,14.04,Number of facilities having a Rogi Kalyan Samiti (RKS),TOTAL,,,,,,,,,,,,,-1.0
North Garo Hills,14.05,Number of RKS meetings held during the month,TOTAL,,,,,,,,,,,,,
North Garo Hills,14.06,Number of facilities having Ambulance services (Assured Referral Services),TOTAL,,,,,,,,,,,,,-1.0
North Garo Hills,14.07,Total Number of times the Ambulance was used for transporting patients during the month,TOTAL,,,,,,,,,,,,,
North Garo Hills,14.08,Number of Institutions having Operational Sick New Born and Child Care Units (SNCU),TOTAL,,,,,,,,,,,,,-1.0
North Garo Hills,14.09,Number of functional Laproscopes in CHC/SDH/DH,TOTAL,,,,,,,,,,,,,-1.0
North Garo Hills,14.10.1.a,Number of male patients admitted (Inpatients) during the month,1. Children,,,,,,,,,,,,,
North Garo Hills,14.10.1.a,Number of male patients admitted (Inpatients) during the month,2. Adults,,,,,,,,,,,,,
North Garo Hills,14.10.1.b,Number of female patients (Inpatients) admitted during the month,1. Children,,,,,,,,,,,,,
North Garo Hills,14.10.1.b,Number of female patients (Inpatients) admitted during the month,2. Adults,,,,,,,,,,,,,
North Garo Hills,14.10.1.c,Total number of patients admitted (Inpatients) during the month (sum of items 14.10.1.a and 14.10.1.b),1. Children,,,,,,,,,,,,,
North Garo Hills,14.10.1.c,Total number of patients admitted (Inpatients) during the month (sum of items 14.10.1.a and 14.10.1.b),2. Adults,,,,,,,,,,,,,
North Garo Hills,14.10.2.a,Number of death cases of Inpatient males,TOTAL,,,,,,,,,,,,,
North Garo Hills,14.10.2.b,Number of death cases of Inpatient females,TOTAL,,,,,,,,,,,,,
North Garo Hills,14.10.2.c,Number of cases of death of Inpatients (sum of items 14.10.2.a and 14.10.2.b),TOTAL,,,,,,,,,,,,,
North Garo Hills,14.11,In-Patient Head Count at midnight,TOTAL,,,,,,,,,,,,,
North Garo Hills,14.12.1,OPD attendance (All),TOTAL,,,,,,,,,,,,,
North Garo Hills,14.13.1,Number of major operations carried out using general or spinal anaesthesia,TOTAL,,,,,,,,,,,,,
North Garo Hills,14.13.1A,"Out of 14.13.1,Gynecology- Hysterectomy surgeries",TOTAL,,,,,,,,,,,,,
North Garo Hills,14.13.2,Number of minor operations carried out without anaesthesia or using local anaesthesia,TOTAL,,,,,,,,,,,,,
North Garo Hills,14.14.a,Number of patients given AYUSH treatment,TOTAL,,,,,,,,,,,,,
North Garo Hills,14.14.b,Number of patients on whom Dental Procedure was conducted,TOTAL,,,,,,,,,,,,,
North Garo Hills,14.14.c,Number of Adolescents counselled,TOTAL,,,,,,,,,,,,,
North Garo Hills,15.1.1.a,Number of Haemoglobin (Hb) tests conducted,TOTAL,,,,,,,,,,,,,
North Garo Hills,15.1.1.b,"Out of the total number of Hb tests conducted, number of cases having Hb less than 7gm/dl",TOTAL,,,,,,,,,,,,,
North Garo Hills,15.1.2.a,Number of HIV tests conducted on males,1. Number tested,,,,,,,,,,,,,
North Garo Hills,15.1.2.a,Number of HIV tests conducted on males,2. Number Positive,,,,,,,,,,,,,
North Garo Hills,15.1.2.b,Number of HIV tests conducted on Female-Non ANC (i.e. non pregnant females),1. Number tested,,,,,,,,,,,,,
North Garo Hills,15.1.2.b,Number of HIV tests conducted on Female-Non ANC (i.e. non pregnant females),2. Number Positive,,,,,,,,,,,,,
North Garo Hills,15.1.2.c,Number of HIV tests conducted on Female with ANC (i.e. pregnant females),1. Number tested,,,,,,,,,,,,,
North Garo Hills,15.1.2.c,Number of HIV tests conducted on Female with ANC (i.e. pregnant females),2. Number Positive,,,,,,,,,,,,,
North Garo Hills,15.1.2.d,Total number of HIV tests conducted (sum of items 15.1.2.a to 15.1.2.c),1. Number tested,,,,,,,,,,,,,
North Garo Hills,15.1.2.d,Total number of HIV tests conducted (sum of items 15.1.2.a to 15.1.2.c),2. Number Positive,,,,,,,,,,,,,
North Garo Hills,15.2,Number of Widal tests conducted,Number tested,,,,,,,,,,,,,
North Garo Hills,15.3.a,Number of VDRL tests conducted on males,Number tested,,,,,,,,,,,,,
North Garo Hills,15.3.b,Number of VDRL tests conducted on Female-Non ANC (i.e. non pregnant females),Number tested,,,,,,,,,,,,,
North Garo Hills,15.3.c,Number of VDRL tests conducted on Female with ANC (i.e. pregnant females),Number tested,,,,,,,,,,,,,
North Garo Hills,15.3.d,Total number of VDRL tests conducted (sum of items 15.3.a to 15.3.c),Number tested,,,,,,,,,,,,,
North Garo Hills,15.4.1,Number of blood smears examined for Malaria,TOTAL,,,,,,,,,,,,,
North Garo Hills,15.4.2,"Out of blood smears examined for malaria, number of blood smears tested positive for Plasmodium Vivax",TOTAL,,,,,,,,,,,,,
North Garo Hills,15.4.3,"Out of blood smears examined for malaria, number of blood smears tested positive for Plasmodium Falciparum",TOTAL,,,,,,,,,,,,,
North Garo Hills,16.1.1,Stock position of DPT vaccines,1. Balance From Previous Month,,,,,,,,,,,,,
North Garo Hills,16.1.1,Stock position of DPT vaccines,2. Stocks Received,,,,,,,,,,,,,
North Garo Hills,16.1.1,Stock position of DPT vaccines,3. Unusable Stock,,,,,,,,,,,,,
North Garo Hills,16.1.1,Stock position of DPT vaccines,4. Stock Distributed,,,,,,,,,,,,,
North Garo Hills,16.1.1,Stock position of DPT vaccines,5. Total Stock,0.0,0.0,0.0,0.0,0.0,0.0,0.0,0.0,0.0,0.0,0.0,0.0,0.0
North Garo Hills,16.1.1A,Stock Position of Pentavalent,1. Balance From Previous Month,,,,,,,,,,,,,
North Garo Hills,16.1.1A,Stock Position of Pentavalent,2. Stocks Received,,,,,,,,,,,,,
North Garo Hills,16.1.1A,Stock Position of Pentavalent,3. Unusable Stock,,,,,,,,,,,,,
North Garo Hills,16.1.1A,Stock Position of Pentavalent,4. Stock Distributed,,,,,,,,,,,,,
North Garo Hills,16.1.1A,Stock Position of Pentavalent,5. Total Stock,0.0,0.0,0.0,0.0,0.0,0.0,0.0,0.0,0.0,0.0,0.0,0.0,0.0
North Garo Hills,16.1.2,Stock position of OPV vaccines,1. Balance From Previous Month,,,,,,,,,,,,,
North Garo Hills,16.1.2,Stock position of OPV vaccines,2. Stocks Received,,,,,,,,,,,,,
North Garo Hills,16.1.2,Stock position of OPV vaccines,3. Unusable Stock,,,,,,,,,,,,,
North Garo Hills,16.1.2,Stock position of OPV vaccines,4. Stock Distributed,,,,,,,,,,,,,
North Garo Hills,16.1.2,Stock position of OPV vaccines,5. Total Stock,0.0,0.0,0.0,0.0,0.0,0.0,0.0,0.0,0.0,0.0,0.0,0.0,0.0
North Garo Hills,16.1.3,Stock position of TT vaccines,1. Balance From Previous Month,,,,,,,,,,,,,
North Garo Hills,16.1.3,Stock position of TT vaccines,2. Stocks Received,,,,,,,,,,,,,
North Garo Hills,16.1.3,Stock position of TT vaccines,3. Unusable Stock,,,,,,,,,,,,,
North Garo Hills,16.1.3,Stock position of TT vaccines,4. Stock Distributed,,,,,,,,,,,,,
North Garo Hills,16.1.3,Stock position of TT vaccines,5. Total Stock,0.0,0.0,0.0,0.0,0.0,0.0,0.0,0.0,0.0,0.0,0.0,0.0,0.0
North Garo Hills,16.1.4,Stock position of DT vaccines,1. Balance From Previous Month,,,,,,,,,,,,,
North Garo Hills,16.1.4,Stock position of DT vaccines,2. Stocks Received,,,,,,,,,,,,,
North Garo Hills,16.1.4,Stock position of DT vaccines,3. Unusable Stock,,,,,,,,,,,,,
North Garo Hills,16.1.4,Stock position of DT vaccines,4. Stock Distributed,,,,,,,,,,,,,
North Garo Hills,16.1.4,Stock position of DT vaccines,5. Total Stock,0.0,0.0,0.0,0.0,0.0,0.0,0.0,0.0,0.0,0.0,0.0,0.0,0.0
North Garo Hills,16.1.5,Stock position of BCG vaccines,1. Balance From Previous Month,,,,,,,,,,,,,
North Garo Hills,16.1.5,Stock position of BCG vaccines,2. Stocks Received,,,,,,,,,,,,,
North Garo Hills,16.1.5,Stock position of BCG vaccines,3. Unusable Stock,,,,,,,,,,,,,
North Garo Hills,16.1.5,Stock position of BCG vaccines,4. Stock Distributed,,,,,,,,,,,,,
North Garo Hills,16.1.5,Stock position of BCG vaccines,5. Total Stock,0.0,0.0,0.0,0.0,0.0,0.0,0.0,0.0,0.0,0.0,0.0,0.0,0.0
North Garo Hills,16.1.6,Stock position of Measles vaccines,1. Balance From Previous Month,,,,,,,,,,,,,
North Garo Hills,16.1.6,Stock position of Measles vaccines,2. Stocks Received,,,,,,,,,,,,,
North Garo Hills,16.1.6,Stock position of Measles vaccines,3. Unusable Stock,,,,,,,,,,,,,
North Garo Hills,16.1.6,Stock position of Measles vaccines,4. Stock Distributed,,,,,,,,,,,,,
North Garo Hills,16.1.6,Stock position of Measles vaccines,5. Total Stock,0.0,0.0,0.0,0.0,0.0,0.0,0.0,0.0,0.0,0.0,0.0,0.0,0.0
North Garo Hills,16.1.7,Stock position of JE vaccines,1. Balance From Previous Month,,,,,,,,,,,,,
North Garo Hills,16.1.7,Stock position of JE vaccines,2. Stocks Received,,,,,,,,,,,,,
North Garo Hills,16.1.7,Stock position of JE vaccines,3. Unusable Stock,,,,,,,,,,,,,
North Garo Hills,16.1.7,Stock position of JE vaccines,4. Stock Distributed,,,,,,,,,,,,,
North Garo Hills,16.1.7,Stock position of JE vaccines,5. Total Stock,0.0,0.0,0.0,0.0,0.0,0.0,0.0,0.0,0.0,0.0,0.0,0.0,0.0
North Garo Hills,16.1.8,Stock position of Hepatitis B vaccines,1. Balance From Previous Month,,,,,,,,,,,,,
North Garo Hills,16.1.8,Stock position of Hepatitis B vaccines,2. Stocks Received,,,,,,,,,,,,,
North Garo Hills,16.1.8,Stock position of Hepatitis B vaccines,3. Unusable Stock,,,,,,,,,,,,,
North Garo Hills,16.1.8,Stock position of Hepatitis B vaccines,4. Stock Distributed,,,,,,,,,,,,,
North Garo Hills,16.1.8,Stock position of Hepatitis B vaccines,5. Total Stock,0.0,0.0,0.0,0.0,0.0,0.0,0.0,0.0,0.0,0.0,0.0,0.0,0.0
North Garo Hills,16.2.1,Stock Position of IU 380 A (to be used for Family Planning),1. Balance From Previous Month,,,,,,,,,,,,,
North Garo Hills,16.2.1,Stock Position of IU 380 A (to be used for Family Planning),2. Stocks Received,,,,,,,,,,,,,
North Garo Hills,16.2.1,Stock Position of IU 380 A (to be used for Family Planning),3. Unusable Stock,,,,,,,,,,,,,
North Garo Hills,16.2.1,Stock Position of IU 380 A (to be used for Family Planning),4. Stock Distributed,,,,,,,,,,,,,
North Garo Hills,16.2.1,Stock Position of IU 380 A (to be used for Family Planning),5. Total Stock,0.0,0.0,0.0,0.0,0.0,0.0,0.0,0.0,0.0,0.0,0.0,0.0,0.0
North Garo Hills,16.2.2,Stock Position of Condoms (to be used for Family Planning),1. Balance From Previous Month,,,,,,,,,,,,,
North Garo Hills,16.2.2,Stock Position of Condoms (to be used for Family Planning),2. Stocks Received,,,,,,,,,,,,,
North Garo Hills,16.2.2,Stock Position of Condoms (to be used for Family Planning),3. Unusable Stock,,,,,,,,,,,,,
North Garo Hills,16.2.2,Stock Position of Condoms (to be used for Family Planning),4. Stock Distributed,,,,,,,,,,,,,
North Garo Hills,16.2.2,Stock Position of Condoms (to be used for Family Planning),5. Total Stock,0.0,0.0,0.0,0.0,0.0,0.0,0.0,0.0,0.0,0.0,0.0,0.0,0.0
North Garo Hills,16.2.3,Stock Position of Oral Contraceptive (to be used for Family Planning),1. Balance From Previous Month,,,,,,,,,,,,,
North Garo Hills,16.2.3,Stock Position of Oral Contraceptive (to be used for Family Planning),2. Stocks Received,,,,,,,,,,,,,
North Garo Hills,16.2.3,Stock Position of Oral Contraceptive (to be used for Family Planning),3. Unusable Stock,,,,,,,,,,,,,
North Garo Hills,16.2.3,Stock Position of Oral Contraceptive (to be used for Family Planning),4. Stock Distributed,,,,,,,,,,,,,
North Garo Hills,16.2.3,Stock Position of Oral Contraceptive (to be used for Family Planning),5. Total Stock,0.0,0.0,0.0,0.0,0.0,0.0,0.0,0.0,0.0,0.0,0.0,0.0,0.0
North Garo Hills,16.2.4,Stock Position of Emergency Contraceptive (to be used for Family Planning),1. Balance From Previous Month,,,,,,,,,,,,,
North Garo Hills,16.2.4,Stock Position of Emergency Contraceptive (to be used for Family Planning),2. Stocks Received,,,,,,,,,,,,,
North Garo Hills,16.2.4,Stock Position of Emergency Contraceptive (to be used for Family Planning),3. Unusable Stock,,,,,,,,,,,,,
North Garo Hills,16.2.4,Stock Position of Emergency Contraceptive (to be used for Family Planning),4. Stock Distributed,,,,,,,,,,,,,
North Garo Hills,16.2.4,Stock Position of Emergency Contraceptive (to be used for Family Planning),5. Total Stock,0.0,0.0,0.0,0.0,0.0,0.0,0.0,0.0,0.0,0.0,0.0,0.0,0.0
North Garo Hills,16.2.5,Stock Position of Tubal Rings (to be used for Family Planning),1. Balance From Previous Month,,,,,,,,,,,,,
North Garo Hills,16.2.5,Stock Position of Tubal Rings (to be used for Family Planning),2. Stocks Received,,,,,,,,,,,,,
North Garo Hills,16.2.5,Stock Position of Tubal Rings (to be used for Family Planning),3. Unusable Stock,,,,,,,,,,,,,
North Garo Hills,16.2.5,Stock Position of Tubal Rings (to be used for Family Planning),4. Stock Distributed,,,,,,,,,,,,,
North Garo Hills,16.2.5,Stock Position of Tubal Rings (to be used for Family Planning),5. Total Stock,0.0,0.0,0.0,0.0,0.0,0.0,0.0,0.0,0.0,0.0,0.0,0.0,0.0
North Garo Hills,16.3.01,Stock Position of Oxytocin Injection,1. Balance From Previous Month,,,,,,,,,,,,,
North Garo Hills,16.3.01,Stock Position of Oxytocin Injection,2. Stocks Received,,,,,,,,,,,,,
North Garo Hills,16.3.01,Stock Position of Oxytocin Injection,3. Unusable Stock,,,,,,,,,,,,,
North Garo Hills,16.3.01,Stock Position of Oxytocin Injection,4. Stock Distributed,,,,,,,,,,,,,
North Garo Hills,16.3.01,Stock Position of Oxytocin Injection,5. Total Stock,0.0,0.0,0.0,0.0,0.0,0.0,0.0,0.0,0.0,0.0,0.0,0.0,0.0
North Garo Hills,16.3.02,Stock Position of Gloves,1. Balance From Previous Month,,,,,,,,,,,,,
North Garo Hills,16.3.02,Stock Position of Gloves,2. Stocks Received,,,,,,,,,,,,,
North Garo Hills,16.3.02,Stock Position of Gloves,3. Unusable Stock,,,,,,,,,,,,,
North Garo Hills,16.3.02,Stock Position of Gloves,4. Stock Distributed,,,,,,,,,,,,,
North Garo Hills,16.3.02,Stock Position of Gloves,5. Total Stock,0.0,0.0,0.0,0.0,0.0,0.0,0.0,0.0,0.0,0.0,0.0,0.0,0.0
North Garo Hills,16.3.03,Stock Position of MVA Syringes,1. Balance From Previous Month,,,,,,,,,,,,,
North Garo Hills,16.3.03,Stock Position of MVA Syringes,2. Stocks Received,,,,,,,,,,,,,
North Garo Hills,16.3.03,Stock Position of MVA Syringes,3. Unusable Stock,,,,,,,,,,,,,
North Garo Hills,16.3.03,Stock Position of MVA Syringes,4. Stock Distributed,,,,,,,,,,,,,
North Garo Hills,16.3.03,Stock Position of MVA Syringes,5. Total Stock,0.0,0.0,0.0,0.0,0.0,0.0,0.0,0.0,0.0,0.0,0.0,0.0,0.0
North Garo Hills,16.3.04,Stock Position of Fluconazole Tablets,1. Balance From Previous Month,,,,,,,,,,,,,
North Garo Hills,16.3.04,Stock Position of Fluconazole Tablets,2. Stocks Received,,,,,,,,,,,,,
North Garo Hills,16.3.04,Stock Position of Fluconazole Tablets,3. Unusable Stock,,,,,,,,,,,,,
North Garo Hills,16.3.04,Stock Position of Fluconazole Tablets,4. Stock Distributed,,,,,,,,,,,,,
North Garo Hills,16.3.04,Stock Position of Fluconazole Tablets,5. Total Stock,0.0,0.0,0.0,0.0,0.0,0.0,0.0,0.0,0.0,0.0,0.0,0.0,0.0
North Garo Hills,16.3.05,Stock Position of Blood Transfusion Sets,1. Balance From Previous Month,,,,,,,,,,,,,
North Garo Hills,16.3.05,Stock Position of Blood Transfusion Sets,2. Stocks Received,,,,,,,,,,,,,
North Garo Hills,16.3.05,Stock Position of Blood Transfusion Sets,3. Unusable Stock,,,,,,,,,,,,,
North Garo Hills,16.3.05,Stock Position of Blood Transfusion Sets,4. Stock Distributed,,,,,,,,,,,,,
North Garo Hills,16.3.05,Stock Position of Blood Transfusion Sets,5. Total Stock,0.0,0.0,0.0,0.0,0.0,0.0,0.0,0.0,0.0,0.0,0.0,0.0,0.0
North Garo Hills,16.3.06,Stock Position of Gluteraldehyde solution of 2% concentration,1. Balance From Previous Month,,,,,,,,,,,,,
North Garo Hills,16.3.06,Stock Position of Gluteraldehyde solution of 2% concentration,2. Stocks Received,,,,,,,,,,,,,
North Garo Hills,16.3.06,Stock Position of Gluteraldehyde solution of 2% concentration,3. Unusable Stock,,,,,,,,,,,,,
North Garo Hills,16.3.06,Stock Position of Gluteraldehyde solution of 2% concentration,4. Stock Distributed,,,,,,,,,,,,,
North Garo Hills,16.3.06,Stock Position of Gluteraldehyde solution of 2% concentration,5. Total Stock,0.0,0.0,0.0,0.0,0.0,0.0,0.0,0.0,0.0,0.0,0.0,0.0,0.0
North Garo Hills,16.3.07,Stock Position of IFA Tablets,1. Balance From Previous Month,,,,,,,,,,,,,
North Garo Hills,16.3.07,Stock Position of IFA Tablets,2. Stocks Received,,,,,,,,,,,,,
North Garo Hills,16.3.07,Stock Position of IFA Tablets,3. Unusable Stock,,,,,,,,,,,,,
North Garo Hills,16.3.07,Stock Position of IFA Tablets,4. Stock Distributed,,,,,,,,,,,,,
North Garo Hills,16.3.07,Stock Position of IFA Tablets,5. Total Stock,0.0,0.0,0.0,0.0,0.0,0.0,0.0,0.0,0.0,0.0,0.0,0.0,0.0
North Garo Hills,16.3.08,Stock Position of IFA Syrup (Paediatric),1. Balance From Previous Month,,,,,,,,,,,,,
North Garo Hills,16.3.08,Stock Position of IFA Syrup (Paediatric),2. Stocks Received,,,,,,,,,,,,,
North Garo Hills,16.3.08,Stock Position of IFA Syrup (Paediatric),3. Unusable Stock,,,,,,,,,,,,,
North Garo Hills,16.3.08,Stock Position of IFA Syrup (Paediatric),4. Stock Distributed,,,,,,,,,,,,,
North Garo Hills,16.3.08,Stock Position of IFA Syrup (Paediatric),5. Total Stock,0.0,0.0,0.0,0.0,0.0,0.0,0.0,0.0,0.0,0.0,0.0,0.0,0.0
North Garo Hills,16.3.09,Stock Position of Paediatrics Antibiotics (Cotrimaxozole and Injectable Gentamicin),1. Balance From Previous Month,,,,,,,,,,,,,
North Garo Hills,16.3.09,Stock Position of Paediatrics Antibiotics (Cotrimaxozole and Injectable Gentamicin),2. Stocks Received,,,,,,,,,,,,,
North Garo Hills,16.3.09,Stock Position of Paediatrics Antibiotics (Cotrimaxozole and Injectable Gentamicin),3. Unusable Stock,,,,,,,,,,,,,
North Garo Hills,16.3.09,Stock Position of Paediatrics Antibiotics (Cotrimaxozole and Injectable Gentamicin),4. Stock Distributed,,,,,,,,,,,,,
North Garo Hills,16.3.09,Stock Position of Paediatrics Antibiotics (Cotrimaxozole and Injectable Gentamicin),5. Total Stock,0.0,0.0,0.0,0.0,0.0,0.0,0.0,0.0,0.0,0.0,0.0,0.0,0.0
North Garo Hills,16.3.10,Stock Position of Vitamin A solution,1. Balance From Previous Month,,,,,,,,,,,,,
North Garo Hills,16.3.10,Stock Position of Vitamin A solution,2. Stocks Received,,,,,,,,,,,,,
North Garo Hills,16.3.10,Stock Position of Vitamin A solution,3. Unusable Stock,,,,,,,,,,,,,
North Garo Hills,16.3.10,Stock Position of Vitamin A solution,4. Stock Distributed,,,,,,,,,,,,,
North Garo Hills,16.3.10,Stock Position of Vitamin A solution,5. Total Stock,0.0,0.0,0.0,0.0,0.0,0.0,0.0,0.0,0.0,0.0,0.0,0.0,0.0
North Garo Hills,16.3.11,Stock of ORS (New WHO formulation),1. Balance From Previous Month,,,,,,,,,,,,,
North Garo Hills,16.3.11,Stock of ORS (New WHO formulation),2. Stocks Received,,,,,,,,,,,,,
North Garo Hills,16.3.11,Stock of ORS (New WHO formulation),3. Unusable Stock,,,,,,,,,,,,,
North Garo Hills,16.3.11,Stock of ORS (New WHO formulation),4. Stock Distributed,,,,,,,,,,,,,
North Garo Hills,16.3.11,Stock of ORS (New WHO formulation),5. Total Stock,0.0,0.0,0.0,0.0,0.0,0.0,0.0,0.0,0.0,0.0,0.0,0.0,0.0
North Garo Hills,16.4.1,Stock Position of 0.1 ml Syringes(AD),1. Balance From Previous Month,,,,,,,,,,,,,
North Garo Hills,16.4.1,Stock Position of 0.1 ml Syringes(AD),2. Stocks Received,,,,,,,,,,,,,
North Garo Hills,16.4.1,Stock Position of 0.1 ml Syringes(AD),3. Unusable Stock,,,,,,,,,,,,,
North Garo Hills,16.4.1,Stock Position of 0.1 ml Syringes(AD),4. Stock Distributed,,,,,,,,,,,,,
North Garo Hills,16.4.1,Stock Position of 0.1 ml Syringes(AD),5. Total Stock,0.0,0.0,0.0,0.0,0.0,0.0,0.0,0.0,0.0,0.0,0.0,0.0,0.0
North Garo Hills,16.4.2,Stock Position of 0.5 ml Syringes(AD),1. Balance From Previous Month,,,,,,,,,,,,,
North Garo Hills,16.4.2,Stock Position of 0.5 ml Syringes(AD),2. Stocks Received,,,,,,,,,,,,,
North Garo Hills,16.4.2,Stock Position of 0.5 ml Syringes(AD),3. Unusable Stock,,,,,,,,,,,,,
North Garo Hills,16.4.2,Stock Position of 0.5 ml Syringes(AD),4. Stock Distributed,,,,,,,,,,,,,
North Garo Hills,16.4.2,Stock Position of 0.5 ml Syringes(AD),5. Total Stock,0.0,0.0,0.0,0.0,0.0,0.0,0.0,0.0,0.0,0.0,0.0,0.0,0.0
North Garo Hills,16.4.3,Stock Position of 5.0 ml Syringes(Disposable),1. Balance From Previous Month,,,,,,,,,,,,,
North Garo Hills,16.4.3,Stock Position of 5.0 ml Syringes(Disposable),2. Stocks Received,,,,,,,,,,,,,
North Garo Hills,16.4.3,Stock Position of 5.0 ml Syringes(Disposable),3. Unusable Stock,,,,,,,,,,,,,
North Garo Hills,16.4.3,Stock Position of 5.0 ml Syringes(Disposable),4. Stock Distributed,,,,,,,,,,,,,
North Garo Hills,16.4.3,Stock Position of 5.0 ml Syringes(Disposable),5. Total Stock,0.0,0.0,0.0,0.0,0.0,0.0,0.0,0.0,0.0,0.0,0.0,0.0,0.0
North Garo Hills,17.1,Number of cases of Infant deaths within 24 hrs of birth,TOTAL,,,,,,,,,,,,,
North Garo Hills,17.2.1,Number of cases of Infant deaths 24 hours to 4 weeks of birth with the probable cause being Sepsis,1. Up to 1 Weeks of Birth,,,,,,,,,,,,,
North Garo Hills,17.2.1,Number of cases of Infant deaths 24 hours to 4 weeks of birth with the probable cause being Sepsis,2. Between 1 week & 4 weeks of birth,,,,,,,,,,,,,
North Garo Hills,17.2.1,Number of cases of Infant deaths 24 hours to 4 weeks of birth with the probable cause being Sepsis,3. Total,,,,,,,,,,,,,
North Garo Hills,17.2.2,Number of cases of Infant deaths 24 hours to 4 weeks of birth with the probable cause being Asphyxia,1. Up to 1 Weeks of Birth,,,,,,,,,,,,,
North Garo Hills,17.2.2,Number of cases of Infant deaths 24 hours to 4 weeks of birth with the probable cause being Asphyxia,2. Between 1 week & 4 weeks of birth,,,,,,,,,,,,,
North Garo Hills,17.2.2,Number of cases of Infant deaths 24 hours to 4 weeks of birth with the probable cause being Asphyxia,3. Total,,,,,,,,,,,,,
North Garo Hills,17.2.3,Number of cases of Infant deaths 24 hours to 4 weeks of birth with the probable cause being LBW,1. Up to 1 Weeks of Birth,,,,,,,,,,,,,
North Garo Hills,17.2.3,Number of cases of Infant deaths 24 hours to 4 weeks of birth with the probable cause being LBW,2. Between 1 week & 4 weeks of birth,,,,,,,,,,,,,
North Garo Hills,17.2.3,Number of cases of Infant deaths 24 hours to 4 weeks of birth with the probable cause being LBW,3. Total,,,,,,,,,,,,,
North Garo Hills,17.2.4,"Number of cases of Infant deaths 24 hours to 4 weeks of birth with the probable cause being other than Sepsis, Asphyxia and LBW",1. Up to 1 Weeks of Birth,,,,,,,,,,,,,
North Garo Hills,17.2.4,"Number of cases of Infant deaths 24 hours to 4 weeks of birth with the probable cause being other than Sepsis, Asphyxia and LBW",2. Between 1 week & 4 weeks of birth,,,,,,,,,,,,,
North Garo Hills,17.2.4,"Number of cases of Infant deaths 24 hours to 4 weeks of birth with the probable cause being other than Sepsis, Asphyxia and LBW",3. Total,,,,,,,,,,,,,
North Garo Hills,17.3.1,Number of cases of Infant or Child deaths between 1 month to 5 years of age with the probable cause being Pneumonia,1. Between 1 month and 11 months,,,,,,,,,,,,,
North Garo Hills,17.3.1,Number of cases of Infant or Child deaths between 1 month to 5 years of age with the probable cause being Pneumonia,2. Between 1 year & 5 years,,,,,,,,,,,,,
North Garo Hills,17.3.1,Number of cases of Infant or Child deaths between 1 month to 5 years of age with the probable cause being Pneumonia,3. Total,,,,,,,,,,,,,
North Garo Hills,17.3.2,Number of cases of Infant or Child deaths between 1 month to 5 years of age with the probable cause being Diarrhoea,1. Between 1 month and 11 months,,,,,,,,,,,,,
North Garo Hills,17.3.2,Number of cases of Infant or Child deaths between 1 month to 5 years of age with the probable cause being Diarrhoea,2. Between 1 year & 5 years,,,,,,,,,,,,,
North Garo Hills,17.3.2,Number of cases of Infant or Child deaths between 1 month to 5 years of age with the probable cause being Diarrhoea,3. Total,,,,,,,,,,,,,
North Garo Hills,17.3.3,Number of cases of Infant or Child deaths between 1 month to 5 years of age with the probable cause being Fever related,1. Between 1 month and 11 months,,,,,,,,,,,,,
North Garo Hills,17.3.3,Number of cases of Infant or Child deaths between 1 month to 5 years of age with the probable cause being Fever related,2. Between 1 year & 5 years,,,,,,,,,,,,,
North Garo Hills,17.3.3,Number of cases of Infant or Child deaths between 1 month to 5 years of age with the probable cause being Fever related,3. Total,,,,,,,,,,,,,
North Garo Hills,17.3.4,Number of cases of Infant or Child deaths between 1 month to 5 years of age with the probable cause being Measles,1. Between 1 month and 11 months,,,,,,,,,,,,,
North Garo Hills,17.3.4,Number of cases of Infant or Child deaths between 1 month to 5 years of age with the probable cause being Measles,2. Between 1 year & 5 years,,,,,,,,,,,,,
North Garo Hills,17.3.4,Number of cases of Infant or Child deaths between 1 month to 5 years of age with the probable cause being Measles,3. Total,,,,,,,,,,,,,
North Garo Hills,17.3.5,"Number of cases of Infant or Child deaths between 1 month to 5 years of age with the probable cause being other than Pneumonia, Diarrhoea, Fever related and Measles",1. Between 1 month and 11 months,,,,,,,,,,,,,
North Garo Hills,17.3.5,"Number of cases of Infant or Child deaths between 1 month to 5 years of age with the probable cause being other than Pneumonia, Diarrhoea, Fever related and Measles",2. Between 1 year & 5 years,,,,,,,,,,,,,
North Garo Hills,17.3.5,"Number of cases of Infant or Child deaths between 1 month to 5 years of age with the probable cause being other than Pneumonia, Diarrhoea, Fever related and Measles",3. Total,,,,,,,,,,,,,
North Garo Hills,17.4.1,Number of cases of Adolescent or Adult deaths (age 6 years & above) with the probable cause being Diarrhoeal diseases,1. 6-14 yrs,,,,,,,,,,,,,
North Garo Hills,17.4.1,Number of cases of Adolescent or Adult deaths (age 6 years & above) with the probable cause being Diarrhoeal diseases,2. 15-55 yrs.,,,,,,,,,,,,,
North Garo Hills,17.4.1,Number of cases of Adolescent or Adult deaths (age 6 years & above) with the probable cause being Diarrhoeal diseases,3. Above 55 yrs.,,,,,,,,,,,,,
North Garo Hills,17.4.1,Number of cases of Adolescent or Adult deaths (age 6 years & above) with the probable cause being Diarrhoeal diseases,4. Total,,,,,,,,,,,,,
North Garo Hills,17.4.2,Number of cases of Adolescent or Adult deaths (age 6 years & above) with the probable cause being Tuberculosis,1. 6-14 yrs,,,,,,,,,,,,,
North Garo Hills,17.4.2,Number of cases of Adolescent or Adult deaths (age 6 years & above) with the probable cause being Tuberculosis,2. 15-55 yrs.,,,,,,,,,,,,,
North Garo Hills,17.4.2,Number of cases of Adolescent or Adult deaths (age 6 years & above) with the probable cause being Tuberculosis,3. Above 55 yrs.,,,,,,,,,,,,,
North Garo Hills,17.4.2,Number of cases of Adolescent or Adult deaths (age 6 years & above) with the probable cause being Tuberculosis,4. Total,,,,,,,,,,,,,
North Garo Hills,17.4.3,Number of cases of Adolescent or Adult deaths (age 6 years & above) with the probable cause being Respiratory diseases including infections,1. 6-14 yrs,,,,,,,,,,,,,
North Garo Hills,17.4.3,Number of cases of Adolescent or Adult deaths (age 6 years & above) with the probable cause being Respiratory diseases including infections,2. 15-55 yrs.,,,,,,,,,,,,,
North Garo Hills,17.4.3,Number of cases of Adolescent or Adult deaths (age 6 years & above) with the probable cause being Respiratory diseases including infections,3. Above 55 yrs.,,,,,,,,,,,,,
North Garo Hills,17.4.3,Number of cases of Adolescent or Adult deaths (age 6 years & above) with the probable cause being Respiratory diseases including infections,4. Total,,,,,,,,,,,,,
North Garo Hills,17.4.4,Number of cases of Adolescent or Adult deaths (age 6 years & above) with the probable cause being Malaria,1. 6-14 yrs,,,,,,,,,,,,,
North Garo Hills,17.4.4,Number of cases of Adolescent or Adult deaths (age 6 years & above) with the probable cause being Malaria,2. 15-55 yrs.,,,,,,,,,,,,,
North Garo Hills,17.4.4,Number of cases of Adolescent or Adult deaths (age 6 years & above) with the probable cause being Malaria,3. Above 55 yrs.,,,,,,,,,,,,,
North Garo Hills,17.4.4,Number of cases of Adolescent or Adult deaths (age 6 years & above) with the probable cause being Malaria,4. Total,,,,,,,,,,,,,
North Garo Hills,17.4.5,Number of cases of Adolescent or Adult deaths (age 6 years & above) with the probable cause being other Fever related,1. 6-14 yrs,,,,,,,,,,,,,
North Garo Hills,17.4.5,Number of cases of Adolescent or Adult deaths (age 6 years & above) with the probable cause being other Fever related,2. 15-55 yrs.,,,,,,,,,,,,,
North Garo Hills,17.4.5,Number of cases of Adolescent or Adult deaths (age 6 years & above) with the probable cause being other Fever related,3. Above 55 yrs.,,,,,,,,,,,,,
North Garo Hills,17.4.5,Number of cases of Adolescent or Adult deaths (age 6 years & above) with the probable cause being other Fever related,4. Total,,,,,,,,,,,,,
North Garo Hills,17.4.6,Number of cases of Adolescent or Adult deaths (age 6 years & above) with the probable cause being HIV/AIDS,1. 6-14 yrs,,,,,,,,,,,,,
North Garo Hills,17.4.6,Number of cases of Adolescent or Adult deaths (age 6 years & above) with the probable cause being HIV/AIDS,2. 15-55 yrs.,,,,,,,,,,,,,
North Garo Hills,17.4.6,Number of cases of Adolescent or Adult deaths (age 6 years & above) with the probable cause being HIV/AIDS,3. Above 55 yrs.,,,,,,,,,,,,,
North Garo Hills,17.4.6,Number of cases of Adolescent or Adult deaths (age 6 years & above) with the probable cause being HIV/AIDS,4. Total,,,,,,,,,,,,,
North Garo Hills,17.4.7,Number of cases of Adolescent or Adult deaths (age 6 years & above) with the probable cause being Heart disease or related to Hypertension,1. 6-14 yrs,,,,,,,,,,,,,
North Garo Hills,17.4.7,Number of cases of Adolescent or Adult deaths (age 6 years & above) with the probable cause being Heart disease or related to Hypertension,2. 15-55 yrs.,,,,,,,,,,,,,
North Garo Hills,17.4.7,Number of cases of Adolescent or Adult deaths (age 6 years & above) with the probable cause being Heart disease or related to Hypertension,3. Above 55 yrs.,,,,,,,,,,,,,
North Garo Hills,17.4.7,Number of cases of Adolescent or Adult deaths (age 6 years & above) with the probable cause being Heart disease or related to Hypertension,4. Total,,,,,,,,,,,,,
North Garo Hills,17.4.8,Number of cases of Adolescent or Adult deaths (age 6 years & above) with the probable cause being Neurological disease including strokes,1. 6-14 yrs,,,,,,,,,,,,,
North Garo Hills,17.4.8,Number of cases of Adolescent or Adult deaths (age 6 years & above) with the probable cause being Neurological disease including strokes,2. 15-55 yrs.,,,,,,,,,,,,,
North Garo Hills,17.4.8,Number of cases of Adolescent or Adult deaths (age 6 years & above) with the probable cause being Neurological disease including strokes,3. Above 55 yrs.,,,,,,,,,,,,,
North Garo Hills,17.4.8,Number of cases of Adolescent or Adult deaths (age 6 years & above) with the probable cause being Neurological disease including strokes,4. Total,,,,,,,,,,,,,
North Garo Hills,17.4.9(a),Number of cases of Maternal deaths (age 15-49 years) with the probable cause being Abortion,1. 6-14 yrs,,,,,,,,,,,,,
North Garo Hills,17.4.9(a),Number of cases of Maternal deaths (age 15-49 years) with the probable cause being Abortion,2. 15-49 yrs,,,,,,,,,,,,,
North Garo Hills,17.4.9(a),Number of cases of Maternal deaths (age 15-49 years) with the probable cause being Abortion,3. Above 49 yrs.,,,,,,,,,,,,,
North Garo Hills,17.4.9(a),Number of cases of Maternal deaths (age 15-49 years) with the probable cause being Abortion,4. Total,,,,,,,,,,,,,
North Garo Hills,17.4.9(b),Number of cases of Maternal deaths (age 15-49 years) with the probable cause being Obstructed or prolonged labour,1. 6-14 yrs,,,,,,,,,,,,,
North Garo Hills,17.4.9(b),Number of cases of Maternal deaths (age 15-49 years) with the probable cause being Obstructed or prolonged labour,2. 15-49 yrs,,,,,,,,,,,,,
North Garo Hills,17.4.9(b),Number of cases of Maternal deaths (age 15-49 years) with the probable cause being Obstructed or prolonged labour,3. Above 49 yrs.,,,,,,,,,,,,,
North Garo Hills,17.4.9(b),Number of cases of Maternal deaths (age 15-49 years) with the probable cause being Obstructed or prolonged labour,4. Total,,,,,,,,,,,,,
North Garo Hills,17.4.9(c),Number of cases of Maternal deaths (age 15-49 years) with the probable cause being Severe hypertesnion or fits,1. 6-14 yrs,,,,,,,,,,,,,
North Garo Hills,17.4.9(c),Number of cases of Maternal deaths (age 15-49 years) with the probable cause being Severe hypertesnion or fits,2. 15-49 yrs,,,,,,,,,,,,,
North Garo Hills,17.4.9(c),Number of cases of Maternal deaths (age 15-49 years) with the probable cause being Severe hypertesnion or fits,3. Above 49 yrs.,,,,,,,,,,,,,
North Garo Hills,17.4.9(c),Number of cases of Maternal deaths (age 15-49 years) with the probable cause being Severe hypertesnion or fits,4. Total,,,,,,,,,,,,,
North Garo Hills,17.4.9(d),Number of cases of Maternal deaths (age 15-49 years) with the probable cause being Bleeding,1. 6-14 yrs,,,,,,,,,,,,,
North Garo Hills,17.4.9(d),Number of cases of Maternal deaths (age 15-49 years) with the probable cause being Bleeding,2. 15-49 yrs,,,,,,,,,,,,,
North Garo Hills,17.4.9(d),Number of cases of Maternal deaths (age 15-49 years) with the probable cause being Bleeding,3. Above 49 yrs.,,,,,,,,,,,,,
North Garo Hills,17.4.9(d),Number of cases of Maternal deaths (age 15-49 years) with the probable cause being Bleeding,4. Total,,,,,,,,,,,,,
North Garo Hills,17.4.9(e),Number of cases of Maternal deaths (age 15-49 years) with the probable cause being High Fever,1. 6-14 yrs,,,,,,,,,,,,,
North Garo Hills,17.4.9(e),Number of cases of Maternal deaths (age 15-49 years) with the probable cause being High Fever,2. 15-49 yrs,,,,,,,,,,,,,
North Garo Hills,17.4.9(e),Number of cases of Maternal deaths (age 15-49 years) with the probable cause being High Fever,3. Above 49 yrs.,,,,,,,,,,,,,
North Garo Hills,17.4.9(e),Number of cases of Maternal deaths (age 15-49 years) with the probable cause being High Fever,4. Total,,,,,,,,,,,,,
North Garo Hills,17.4.9(f),Number of cases of Maternal deaths (age 15-49 years) with the probable cause being other causes (excluding abortion; obstructed or prolonged labour; severe hypertension or fits;,1. 6-14 yrs,,,,,,,,,,,,,
North Garo Hills,17.4.9(f),Number of cases of Maternal deaths (age 15-49 years) with the probable cause being other causes (excluding abortion; obstructed or prolonged labour; severe hypertension or fits;,2. 15-49 yrs,,,,,,,,,,,,,
North Garo Hills,17.4.9(f),Number of cases of Maternal deaths (age 15-49 years) with the probable cause being other causes (excluding abortion; obstructed or prolonged labour; severe hypertension or fits;,3. Above 49 yrs.,,,,,,,,,,,,,
North Garo Hills,17.4.9(f),Number of cases of Maternal deaths (age 15-49 years) with the probable cause being other causes (excluding abortion; obstructed or prolonged labour; severe hypertension or fits;,4. Total,,,,,,,,,,,,,
North Garo Hills,17.4.10,Number of cases of Adolescent or Adult deaths (age 6 years & above) with the probable cause being Trauma or Accidents or Burn cases,1. 6-14 yrs,,,,,,,,,,,,,
North Garo Hills,17.4.10,Number of cases of Adolescent or Adult deaths (age 6 years & above) with the probable cause being Trauma or Accidents or Burn cases,2. 15-55 yrs.,,,,,,,,,,,,,
North Garo Hills,17.4.10,Number of cases of Adolescent or Adult deaths (age 6 years & above) with the probable cause being Trauma or Accidents or Burn cases,3. Above 55 yrs.,,,,,,,,,,,,,
North Garo Hills,17.4.10,Number of cases of Adolescent or Adult deaths (age 6 years & above) with the probable cause being Trauma or Accidents or Burn cases,4. Total,,,,,,,,,,,,,
North Garo Hills,17.4.11,Number of cases of Adolescent or Adult deaths (age 6 years & above) with the probable cause being suicide,1. 6-14 yrs,,,,,,,,,,,,,
North Garo Hills,17.4.11,Number of cases of Adolescent or Adult deaths (age 6 years & above) with the probable cause being suicide,2. 15-55 yrs.,,,,,,,,,,,,,
North Garo Hills,17.4.11,Number of cases of Adolescent or Adult deaths (age 6 years & above) with the probable cause being suicide,3. Above 55 yrs.,,,,,,,,,,,,,
North Garo Hills,17.4.11,Number of cases of Adolescent or Adult deaths (age 6 years & above) with the probable cause being suicide,4. Total,,,,,,,,,,,,,
North Garo Hills,17.4.12,Number of cases of Adolescent or Adult deaths (age 6 years & above) with the probable cause being Animal bites and stings,1. 6-14 yrs,,,,,,,,,,,,,
North Garo Hills,17.4.12,Number of cases of Adolescent or Adult deaths (age 6 years & above) with the probable cause being Animal bites and stings,2. 15-55 yrs.,,,,,,,,,,,,,
North Garo Hills,17.4.12,Number of cases of Adolescent or Adult deaths (age 6 years & above) with the probable cause being Animal bites and stings,3. Above 55 yrs.,,,,,,,,,,,,,
North Garo Hills,17.4.12,Number of cases of Adolescent or Adult deaths (age 6 years & above) with the probable cause being Animal bites and stings,4. Total,,,,,,,,,,,,,
North Garo Hills,17.4.13(a),Number of cases of Adolescent or Adult deaths (age 6 years & above) with the probable cause being Known Acute disease,1. 6-14 yrs,,,,,,,,,,,,,
North Garo Hills,17.4.13(a),Number of cases of Adolescent or Adult deaths (age 6 years & above) with the probable cause being Known Acute disease,2. 15-55 yrs.,,,,,,,,,,,,,
North Garo Hills,17.4.13(a),Number of cases of Adolescent or Adult deaths (age 6 years & above) with the probable cause being Known Acute disease,3. Above 55 yrs.,,,,,,,,,,,,,
North Garo Hills,17.4.13(a),Number of cases of Adolescent or Adult deaths (age 6 years & above) with the probable cause being Known Acute disease,4. Total,,,,,,,,,,,,,
North Garo Hills,17.4.13(b),Number of cases of Adolescent or Adult deaths (age 6 years & above) with the probable cause being Known Chronic disease,1. 6-14 yrs,,,,,,,,,,,,,
North Garo Hills,17.4.13(b),Number of cases of Adolescent or Adult deaths (age 6 years & above) with the probable cause being Known Chronic disease,2. 15-55 yrs.,,,,,,,,,,,,,
North Garo Hills,17.4.13(b),Number of cases of Adolescent or Adult deaths (age 6 years & above) with the probable cause being Known Chronic disease,3. Above 55 yrs.,,,,,,,,,,,,,
North Garo Hills,17.4.13(b),Number of cases of Adolescent or Adult deaths (age 6 years & above) with the probable cause being Known Chronic disease,4. Total,,,,,,,,,,,,,
North Garo Hills,17.4.13(c),Number of cases of Adolescent or Adult deaths (age 6 years & above) where the cause was not known,1. 6-14 yrs,,,,,,,,,,,,,
North Garo Hills,17.4.13(c),Number of cases of Adolescent or Adult deaths (age 6 years & above) where the cause was not known,2. 15-55 yrs.,,,,,,,,,,,,,
North Garo Hills,17.4.13(c),Number of cases of Adolescent or Adult deaths (age 6 years & above) where the cause was not known,3. Above 55 yrs.,,,,,,,,,,,,,
North Garo Hills,17.4.13(c),Number of cases of Adolescent or Adult deaths (age 6 years & above) where the cause was not known,4. Total,,,,,,,,,,,,,
Ri Bhoi,1.1,Total number of pregnant women Registered for ANC,TOTAL,694.0,762.0,570.0,706.0,741.0,679.0,677.0,691.0,631.0,764.0,721.0,773.0,8409.0
Ri Bhoi,1.1.1,Of which Number registered within first trimester (within 12 weeks),TOTAL,174.0,192.0,156.0,207.0,184.0,199.0,138.0,225.0,165.0,233.0,226.0,234.0,2333.0
Ri Bhoi,1.2,Number of Pregnant women registered under JSY,TOTAL,294.0,329.0,272.0,334.0,327.0,304.0,381.0,530.0,430.0,511.0,483.0,492.0,4687.0
Ri Bhoi,1.3,Number of pregnant women received 3 ANC check ups during pregnancy,TOTAL,363.0,419.0,366.0,444.0,440.0,396.0,422.0,433.0,384.0,474.0,415.0,477.0,5033.0
Ri Bhoi,1.4.1,Number of pregnant women given TT1 during current pregnancy,TOTAL,365.0,354.0,286.0,364.0,382.0,287.0,297.0,335.0,247.0,355.0,293.0,304.0,3869.0
Ri Bhoi,1.4.2,Number of pregnant women given TT2 or Booster during current pregnancy,TOTAL,488.0,571.0,464.0,543.0,530.0,507.0,446.0,515.0,357.0,505.0,506.0,488.0,5920.0
Ri Bhoi,1.5,Total number of pregnant women given 100 IFA tablets,TOTAL,169.0,137.0,65.0,80.0,50.0,78.0,51.0,34.0,99.0,32.0,53.0,79.0,927.0
Ri Bhoi,1.6.1,Number of new cases of Hypertension (BP>140/90) detected in Pregnant women at the institution,TOTAL,16.0,7.0,8.0,6.0,22.0,26.0,9.0,25.0,18.0,16.0,18.0,15.0,186.0
Ri Bhoi,1.6.2,Number of Eclampsia cases managed during delivery,TOTAL,0.0,1.0,0.0,0.0,0.0,0.0,0.0,1.0,0.0,0.0,0.0,0.0,2.0
Ri Bhoi,1.7.1,Number of Pregnant women with anaemia i.e. Hb level<11 (tested cases),TOTAL,186.0,319.0,335.0,209.0,306.0,274.0,352.0,323.0,294.0,432.0,391.0,341.0,3762.0
Ri Bhoi,1.7.2,Number of Pregnant women having severe anaemia (Hb<7) treated at institution,TOTAL,0.0,7.0,8.0,2.0,3.0,5.0,2.0,0.0,0.0,4.0,0.0,0.0,31.0
Ri Bhoi,1.8,Number of pregnancy test kits used at SC level,TOTAL,,,,,,,,0.0,0.0,0.0,0.0,0.0,0.0
Ri Bhoi,2.1.1.a,Number of deliveries conducted at Home and attended by trained SBA(i.e. Doctor or Nurse or ANM),TOTAL,61.0,24.0,29.0,37.0,62.0,33.0,39.0,30.0,37.0,36.0,28.0,37.0,453.0
Ri Bhoi,2.1.1.b,Number of deliveries conducted at Home and attended by non trained SBA (i.e. trained TBA or Relatives etc.),TOTAL,285.0,315.0,289.0,360.0,338.0,336.0,315.0,321.0,283.0,341.0,304.0,318.0,3805.0
Ri Bhoi,2.1.1.c,Total number of deliveries conducted at Home and attended by trained or non-trained SBA (i.e. sum of 2.1.1.a and 2.1.1.b),TOTAL,346.0,339.0,318.0,397.0,400.0,369.0,354.0,351.0,320.0,377.0,332.0,355.0,4258.0
Ri Bhoi,2.1.2,Number of newborns visited within 24 hours of delivery for deliveries conducted at home,TOTAL,97.0,69.0,64.0,86.0,87.0,90.0,91.0,86.0,84.0,113.0,85.0,71.0,1023.0
Ri Bhoi,2.1.3,Number of mothers paid JSY incentive for deliveries conducted at home,TOTAL,32.0,41.0,23.0,50.0,47.0,46.0,53.0,33.0,23.0,13.0,24.0,14.0,399.0
Ri Bhoi,2.2,Deliveries conducted at Public Institutions (Including C-Sections),TOTAL,99.0,111.0,99.0,123.0,134.0,125.0,137.0,138.0,117.0,122.0,91.0,122.0,1418.0
Ri Bhoi,2.2.1,"Out of 2.2, Number discharged under 48 hours of delivery",TOTAL,59.0,59.0,60.0,68.0,33.0,78.0,82.0,89.0,111.0,117.0,87.0,118.0,961.0
Ri Bhoi,2.2.2.a,Number of mothers paid JSY Incentive for deliveries conducted at Public Institutions,TOTAL,82.0,60.0,56.0,78.0,106.0,35.0,69.0,117.0,120.0,99.0,84.0,114.0,1020.0
Ri Bhoi,2.2.2.b,Number of ASHAs paid JSY Incentive for deliveries conducted at Public Institutions,TOTAL,54.0,62.0,60.0,58.0,94.0,17.0,75.0,76.0,88.0,65.0,82.0,108.0,839.0
Ri Bhoi,2.2.2.c,Number of cases of deliveries conducted at Public Institutions where JSY incentive was paid to ANMs or AWWs [only for High Performing States (HPS)],TOTAL,0.0,0.0,0.0,0.0,0.0,0.0,0.0,0.0,0.0,0.0,0.0,0.0,0.0
Ri Bhoi,2.3,Deliveries conducted at Private Institutions (Including C-Sections),TOTAL,,,,,,,,,,,,,
Ri Bhoi,2.3.1.a,Number of mothers paid JSY Incentive for deliveries conducted at accredited Private Institutions,TOTAL,,,,,,,,,,,,,
Ri Bhoi,2.3.1.b,Number of ASHAs paid JSY Incentive for deliveries conducted at accredited Private Institutions,TOTAL,,,,,,,,,,,,,
Ri Bhoi,2.3.1.c,Number of cases of deliveries conducted at accredited Private Institutions where JSY incentive was paid to ANMs or AWWs [only for High Performing States (HPS)],TOTAL,,,,,,,,,,,,,
Ri Bhoi,3.1.1,Number of Caesarean (C-Section) deliveries performed at PHCs (Primary Health Centre),TOTAL,0.0,0.0,0.0,0.0,0.0,0.0,0.0,0.0,0.0,0.0,0.0,0.0,0.0
Ri Bhoi,3.1.2,Number of Caesarean (C-Section) deliveries performed at CHCs (Community Health Centre),TOTAL,0.0,0.0,0.0,0.0,0.0,0.0,0.0,0.0,0.0,0.0,0.0,0.0,0.0
Ri Bhoi,3.1.3,Number of Caesarean (C-Section) deliveries performed at SDHs (Sub-divisional Hospital) or DHs (District Hospital),TOTAL,0.0,0.0,0.0,0.0,0.0,0.0,0.0,0.0,0.0,0.0,0.0,0.0,0.0
Ri Bhoi,3.1.4,Number of Caesarean (C-Section) deliveries performed at other State owned public institutions,TOTAL,,,,,,,,,,,,,
Ri Bhoi,3.1.5,"Total Number of Caesarean (C-Section) deliveries performed at Public facilities i.e. PHC, CHC, SDH, DH and other State owned public institutions (sum of items from 3.1.1 to 3.1.4)",TOTAL,0.0,0.0,0.0,0.0,0.0,0.0,0.0,0.0,0.0,0.0,0.0,0.0,0.0
Ri Bhoi,3.2,No. of C-section deliveries performed at Private facilities,TOTAL,,,,,,,,,,,,,
Ri Bhoi,4.1.1.a,Number of male live births,TOTAL,224.0,232.0,215.0,260.0,260.0,244.0,259.0,275.0,218.0,249.0,213.0,250.0,2899.0
Ri Bhoi,4.1.1.b,Number of female live births,TOTAL,219.0,219.0,202.0,263.0,271.0,249.0,232.0,212.0,219.0,246.0,204.0,223.0,2759.0
Ri Bhoi,4.1.1.c,Total number of male and female live births (4.1.1.a and 4.1.1.b),TOTAL,443.0,451.0,417.0,523.0,531.0,493.0,491.0,487.0,437.0,495.0,417.0,473.0,5658.0
Ri Bhoi,4.1.2,Number of still births,TOTAL,4.0,2.0,3.0,2.0,4.0,4.0,5.0,7.0,2.0,7.0,8.0,6.0,54.0
Ri Bhoi,4.1.3,Number of Abortions (spontaneous or induced),TOTAL,10.0,20.0,7.0,8.0,20.0,12.0,13.0,15.0,12.0,13.0,12.0,4.0,146.0
Ri Bhoi,4.2.1,Number of Newborns weighed at birth,TOTAL,296.0,298.0,256.0,355.0,358.0,337.0,344.0,364.0,328.0,332.0,262.0,290.0,3820.0
Ri Bhoi,4.2.2,Number of Newborns having weight less than 2.5 kg,TOTAL,9.0,4.0,4.0,16.0,8.0,9.0,13.0,16.0,31.0,13.0,10.0,14.0,147.0
Ri Bhoi,4.3,Number of Newborns breast fed within 1 hour of birth,TOTAL,343.0,323.0,316.0,415.0,403.0,374.0,390.0,441.0,328.0,435.0,353.0,419.0,4540.0
Ri Bhoi,5.1.1,Number of cases of pregnant women with Obstetric Complications and attended at PHCs,TOTAL,8.0,2.0,2.0,0.0,2.0,0.0,7.0,15.0,1.0,19.0,11.0,13.0,80.0
Ri Bhoi,5.1.2,Number of cases of pregnant women with Obstetric Complications and attended at CHCs,TOTAL,2.0,2.0,0.0,8.0,15.0,14.0,18.0,20.0,34.0,25.0,25.0,19.0,182.0
Ri Bhoi,5.1.3,Number of cases of pregnant women with Obstetric Complications and attended at SDHs or DHs,TOTAL,12.0,12.0,4.0,4.0,27.0,39.0,18.0,35.0,28.0,34.0,33.0,37.0,283.0
Ri Bhoi,5.1.4,Number of cases of pregnant women with Obstetric Complications and attended at other State owned public institutions,TOTAL,,,,,,,,,,,,,
Ri Bhoi,5.1.5,"Number of cases of pregnant women with Obstetric Complications and attended at Public facilities i.e. PHC, CHC, SDH, DH and other State owned public institutions (sum of items from 5.1.1 to 5.1.4)",TOTAL,22.0,16.0,6.0,12.0,44.0,53.0,43.0,70.0,63.0,78.0,69.0,69.0,545.0
Ri Bhoi,5.2,Number of cases of pregnant women with Obstetric Complications and attended at Private facilities,TOTAL,,,,,,,,,,,,,
Ri Bhoi,5.3.1,Number of cases of complicated pregnancies treated with IV antibiotics,TOTAL,11.0,1.0,3.0,8.0,9.0,11.0,14.0,7.0,8.0,22.0,19.0,17.0,130.0
Ri Bhoi,5.3.2,Number of cases of complicated pregnancies treated with IV Antihypertensive/Magsulph injection,TOTAL,0.0,0.0,0.0,0.0,0.0,0.0,1.0,1.0,0.0,2.0,0.0,0.0,4.0
Ri Bhoi,5.3.3,Number of cases of complicated pregnancies treated with IV Oxytocis,TOTAL,22.0,15.0,2.0,6.0,31.0,22.0,31.0,34.0,25.0,32.0,26.0,24.0,270.0
Ri Bhoi,5.3.4,Number of cases of complicated pregnancies treated with Blood Transfusion,TOTAL,0.0,0.0,0.0,0.0,0.0,0.0,0.0,0.0,0.0,0.0,0.0,0.0,0.0
Ri Bhoi,6.1,Women getting post partum check-up within 48 hours after delivery,TOTAL,177.0,167.0,173.0,202.0,178.0,190.0,211.0,218.0,207.0,219.0,150.0,185.0,2277.0
Ri Bhoi,6.2,Women getting a post partum check up between 48 hours and 14 days after delivery,TOTAL,223.0,201.0,178.0,223.0,222.0,197.0,273.0,245.0,141.0,221.0,193.0,212.0,2529.0
Ri Bhoi,6.3,PNC maternal complications attended,TOTAL,0.0,1.0,5.0,0.0,1.0,1.0,4.0,2.0,0.0,2.0,4.0,3.0,23.0
Ri Bhoi,7.1.1,Number of MTPs conducted at Public Institutions up to 12 weeks of pregnancy,TOTAL,0.0,0.0,0.0,0.0,0.0,0.0,0.0,0.0,0.0,0.0,0.0,0.0,0.0
Ri Bhoi,7.1.2,Number of MTPs conducted at Public Institutions for more than 12 weeks of pregnancy,TOTAL,0.0,0.0,0.0,0.0,0.0,0.0,0.0,0.0,0.0,0.0,0.0,0.0,0.0
Ri Bhoi,7.1.3,Total number of MTPs conducted at Public Institutions (sum of items 7.1.1 and 7.1.2),TOTAL,0.0,0.0,0.0,0.0,0.0,0.0,0.0,0.0,0.0,0.0,0.0,0.0,0.0
Ri Bhoi,7.2,Number of MTPs conducted at Private Facilities,TOTAL,0.0,0.0,0.0,0.0,0.0,0.0,0.0,0.0,0.0,0.0,0.0,0.0,0.0
Ri Bhoi,8.1.a,Number of new cases of RTI/STI in males for which treatment was initiated,TOTAL,11.0,16.0,16.0,17.0,26.0,9.0,7.0,3.0,2.0,1.0,8.0,3.0,119.0
Ri Bhoi,8.1.b,Number of new cases of RTI/STI in females for which treatment was initiated,TOTAL,62.0,97.0,63.0,96.0,112.0,44.0,63.0,36.0,34.0,42.0,56.0,46.0,751.0
Ri Bhoi,8.1.c,Total number of new cases of RTI/STI in males and females for which treatment was initiated (sum of items 8.1.a and 8.1.b),TOTAL,73.0,113.0,79.0,113.0,138.0,53.0,70.0,39.0,36.0,43.0,64.0,49.0,870.0
Ri Bhoi,8.2,Number of suspected RTI/STI cases for whom wet mount test was conducted,TOTAL,8.0,12.0,22.0,10.0,25.0,22.0,16.0,21.0,20.0,21.0,3.0,43.0,223.0
Ri Bhoi,9.1.1.a,Number of NSV (No Scalpel Vasectomy) or Conventional Vasectomy conducted at PHCs,TOTAL,0.0,0.0,0.0,0.0,0.0,0.0,0.0,0.0,0.0,0.0,0.0,0.0,0.0
Ri Bhoi,9.1.1.b,Number of NSV or Conventional Vasectomy conducted at CHCs,TOTAL,0.0,0.0,0.0,0.0,0.0,0.0,0.0,0.0,0.0,0.0,0.0,0.0,0.0
Ri Bhoi,9.1.1.c,Number of NSV or Conventional Vasectomy conducted at SDHs or DHs,TOTAL,0.0,0.0,0.0,0.0,0.0,0.0,0.0,0.0,0.0,0.0,0.0,0.0,0.0
Ri Bhoi,9.1.1.d,Number of NSV or Conventional Vasectomy conducted at other State owned public institutions,TOTAL,,,,,,,,,,,,,
Ri Bhoi,9.1.1.e,"Total Number of NSV or Conventional Vasectomy conducted at Public facilities i.e. PHC, CHC, SDH, DH and other State owned public institutions (sum of items from 9.1.1.a to 9.1.1.d)",TOTAL,0.0,0.0,0.0,0.0,0.0,0.0,0.0,0.0,0.0,0.0,0.0,0.0,0.0
Ri Bhoi,9.1.2,Number of NSV or Conventional Vasectomy conducted at Private facilities,TOTAL,,,,,,,,,,,,,
Ri Bhoi,9.2.1.a,Number of Laparoscopic sterilizations conducted at PHCs,TOTAL,0.0,0.0,0.0,0.0,0.0,0.0,0.0,0.0,0.0,0.0,0.0,0.0,0.0
Ri Bhoi,9.2.1.b,Number of Laparoscopic sterilizations conducted at CHCs,TOTAL,0.0,0.0,0.0,0.0,0.0,0.0,0.0,0.0,0.0,0.0,0.0,0.0,0.0
Ri Bhoi,9.2.1.c,Number of Laparoscopic sterilizations conducted at SDHs or DHs,TOTAL,0.0,0.0,0.0,0.0,0.0,0.0,0.0,0.0,0.0,0.0,0.0,0.0,0.0
Ri Bhoi,9.2.1.d,Number of Laparoscopic sterilizations conducted at other State owned public institutions,TOTAL,,,,,,,,,,,,,
Ri Bhoi,9.2.1.e,"Total Number of Laparoscopic sterilizations conducted at Public facilities i.e. PHC, CHC, SDH, DH and other State owned public institutions (sum of items from 9.2.1.a to 9.2.1.d)",TOTAL,0.0,0.0,0.0,0.0,0.0,0.0,0.0,0.0,0.0,0.0,0.0,0.0,0.0
Ri Bhoi,9.2.2,Number of Laparoscopic sterilizations conducted at Private facilities,TOTAL,,,,,,,,,,,,,
Ri Bhoi,9.3.1.a,Number of Mini-lap sterilizations conducted at PHCs,TOTAL,0.0,0.0,0.0,0.0,0.0,0.0,0.0,0.0,0.0,0.0,0.0,0.0,0.0
Ri Bhoi,9.3.1.b,Number of Mini-lap sterilizations conducted at CHCs,TOTAL,0.0,0.0,0.0,0.0,0.0,0.0,0.0,0.0,0.0,0.0,0.0,0.0,0.0
Ri Bhoi,9.3.1.c,Number of Mini-lap sterilizations conducted at SDHs or DHs,TOTAL,3.0,1.0,2.0,0.0,24.0,2.0,0.0,0.0,0.0,0.0,0.0,3.0,35.0
Ri Bhoi,9.3.1.d,Number of Mini-lap sterilizations conducted at other State owned public institutions,TOTAL,,,,,,,,,,,,,
Ri Bhoi,9.3.1.e,"Total Number of Mini-lap sterilizations conducted at Public facilities i.e. PHC, CHC, SDH, DH and other State owned public institutions (sum of items from 9.3.1.a to 9.3.1.d)",TOTAL,3.0,1.0,2.0,0.0,24.0,2.0,0.0,0.0,0.0,0.0,0.0,3.0,35.0
Ri Bhoi,9.3.2,Number of Mini-lap sterilizations conducted at Private facilities,TOTAL,,,,,,,,,,,,,
Ri Bhoi,9.4.1.a,Number of Post-Partum sterilizations conducted at PHCs,TOTAL,0.0,0.0,0.0,0.0,0.0,0.0,0.0,0.0,0.0,0.0,0.0,0.0,0.0
Ri Bhoi,9.4.1.b,Number of Post-Partum sterilizations conducted at CHCs,TOTAL,0.0,0.0,0.0,0.0,0.0,0.0,0.0,0.0,0.0,0.0,0.0,0.0,0.0
Ri Bhoi,9.4.1.c,Number of Post-Partum sterilizations conducted at SDHs or DHs,TOTAL,7.0,3.0,7.0,5.0,7.0,1.0,5.0,0.0,0.0,0.0,0.0,0.0,35.0
Ri Bhoi,9.4.1.d,Number of Post-Partum sterilizations conducted at other State owned public institutions,TOTAL,,,,,,,,,,,,,
Ri Bhoi,9.4.1.e,"Total Number of Post-Partum sterilizations conducted at Public facilities i.e. PHC, CHC, SDH, DH and other State owned public institutions (sum of items from 9.4.1.a to 9.4.1.d)",TOTAL,7.0,3.0,7.0,5.0,7.0,1.0,5.0,0.0,0.0,0.0,0.0,0.0,35.0
Ri Bhoi,9.4.2,Number of Post-Partum sterilizations conducted at Private facilities,TOTAL,,,,,,,,,,,,,
Ri Bhoi,9.5.1.a,Number of IUCD Insertions conducted at SCs,TOTAL,1.0,4.0,0.0,0.0,0.0,1.0,0.0,0.0,0.0,0.0,2.0,1.0,9.0
Ri Bhoi,9.5.1.b,Number of IUCD Insertions conducted at PHCs,TOTAL,11.0,16.0,10.0,3.0,0.0,6.0,16.0,9.0,10.0,11.0,25.0,23.0,140.0
Ri Bhoi,9.5.1.c,Number of IUCD Insertions conducted at CHCs,TOTAL,5.0,7.0,0.0,0.0,1.0,7.0,14.0,6.0,12.0,5.0,11.0,16.0,84.0
Ri Bhoi,9.5.1.d,Number of IUCD Insertions conducted at SDHs or DHs,TOTAL,7.0,9.0,0.0,0.0,0.0,7.0,2.0,2.0,2.0,6.0,1.0,7.0,43.0
Ri Bhoi,9.5.1.e,Number of IUCD Insertions conducted at other State owned public institutions,TOTAL,,,,,,,,,,,,,
Ri Bhoi,9.5.1.f,"Total Number of IUCD Insertions conducted at Public facilities i.e. SC, PHC, CHC, SDH, DH and other State owned public institutions (sum of items from 9.5.1.a to 9.5.1.e)",TOTAL,24.0,36.0,10.0,3.0,1.0,21.0,32.0,17.0,24.0,22.0,39.0,47.0,276.0
Ri Bhoi,9.5.1A,"Out of above total, Post Partum (within 48 hours of delivery) IUCD insertions",TOTAL,,,,,,,,0.0,0.0,0.0,0.0,0.0,0.0
Ri Bhoi,9.5.2,Number of IUCD Insertions conducted at Private facilities,TOTAL,,,,,,,,,,,,,
Ri Bhoi,9.06,Number of IUCD removals,TOTAL,33.0,6.0,6.0,4.0,5.0,6.0,6.0,4.0,12.0,9.0,7.0,10.0,108.0
Ri Bhoi,9.07,Number of Oral Pills cycles distributed,TOTAL,848.0,508.0,511.0,754.0,630.0,522.0,543.0,576.0,535.0,550.0,599.0,545.0,7121.0
Ri Bhoi,9.08,Number of Condom pieces distributed,TOTAL,3490.0,3490.0,2839.0,6200.0,3290.0,3790.0,3260.0,3300.0,2900.0,3050.0,2760.0,2855.0,41224.0
Ri Bhoi,9.09,Number of Centchroman (weekly) pills given,TOTAL,0.0,0.0,0.0,0.0,0.0,0.0,0.0,0.0,0.0,0.0,0.0,0.0,0.0
Ri Bhoi,9.10,Number of Emergency Contraceptive Pills distributed,TOTAL,0.0,0.0,0.0,0.0,0.0,0.0,0.0,0.0,0.0,1.0,0.0,0.0,1.0
Ri Bhoi,9.11.1.a,Number of cases of complications following male sterilization,TOTAL,0.0,0.0,0.0,0.0,0.0,0.0,0.0,0.0,0.0,0.0,0.0,0.0,0.0
Ri Bhoi,9.11.1.b,Number of cases of complications following female sterilization,TOTAL,0.0,0.0,0.0,0.0,0.0,0.0,0.0,0.0,0.0,0.0,0.0,0.0,0.0
Ri Bhoi,9.11.2.a,Number of failures following male sterilization,TOTAL,0.0,0.0,0.0,0.0,0.0,0.0,0.0,0.0,0.0,0.0,0.0,0.0,0.0
Ri Bhoi,9.11.2.b,Number of failures following female sterilization,TOTAL,0.0,0.0,0.0,0.0,0.0,0.0,0.0,0.0,0.0,0.0,0.0,0.0,0.0
Ri Bhoi,9.11.3.a,Number of deaths following male sterilization,TOTAL,0.0,0.0,0.0,0.0,0.0,0.0,0.0,0.0,0.0,0.0,0.0,0.0,0.0
Ri Bhoi,9.11.3.b,Number of deaths following female sterilization,TOTAL,0.0,0.0,0.0,0.0,0.0,0.0,0.0,0.0,0.0,0.0,0.0,0.0,0.0
Ri Bhoi,9.12,Number of Institutions having NSV trained doctors,TOTAL,1.0,1.0,1.0,1.0,1.0,1.0,1.0,1.0,1.0,1.0,1.0,1.0,-1.0
Ri Bhoi,10.1.01,Number of Infants (0 to 11 months old)received BCG immunisation,TOTAL,415.0,598.0,478.0,515.0,535.0,545.0,441.0,526.0,359.0,519.0,582.0,499.0,6012.0
Ri Bhoi,10.1.02,Number of Infants (0 to 11 months old) received DPT1 immunisation,TOTAL,569.0,729.0,561.0,607.0,675.0,618.0,569.0,608.0,508.0,551.0,647.0,530.0,7172.0
Ri Bhoi,10.1.03,Number of Infants (0 to 11 months old) received DPT2 immunisation,TOTAL,518.0,617.0,533.0,590.0,618.0,576.0,499.0,591.0,434.0,562.0,581.0,506.0,6625.0
Ri Bhoi,10.1.04,Number of Infants (0 to 11 months old) received DPT3 immunisation,TOTAL,526.0,595.0,479.0,555.0,620.0,544.0,408.0,553.0,392.0,518.0,543.0,488.0,6221.0
Ri Bhoi,10.1.04A,Number of Infants (0 to 11 months old) received Pentavalent1 immunisation,TOTAL,,,,,,,,,,,,,
Ri Bhoi,10.1.04B,Number of Infants (0 to 11 months old) received Pentavalent2 immunisation,TOTAL,,,,,,,,,,,,,
Ri Bhoi,10.1.04C,Number of Infants (0 to 11 months old) received Pentavalent3 immunisation,TOTAL,,,,,,,,,,,,,
Ri Bhoi,10.1.05,Number of Infants (0 to 11 months old) received OPV 0 (Birth Dose),TOTAL,200.0,209.0,176.0,197.0,174.0,198.0,186.0,160.0,152.0,195.0,142.0,148.0,2137.0
Ri Bhoi,10.1.06,Number of Infants (0 to 11 months old) received OPV1 (First Dose),TOTAL,569.0,729.0,561.0,607.0,675.0,618.0,569.0,608.0,508.0,551.0,647.0,530.0,7172.0
Ri Bhoi,10.1.07,Number of Infants (0 to 11 months old) received OPV2 (Second Dose),TOTAL,518.0,617.0,533.0,590.0,618.0,576.0,499.0,591.0,434.0,562.0,581.0,506.0,6625.0
Ri Bhoi,10.1.08,Number of Infants (0 to 11 months old) received OPV3 (Third Dose),TOTAL,526.0,595.0,479.0,555.0,620.0,544.0,408.0,553.0,392.0,518.0,543.0,488.0,6221.0
Ri Bhoi,10.1.09A,Number of Infants (upto 48 hrs of age) received Hepatitis-B0 immunisation,TOTAL,99.0,79.0,74.0,84.0,47.0,84.0,87.0,85.0,81.0,107.0,81.0,74.0,982.0
Ri Bhoi,10.1.09,Number of Infants (0 to 11 months old) received Hepatitis-B1 immunisation,TOTAL,567.0,697.0,563.0,606.0,642.0,573.0,533.0,570.0,487.0,532.0,589.0,432.0,6791.0
Ri Bhoi,10.1.10,Number of Infants (0 to 11 months old) received Hepatitis-B2 immunisation,TOTAL,480.0,680.0,524.0,629.0,632.0,558.0,487.0,556.0,410.0,539.0,557.0,393.0,6445.0
Ri Bhoi,10.1.11,Number of Infants (0 to 11 months old) received Hepatitis-B3 immunisation,TOTAL,462.0,622.0,470.0,575.0,641.0,535.0,407.0,536.0,363.0,504.0,490.0,394.0,5999.0
Ri Bhoi,10.1.12,Number of Infants (0 to 11 months old) received Measles immunisation (First Dose),TOTAL,467.0,628.0,488.0,577.0,596.0,574.0,424.0,470.0,298.0,449.0,529.0,491.0,5991.0
Ri Bhoi,10.1.12B,Number of Infants (more than 16 months old) received Measles immunisation (Second Dose),TOTAL,195.0,445.0,313.0,307.0,446.0,370.0,244.0,334.0,208.0,249.0,351.0,279.0,3741.0
Ri Bhoi,10.1A,No. of Children aged 9 to 12 months who received JE 1st dose,TOTAL,,,,,,,,,,,,,
Ri Bhoi,10.1.13.a,Total number of male children (9 to 11 months old) fully immunised (BCG+DPT123/Pentavalent123+OPV123+Measles) during the month,TOTAL,211.0,259.0,219.0,267.0,277.0,257.0,194.0,223.0,136.0,197.0,249.0,229.0,2718.0
Ri Bhoi,10.1.13.b,Total number of female children (9 to 11 months old) fully immunised (BCG+DPT123/Pentavalent123+OPV123+Measles) during the month,TOTAL,200.0,289.0,219.0,256.0,269.0,257.0,195.0,222.0,115.0,195.0,229.0,222.0,2668.0
Ri Bhoi,10.1.13.c,Total number of children (9 to 11 months old) fully immunised (BCG+DPT123/Pentavalent123+OPV123+Measles) during the month (sum of items 10.1.13.a and 10.1.13.b),TOTAL,411.0,548.0,438.0,523.0,546.0,514.0,389.0,445.0,251.0,392.0,478.0,451.0,5386.0
Ri Bhoi,10.2.1,Number of Infants (more than 16 months old) received DPT Booster dose,TOTAL,348.0,542.0,397.0,450.0,536.0,467.0,306.0,374.0,269.0,297.0,425.0,412.0,4823.0
Ri Bhoi,10.2.2,Number of Infants (more than 16 months old) received OPV Booster dose,TOTAL,348.0,542.0,397.0,450.0,536.0,468.0,306.0,374.0,269.0,297.0,425.0,412.0,4824.0
Ri Bhoi,10.2.3,"Number of Infants (more than 16 months old) received Measles, Mumps, Rubella (MMR) Vaccination",TOTAL,0.0,0.0,0.0,0.0,0.0,,0.0,,,0.0,0.0,0.0,0.0
Ri Bhoi,10.3.1.a,Total number of male children (12 to 23 months old) fully immunised (BCG+DPT123/Pentavalent123+OPV123+Measles) during the month,TOTAL,66.0,90.0,51.0,76.0,99.0,74.0,41.0,42.0,43.0,119.0,36.0,76.0,813.0
Ri Bhoi,10.3.1.b,Total number of female children (12 to 23 months old) fully immunised (BCG+DPT123/Pentavalent123+OPV123+Measles) during the month,TOTAL,50.0,85.0,50.0,63.0,99.0,84.0,48.0,40.0,40.0,108.0,42.0,58.0,767.0
Ri Bhoi,10.3.1.c,Total number of children (12 to 23 months old) fully immunised (BCG+DPT123+OPV123/Pentavalent123+Measles) during the month (sum of items 10.3.1.a and 10.3.1.b),TOTAL,116.0,175.0,101.0,139.0,198.0,158.0,89.0,82.0,83.0,227.0,78.0,134.0,1580.0
Ri Bhoi,10.3.2,Number of children (more than 5 years old) given DT5,TOTAL,191.0,385.0,223.0,291.0,339.0,295.0,174.0,232.0,180.0,187.0,240.0,162.0,2899.0
Ri Bhoi,10.3.3,Number of children (more than 10 years old) given TT10,TOTAL,271.0,404.0,341.0,354.0,436.0,358.0,266.0,146.0,126.0,151.0,126.0,113.0,3092.0
Ri Bhoi,10.3.4,Number of children (more than 16 years old) given TT16,TOTAL,105.0,135.0,103.0,141.0,184.0,115.0,109.0,72.0,70.0,61.0,84.0,70.0,1249.0
Ri Bhoi,10.3.5.a,Number of cases of Abscess reported following immunisation [Adverse Event Following Immunisation (AEFI)],TOTAL,0.0,0.0,0.0,0.0,0.0,0.0,0.0,0.0,1.0,1.0,0.0,0.0,2.0
Ri Bhoi,10.3.5.b,Number of cases of Death reported following immunisation [Adverse Event Following Immunisation (AEFI)],TOTAL,0.0,0.0,0.0,0.0,0.0,0.0,0.0,0.0,0.0,0.0,0.0,0.0,0.0
Ri Bhoi,10.3.5.c,Number of cases of other complications reported following immunisation [Adverse Event Following Immunisation (AEFI)],TOTAL,0.0,0.0,0.0,0.0,0.0,0.0,0.0,0.0,0.0,0.0,0.0,0.0,0.0
Ri Bhoi,10.4.1,Number of Immunisation sessions planned to be held during the month,TOTAL,506.0,548.0,535.0,534.0,534.0,543.0,487.0,526.0,480.0,502.0,491.0,512.0,6198.0
Ri Bhoi,10.4.2,Number of Immunisation sessions held during the month,TOTAL,407.0,501.0,449.0,435.0,474.0,472.0,405.0,453.0,385.0,403.0,396.0,393.0,5173.0
Ri Bhoi,10.4.3,Number of Immunisation sessions held during the month where ASHAs were present,TOTAL,264.0,326.0,302.0,271.0,322.0,313.0,227.0,291.0,256.0,259.0,262.0,244.0,3337.0
Ri Bhoi,10.5.1,Number of children (more than 16 months old) received Japanese Encephalitis (JE) vaccination,TOTAL,0.0,0.0,0.0,0.0,0.0,0.0,0.0,0.0,0.0,0.0,0.0,0.0,0.0
Ri Bhoi,11.1.1,Number of children (9 months to 5 years old) administered 1st dose of Vitamin A (Dose-1),TOTAL,121.0,16.0,4.0,0.0,0.0,0.0,0.0,0.0,0.0,0.0,0.0,5.0,146.0
Ri Bhoi,11.1.2,Number of children (9 months to 5 years old) were administered 5th dose of Vitamin A (Dose-5),TOTAL,53.0,5.0,0.0,0.0,0.0,0.0,0.0,0.0,0.0,0.0,0.0,1.0,59.0
Ri Bhoi,11.1.3,Number of children (9 months to 5 years old) administered 9th dose of Vitamin A (Dose-9),TOTAL,6.0,4.0,0.0,0.0,0.0,0.0,0.0,0.0,0.0,0.0,0.0,1.0,11.0
Ri Bhoi,12.1,Number of cases of Diptheria reported in children below 5 years of age,TOTAL,0.0,0.0,0.0,0.0,0.0,0.0,0.0,0.0,0.0,0.0,0.0,0.0,0.0
Ri Bhoi,12.2,Number of cases of Pertusis reported in children below 5 years of age,TOTAL,0.0,0.0,0.0,0.0,0.0,0.0,0.0,0.0,0.0,0.0,0.0,0.0,0.0
Ri Bhoi,12.3,Number of cases of Tetanus neonatarum reported in children below 5 years of age,TOTAL,0.0,0.0,0.0,0.0,0.0,0.0,0.0,0.0,0.0,0.0,0.0,0.0,0.0
Ri Bhoi,12.4,Number of cases of Tetanus other than neonatarum reported in children below 5 years of age,TOTAL,0.0,0.0,0.0,0.0,0.0,0.0,0.0,0.0,0.0,0.0,0.0,0.0,0.0
Ri Bhoi,12.5,Number of cases of Polio reported in children below 5 years of age,TOTAL,0.0,0.0,0.0,0.0,0.0,0.0,0.0,0.0,0.0,0.0,0.0,0.0,0.0
Ri Bhoi,12.6,Number of cases of Measles reported in children below 5 years of age,TOTAL,4.0,4.0,4.0,6.0,3.0,1.0,2.0,4.0,2.0,1.0,0.0,4.0,35.0
Ri Bhoi,12.7,Number of cases of Diarrhoea and Dehydration reported in children below 5 years of age,TOTAL,867.0,1151.0,855.0,860.0,953.0,542.0,556.0,449.0,413.0,773.0,813.0,715.0,8947.0
Ri Bhoi,12.8,Number of cases of Malaria reported in children below 5 years of age,TOTAL,38.0,14.0,12.0,30.0,186.0,33.0,186.0,21.0,17.0,31.0,8.0,60.0,636.0
Ri Bhoi,12.9,Number of children below 5 years of age admitted with Respiratory Infections,TOTAL,113.0,113.0,91.0,91.0,156.0,94.0,42.0,36.0,38.0,53.0,31.0,72.0,930.0
Ri Bhoi,13.1,Number of Patients operated for cataract,TOTAL,0.0,,,,,,,,,,,12.0,12.0
Ri Bhoi,13.2,Number of Intraocular Lens(IOL) implantations,TOTAL,0.0,,,,,,,,,,,10.0,10.0
Ri Bhoi,13.3,Number of School children detected with Refractive errors,TOTAL,0.0,,,,,,,,,,,101.0,101.0
Ri Bhoi,13.4,Number of children provided free glasses,TOTAL,0.0,,,,,,,,,,,40.0,40.0
Ri Bhoi,13.5,Number of eyes collected through eye donation,TOTAL,,,,,,,,,,,,0.0,0.0
Ri Bhoi,13.6,Number of eyes utilised for corneal transplant,TOTAL,,,,,,,,,,,,0.0,0.0
Ri Bhoi,14.01,Number of CHC or SDH or DH functioning as First Referral units (FRUs),TOTAL,1.0,1.0,1.0,1.0,1.0,1.0,1.0,1.0,1.0,1.0,1.0,1.0,-1.0
Ri Bhoi,14.02,Number of PHCs functioning 24X7 with atleast 3 Staff Nurses,TOTAL,6.0,6.0,6.0,6.0,6.0,6.0,6.0,6.0,6.0,6.0,6.0,6.0,-1.0
Ri Bhoi,14.03,Number of Anganwadi centres reported to have conducted VHNDs,TOTAL,187.0,210.0,188.0,158.0,189.0,201.0,144.0,180.0,133.0,128.0,142.0,137.0,-1.0
Ri Bhoi,14.04,Number of facilities having a Rogi Kalyan Samiti (RKS),TOTAL,4.0,4.0,4.0,4.0,4.0,4.0,4.0,4.0,4.0,4.0,4.0,3.0,-1.0
Ri Bhoi,14.05,Number of RKS meetings held during the month,TOTAL,6.0,5.0,3.0,5.0,1.0,3.0,3.0,3.0,2.0,1.0,1.0,0.0,33.0
Ri Bhoi,14.06,Number of facilities having Ambulance services (Assured Referral Services),TOTAL,12.0,13.0,12.0,13.0,13.0,12.0,12.0,13.0,13.0,13.0,14.0,14.0,-1.0
Ri Bhoi,14.07,Total Number of times the Ambulance was used for transporting patients during the month,TOTAL,178.0,113.0,124.0,197.0,194.0,183.0,153.0,179.0,109.0,191.0,114.0,159.0,1894.0
Ri Bhoi,14.08,Number of Institutions having Operational Sick New Born and Child Care Units (SNCU),TOTAL,1.0,2.0,2.0,2.0,2.0,2.0,2.0,1.0,2.0,2.0,2.0,2.0,-1.0
Ri Bhoi,14.09,Number of functional Laproscopes in CHC/SDH/DH,TOTAL,0.0,0.0,0.0,0.0,0.0,0.0,0.0,0.0,0.0,0.0,0.0,0.0,-1.0
Ri Bhoi,14.10.1.a,Number of male patients admitted (Inpatients) during the month,1. Children,288.0,251.0,217.0,310.0,255.0,160.0,295.0,160.0,184.0,298.0,318.0,246.0,2982.0
Ri Bhoi,14.10.1.a,Number of male patients admitted (Inpatients) during the month,2. Adults,243.0,314.0,265.0,322.0,394.0,222.0,306.0,293.0,155.0,176.0,147.0,201.0,3038.0
Ri Bhoi,14.10.1.b,Number of female patients (Inpatients) admitted during the month,1. Children,271.0,233.0,305.0,293.0,215.0,148.0,258.0,181.0,174.0,200.0,273.0,308.0,2859.0
Ri Bhoi,14.10.1.b,Number of female patients (Inpatients) admitted during the month,2. Adults,418.0,582.0,409.0,629.0,491.0,313.0,440.0,465.0,339.0,212.0,419.0,434.0,5151.0
Ri Bhoi,14.10.1.c,Total number of patients admitted (Inpatients) during the month (sum of items 14.10.1.a and 14.10.1.b),1. Children,559.0,484.0,522.0,603.0,470.0,308.0,553.0,341.0,358.0,498.0,591.0,554.0,5841.0
Ri Bhoi,14.10.1.c,Total number of patients admitted (Inpatients) during the month (sum of items 14.10.1.a and 14.10.1.b),2. Adults,661.0,896.0,674.0,951.0,885.0,535.0,746.0,758.0,494.0,388.0,566.0,635.0,8189.0
Ri Bhoi,14.10.2.a,Number of death cases of Inpatient males,TOTAL,2.0,2.0,1.0,2.0,6.0,3.0,2.0,2.0,3.0,1.0,0.0,3.0,27.0
Ri Bhoi,14.10.2.b,Number of death cases of Inpatient females,TOTAL,3.0,1.0,1.0,2.0,2.0,2.0,2.0,3.0,2.0,3.0,0.0,3.0,24.0
Ri Bhoi,14.10.2.c,Number of cases of death of Inpatients (sum of items 14.10.2.a and 14.10.2.b),TOTAL,5.0,3.0,2.0,4.0,8.0,5.0,4.0,5.0,5.0,4.0,0.0,6.0,51.0
Ri Bhoi,14.11,In-Patient Head Count at midnight,TOTAL,1807.0,1760.0,1947.0,1568.0,1797.0,1629.0,1806.0,1268.0,1111.0,1071.0,1879.0,3323.0,20966.0
Ri Bhoi,14.12.1,OPD attendance (All),TOTAL,28168.0,35941.0,26627.0,27633.0,27765.0,22266.0,22479.0,20221.0,16771.0,17849.0,18878.0,21254.0,285852.0
Ri Bhoi,14.13.1,Number of major operations carried out using general or spinal anaesthesia,TOTAL,10.0,4.0,9.0,5.0,7.0,0.0,0.0,0.0,0.0,0.0,0.0,0.0,35.0
Ri Bhoi,14.13.1A,"Out of 14.13.1,Gynecology- Hysterectomy surgeries",TOTAL,,,,,,,,0.0,0.0,0.0,0.0,0.0,0.0
Ri Bhoi,14.13.2,Number of minor operations carried out without anaesthesia or using local anaesthesia,TOTAL,81.0,46.0,96.0,99.0,207.0,120.0,79.0,76.0,61.0,59.0,42.0,76.0,1042.0
Ri Bhoi,14.14.a,Number of patients given AYUSH treatment,TOTAL,2921.0,3001.0,2781.0,2712.0,2374.0,1896.0,2104.0,1579.0,1189.0,1551.0,1947.0,2069.0,26124.0
Ri Bhoi,14.14.b,Number of patients on whom Dental Procedure was conducted,TOTAL,248.0,342.0,524.0,602.0,552.0,460.0,514.0,326.0,362.0,313.0,384.0,447.0,5074.0
Ri Bhoi,14.14.c,Number of Adolescents counselled,TOTAL,68.0,74.0,34.0,34.0,200.0,64.0,51.0,41.0,23.0,52.0,31.0,94.0,766.0
Ri Bhoi,15.1.1.a,Number of Haemoglobin (Hb) tests conducted,TOTAL,878.0,881.0,1097.0,1247.0,1056.0,1035.0,1319.0,1164.0,710.0,978.0,1081.0,1088.0,12534.0
Ri Bhoi,15.1.1.b,"Out of the total number of Hb tests conducted, number of cases having Hb less than 7gm/dl",TOTAL,23.0,52.0,32.0,34.0,22.0,22.0,37.0,29.0,22.0,30.0,19.0,19.0,341.0
Ri Bhoi,15.1.2.a,Number of HIV tests conducted on males,1. Number tested,1.0,13.0,1.0,5.0,6.0,3.0,0.0,0.0,6.0,9.0,17.0,12.0,73.0
Ri Bhoi,15.1.2.a,Number of HIV tests conducted on males,2. Number Positive,0.0,0.0,0.0,0.0,0.0,0.0,0.0,0.0,0.0,0.0,0.0,0.0,0.0
Ri Bhoi,15.1.2.b,Number of HIV tests conducted on Female-Non ANC (i.e. non pregnant females),1. Number tested,0.0,15.0,7.0,8.0,15.0,13.0,0.0,0.0,5.0,12.0,9.0,12.0,96.0
Ri Bhoi,15.1.2.b,Number of HIV tests conducted on Female-Non ANC (i.e. non pregnant females),2. Number Positive,0.0,0.0,0.0,0.0,0.0,0.0,0.0,0.0,0.0,0.0,0.0,0.0,0.0
Ri Bhoi,15.1.2.c,Number of HIV tests conducted on Female with ANC (i.e. pregnant females),1. Number tested,2.0,46.0,36.0,45.0,58.0,36.0,0.0,0.0,62.0,126.0,112.0,116.0,639.0
Ri Bhoi,15.1.2.c,Number of HIV tests conducted on Female with ANC (i.e. pregnant females),2. Number Positive,0.0,0.0,0.0,0.0,2.0,0.0,0.0,0.0,0.0,0.0,0.0,0.0,2.0
Ri Bhoi,15.1.2.d,Total number of HIV tests conducted (sum of items 15.1.2.a to 15.1.2.c),1. Number tested,3.0,74.0,44.0,58.0,79.0,52.0,0.0,0.0,73.0,147.0,138.0,140.0,808.0
Ri Bhoi,15.1.2.d,Total number of HIV tests conducted (sum of items 15.1.2.a to 15.1.2.c),2. Number Positive,0.0,0.0,0.0,0.0,2.0,0.0,0.0,0.0,0.0,0.0,0.0,0.0,2.0
Ri Bhoi,15.2,Number of Widal tests conducted,Number tested,139.0,126.0,126.0,156.0,76.0,56.0,33.0,56.0,32.0,33.0,48.0,53.0,934.0
Ri Bhoi,15.3.a,Number of VDRL tests conducted on males,Number tested,11.0,17.0,5.0,10.0,11.0,6.0,2.0,22.0,1.0,2.0,3.0,1.0,91.0
Ri Bhoi,15.3.b,Number of VDRL tests conducted on Female-Non ANC (i.e. non pregnant females),Number tested,25.0,24.0,14.0,16.0,24.0,8.0,4.0,16.0,3.0,6.0,4.0,5.0,149.0
Ri Bhoi,15.3.c,Number of VDRL tests conducted on Female with ANC (i.e. pregnant females),Number tested,22.0,74.0,72.0,111.0,137.0,65.0,18.0,64.0,23.0,82.0,87.0,66.0,821.0
Ri Bhoi,15.3.d,Total number of VDRL tests conducted (sum of items 15.3.a to 15.3.c),Number tested,58.0,115.0,91.0,137.0,172.0,79.0,24.0,102.0,27.0,90.0,94.0,72.0,1061.0
Ri Bhoi,15.4.1,Number of blood smears examined for Malaria,TOTAL,2932.0,3451.0,2940.0,3865.0,3197.0,2191.0,2166.0,2261.0,1303.0,1032.0,1187.0,1568.0,28093.0
Ri Bhoi,15.4.2,"Out of blood smears examined for malaria, number of blood smears tested positive for Plasmodium Vivax",TOTAL,35.0,57.0,66.0,67.0,87.0,66.0,65.0,42.0,66.0,21.0,17.0,27.0,616.0
Ri Bhoi,15.4.3,"Out of blood smears examined for malaria, number of blood smears tested positive for Plasmodium Falciparum",TOTAL,135.0,83.0,74.0,114.0,139.0,146.0,157.0,82.0,23.0,20.0,17.0,24.0,1014.0
Ri Bhoi,16.1.1,Stock position of DPT vaccines,1. Balance From Previous Month,0.0,270.0,15.0,240.0,10.0,144.0,215.0,68.0,114.0,223.0,337.0,0.0,1636.0
Ri Bhoi,16.1.1,Stock position of DPT vaccines,2. Stocks Received,500.0,300.0,400.0,0.0,500.0,400.0,0.0,300.0,300.0,300.0,0.0,400.0,3400.0
Ri Bhoi,16.1.1,Stock position of DPT vaccines,3. Unusable Stock,0.0,0.0,0.0,0.0,0.0,0.0,0.0,0.0,0.0,0.0,0.0,0.0,0.0
Ri Bhoi,16.1.1,Stock position of DPT vaccines,4. Stock Distributed,230.0,555.0,175.0,230.0,366.0,329.0,147.0,254.0,191.0,186.0,337.0,189.0,3189.0
Ri Bhoi,16.1.1,Stock position of DPT vaccines,5. Total Stock,270.0,15.0,240.0,10.0,144.0,215.0,68.0,114.0,223.0,337.0,0.0,211.0,1847.0
Ri Bhoi,16.1.1A,Stock Position of Pentavalent,1. Balance From Previous Month,,,,,,,,0.0,0.0,0.0,0.0,0.0,0.0
Ri Bhoi,16.1.1A,Stock Position of Pentavalent,2. Stocks Received,,,,,,,,0.0,0.0,0.0,0.0,0.0,0.0
Ri Bhoi,16.1.1A,Stock Position of Pentavalent,3. Unusable Stock,,,,,,,,0.0,0.0,0.0,0.0,0.0,0.0
Ri Bhoi,16.1.1A,Stock Position of Pentavalent,4. Stock Distributed,,,,,,,,0.0,0.0,0.0,0.0,0.0,0.0
Ri Bhoi,16.1.1A,Stock Position of Pentavalent,5. Total Stock,0.0,0.0,0.0,0.0,0.0,0.0,0.0,0.0,0.0,0.0,0.0,0.0,0.0
Ri Bhoi,16.1.2,Stock position of OPV vaccines,1. Balance From Previous Month,62.0,376.0,239.0,384.0,34.0,137.0,247.0,67.0,51.0,0.0,12.0,0.0,1609.0
Ri Bhoi,16.1.2,Stock position of OPV vaccines,2. Stocks Received,400.0,200.0,300.0,0.0,400.0,400.0,0.0,200.0,100.0,100.0,0.0,300.0,2400.0
Ri Bhoi,16.1.2,Stock position of OPV vaccines,3. Unusable Stock,0.0,0.0,0.0,0.0,0.0,0.0,0.0,0.0,0.0,0.0,0.0,0.0,0.0
Ri Bhoi,16.1.2,Stock position of OPV vaccines,4. Stock Distributed,86.0,337.0,155.0,350.0,297.0,290.0,180.0,216.0,151.0,88.0,12.0,74.0,2236.0
Ri Bhoi,16.1.2,Stock position of OPV vaccines,5. Total Stock,376.0,239.0,384.0,34.0,137.0,247.0,67.0,51.0,0.0,12.0,0.0,226.0,1773.0
Ri Bhoi,16.1.3,Stock position of TT vaccines,1. Balance From Previous Month,23.0,195.0,230.0,170.0,0.0,0.0,61.0,0.0,0.0,135.0,240.0,40.0,1094.0
Ri Bhoi,16.1.3,Stock position of TT vaccines,2. Stocks Received,400.0,500.0,100.0,0.0,300.0,400.0,0.0,0.0,300.0,300.0,0.0,300.0,2600.0
Ri Bhoi,16.1.3,Stock position of TT vaccines,3. Unusable Stock,0.0,0.0,0.0,0.0,0.0,0.0,0.0,0.0,0.0,0.0,0.0,0.0,0.0
Ri Bhoi,16.1.3,Stock position of TT vaccines,4. Stock Distributed,228.0,465.0,160.0,170.0,300.0,339.0,61.0,0.0,165.0,195.0,200.0,217.0,2500.0
Ri Bhoi,16.1.3,Stock position of TT vaccines,5. Total Stock,195.0,230.0,170.0,0.0,0.0,61.0,0.0,0.0,135.0,240.0,40.0,123.0,1194.0
Ri Bhoi,16.1.4,Stock position of DT vaccines,1. Balance From Previous Month,0.0,0.0,0.0,0.0,0.0,0.0,0.0,0.0,0.0,0.0,0.0,0.0,0.0
Ri Bhoi,16.1.4,Stock position of DT vaccines,2. Stocks Received,0.0,0.0,0.0,0.0,0.0,0.0,0.0,0.0,0.0,0.0,0.0,0.0,0.0
Ri Bhoi,16.1.4,Stock position of DT vaccines,3. Unusable Stock,0.0,0.0,0.0,0.0,0.0,0.0,0.0,0.0,0.0,0.0,0.0,0.0,0.0
Ri Bhoi,16.1.4,Stock position of DT vaccines,4. Stock Distributed,0.0,0.0,0.0,0.0,0.0,0.0,0.0,0.0,0.0,0.0,0.0,0.0,0.0
Ri Bhoi,16.1.4,Stock position of DT vaccines,5. Total Stock,0.0,0.0,0.0,0.0,0.0,0.0,0.0,0.0,0.0,0.0,0.0,0.0,0.0
Ri Bhoi,16.1.5,Stock position of BCG vaccines,1. Balance From Previous Month,61.0,170.0,0.0,250.0,75.0,299.0,260.0,219.0,284.0,118.0,235.0,174.0,2145.0
Ri Bhoi,16.1.5,Stock position of BCG vaccines,2. Stocks Received,300.0,200.0,300.0,0.0,400.0,100.0,0.0,200.0,0.0,200.0,0.0,100.0,1800.0
Ri Bhoi,16.1.5,Stock position of BCG vaccines,3. Unusable Stock,0.0,0.0,0.0,0.0,0.0,0.0,0.0,0.0,0.0,0.0,0.0,0.0,0.0
Ri Bhoi,16.1.5,Stock position of BCG vaccines,4. Stock Distributed,191.0,370.0,50.0,175.0,176.0,139.0,41.0,135.0,166.0,83.0,61.0,135.0,1722.0
Ri Bhoi,16.1.5,Stock position of BCG vaccines,5. Total Stock,170.0,0.0,250.0,75.0,299.0,260.0,219.0,284.0,118.0,235.0,174.0,139.0,2223.0
Ri Bhoi,16.1.6,Stock position of Measles vaccines,1. Balance From Previous Month,9.0,244.0,46.0,296.0,0.0,184.0,359.0,250.0,264.0,401.0,502.0,299.0,2854.0
Ri Bhoi,16.1.6,Stock position of Measles vaccines,2. Stocks Received,400.0,300.0,400.0,0.0,500.0,500.0,0.0,300.0,300.0,300.0,0.0,500.0,3500.0
Ri Bhoi,16.1.6,Stock position of Measles vaccines,3. Unusable Stock,0.0,0.0,0.0,0.0,0.0,0.0,0.0,0.0,0.0,0.0,0.0,0.0,0.0
Ri Bhoi,16.1.6,Stock position of Measles vaccines,4. Stock Distributed,165.0,498.0,150.0,296.0,316.0,325.0,109.0,286.0,163.0,199.0,203.0,235.0,2945.0
Ri Bhoi,16.1.6,Stock position of Measles vaccines,5. Total Stock,244.0,46.0,296.0,0.0,184.0,359.0,250.0,264.0,401.0,502.0,299.0,564.0,3409.0
Ri Bhoi,16.1.7,Stock position of JE vaccines,1. Balance From Previous Month,0.0,0.0,0.0,0.0,0.0,0.0,0.0,0.0,0.0,0.0,0.0,0.0,0.0
Ri Bhoi,16.1.7,Stock position of JE vaccines,2. Stocks Received,0.0,0.0,0.0,0.0,0.0,0.0,0.0,0.0,0.0,0.0,0.0,0.0,0.0
Ri Bhoi,16.1.7,Stock position of JE vaccines,3. Unusable Stock,0.0,0.0,0.0,0.0,0.0,0.0,0.0,0.0,0.0,0.0,0.0,0.0,0.0
Ri Bhoi,16.1.7,Stock position of JE vaccines,4. Stock Distributed,0.0,0.0,0.0,0.0,0.0,0.0,0.0,0.0,0.0,0.0,0.0,0.0,0.0
Ri Bhoi,16.1.7,Stock position of JE vaccines,5. Total Stock,0.0,0.0,0.0,0.0,0.0,0.0,0.0,0.0,0.0,0.0,0.0,0.0,0.0
Ri Bhoi,16.1.8,Stock position of Hepatitis B vaccines,1. Balance From Previous Month,5.0,262.0,85.0,240.0,0.0,62.0,190.0,79.0,138.0,160.0,210.0,42.0,1473.0
Ri Bhoi,16.1.8,Stock position of Hepatitis B vaccines,2. Stocks Received,400.0,300.0,300.0,0.0,400.0,400.0,0.0,300.0,200.0,200.0,0.0,200.0,2700.0
Ri Bhoi,16.1.8,Stock position of Hepatitis B vaccines,3. Unusable Stock,0.0,0.0,0.0,0.0,0.0,0.0,0.0,0.0,0.0,0.0,0.0,0.0,0.0
Ri Bhoi,16.1.8,Stock position of Hepatitis B vaccines,4. Stock Distributed,143.0,477.0,145.0,240.0,338.0,272.0,111.0,241.0,178.0,150.0,168.0,70.0,2533.0
Ri Bhoi,16.1.8,Stock position of Hepatitis B vaccines,5. Total Stock,262.0,85.0,240.0,0.0,62.0,190.0,79.0,138.0,160.0,210.0,42.0,172.0,1640.0
Ri Bhoi,16.2.1,Stock Position of IU 380 A (to be used for Family Planning),1. Balance From Previous Month,0.0,0.0,0.0,0.0,0.0,0.0,0.0,0.0,0.0,0.0,0.0,0.0,0.0
Ri Bhoi,16.2.1,Stock Position of IU 380 A (to be used for Family Planning),2. Stocks Received,0.0,0.0,0.0,0.0,0.0,0.0,0.0,0.0,0.0,0.0,0.0,0.0,0.0
Ri Bhoi,16.2.1,Stock Position of IU 380 A (to be used for Family Planning),3. Unusable Stock,0.0,0.0,0.0,0.0,0.0,0.0,0.0,0.0,0.0,0.0,0.0,0.0,0.0
Ri Bhoi,16.2.1,Stock Position of IU 380 A (to be used for Family Planning),4. Stock Distributed,0.0,0.0,0.0,0.0,0.0,0.0,0.0,0.0,0.0,0.0,0.0,0.0,0.0
Ri Bhoi,16.2.1,Stock Position of IU 380 A (to be used for Family Planning),5. Total Stock,0.0,0.0,0.0,0.0,0.0,0.0,0.0,0.0,0.0,0.0,0.0,0.0,0.0
Ri Bhoi,16.2.2,Stock Position of Condoms (to be used for Family Planning),1. Balance From Previous Month,14800.0,8300.0,0.0,4500.0,30580.0,27640.0,23860.0,23440.0,23340.0,21420.0,21420.0,21420.0,220720.0
Ri Bhoi,16.2.2,Stock Position of Condoms (to be used for Family Planning),2. Stocks Received,0.0,0.0,12000.0,35280.0,0.0,0.0,0.0,0.0,0.0,0.0,0.0,0.0,47280.0
Ri Bhoi,16.2.2,Stock Position of Condoms (to be used for Family Planning),3. Unusable Stock,0.0,0.0,0.0,0.0,0.0,0.0,0.0,0.0,0.0,0.0,0.0,0.0,0.0
Ri Bhoi,16.2.2,Stock Position of Condoms (to be used for Family Planning),4. Stock Distributed,6500.0,8300.0,7500.0,9200.0,2940.0,3780.0,420.0,100.0,1920.0,0.0,0.0,21420.0,62080.0
Ri Bhoi,16.2.2,Stock Position of Condoms (to be used for Family Planning),5. Total Stock,8300.0,0.0,4500.0,30580.0,27640.0,23860.0,23440.0,23340.0,21420.0,21420.0,21420.0,0.0,205920.0
Ri Bhoi,16.2.3,Stock Position of Oral Contraceptive (to be used for Family Planning),1. Balance From Previous Month,0.0,0.0,0.0,8300.0,6000.0,5200.0,4700.0,4400.0,4400.0,4200.0,4200.0,4200.0,45600.0
Ri Bhoi,16.2.3,Stock Position of Oral Contraceptive (to be used for Family Planning),2. Stocks Received,0.0,0.0,9000.0,0.0,0.0,0.0,0.0,0.0,0.0,0.0,0.0,0.0,9000.0
Ri Bhoi,16.2.3,Stock Position of Oral Contraceptive (to be used for Family Planning),3. Unusable Stock,0.0,0.0,0.0,0.0,0.0,0.0,0.0,0.0,0.0,0.0,0.0,0.0,0.0
Ri Bhoi,16.2.3,Stock Position of Oral Contraceptive (to be used for Family Planning),4. Stock Distributed,0.0,0.0,700.0,2300.0,800.0,500.0,300.0,0.0,200.0,0.0,0.0,4200.0,9000.0
Ri Bhoi,16.2.3,Stock Position of Oral Contraceptive (to be used for Family Planning),5. Total Stock,0.0,0.0,8300.0,6000.0,5200.0,4700.0,4400.0,4400.0,4200.0,4200.0,4200.0,0.0,45600.0
Ri Bhoi,16.2.4,Stock Position of Emergency Contraceptive (to be used for Family Planning),1. Balance From Previous Month,0.0,0.0,0.0,0.0,0.0,2750.0,2750.0,2750.0,2750.0,2700.0,2700.0,2700.0,19100.0
Ri Bhoi,16.2.4,Stock Position of Emergency Contraceptive (to be used for Family Planning),2. Stocks Received,0.0,0.0,0.0,0.0,3000.0,0.0,0.0,0.0,0.0,0.0,0.0,0.0,3000.0
Ri Bhoi,16.2.4,Stock Position of Emergency Contraceptive (to be used for Family Planning),3. Unusable Stock,0.0,0.0,0.0,0.0,0.0,0.0,0.0,0.0,0.0,0.0,0.0,0.0,0.0
Ri Bhoi,16.2.4,Stock Position of Emergency Contraceptive (to be used for Family Planning),4. Stock Distributed,0.0,0.0,0.0,0.0,250.0,0.0,0.0,0.0,50.0,0.0,0.0,2700.0,3000.0
Ri Bhoi,16.2.4,Stock Position of Emergency Contraceptive (to be used for Family Planning),5. Total Stock,0.0,0.0,0.0,0.0,2750.0,2750.0,2750.0,2750.0,2700.0,2700.0,2700.0,0.0,19100.0
Ri Bhoi,16.2.5,Stock Position of Tubal Rings (to be used for Family Planning),1. Balance From Previous Month,0.0,0.0,0.0,0.0,0.0,0.0,0.0,0.0,0.0,0.0,0.0,0.0,0.0
Ri Bhoi,16.2.5,Stock Position of Tubal Rings (to be used for Family Planning),2. Stocks Received,0.0,0.0,0.0,0.0,0.0,0.0,0.0,0.0,0.0,0.0,0.0,0.0,0.0
Ri Bhoi,16.2.5,Stock Position of Tubal Rings (to be used for Family Planning),3. Unusable Stock,0.0,0.0,0.0,0.0,0.0,0.0,0.0,0.0,0.0,0.0,0.0,0.0,0.0
Ri Bhoi,16.2.5,Stock Position of Tubal Rings (to be used for Family Planning),4. Stock Distributed,0.0,0.0,0.0,0.0,0.0,0.0,0.0,0.0,0.0,0.0,0.0,0.0,0.0
Ri Bhoi,16.2.5,Stock Position of Tubal Rings (to be used for Family Planning),5. Total Stock,0.0,0.0,0.0,0.0,0.0,0.0,0.0,0.0,0.0,0.0,0.0,0.0,0.0
Ri Bhoi,16.3.01,Stock Position of Oxytocin Injection,1. Balance From Previous Month,1000.0,100.0,4700.0,3700.0,3200.0,1900.0,1300.0,700.0,100.0,0.0,0.0,0.0,16700.0
Ri Bhoi,16.3.01,Stock Position of Oxytocin Injection,2. Stocks Received,0.0,5000.0,0.0,0.0,0.0,0.0,0.0,0.0,0.0,0.0,0.0,0.0,5000.0
Ri Bhoi,16.3.01,Stock Position of Oxytocin Injection,3. Unusable Stock,0.0,0.0,0.0,0.0,0.0,0.0,0.0,0.0,0.0,0.0,0.0,0.0,0.0
Ri Bhoi,16.3.01,Stock Position of Oxytocin Injection,4. Stock Distributed,900.0,400.0,1000.0,500.0,1300.0,600.0,600.0,600.0,100.0,0.0,0.0,0.0,6000.0
Ri Bhoi,16.3.01,Stock Position of Oxytocin Injection,5. Total Stock,100.0,4700.0,3700.0,3200.0,1900.0,1300.0,700.0,100.0,0.0,0.0,0.0,0.0,15700.0
Ri Bhoi,16.3.02,Stock Position of Gloves,1. Balance From Previous Month,0.0,0.0,0.0,0.0,0.0,0.0,0.0,0.0,0.0,0.0,0.0,0.0,0.0
Ri Bhoi,16.3.02,Stock Position of Gloves,2. Stocks Received,0.0,0.0,0.0,0.0,0.0,0.0,0.0,0.0,0.0,0.0,0.0,0.0,0.0
Ri Bhoi,16.3.02,Stock Position of Gloves,3. Unusable Stock,0.0,0.0,0.0,0.0,0.0,0.0,0.0,0.0,0.0,0.0,0.0,0.0,0.0
Ri Bhoi,16.3.02,Stock Position of Gloves,4. Stock Distributed,0.0,0.0,0.0,0.0,0.0,0.0,0.0,0.0,0.0,0.0,0.0,0.0,0.0
Ri Bhoi,16.3.02,Stock Position of Gloves,5. Total Stock,0.0,0.0,0.0,0.0,0.0,0.0,0.0,0.0,0.0,0.0,0.0,0.0,0.0
Ri Bhoi,16.3.03,Stock Position of MVA Syringes,1. Balance From Previous Month,0.0,0.0,0.0,0.0,0.0,0.0,0.0,0.0,0.0,0.0,0.0,0.0,0.0
Ri Bhoi,16.3.03,Stock Position of MVA Syringes,2. Stocks Received,0.0,0.0,0.0,0.0,0.0,0.0,0.0,0.0,0.0,0.0,0.0,0.0,0.0
Ri Bhoi,16.3.03,Stock Position of MVA Syringes,3. Unusable Stock,0.0,0.0,0.0,0.0,0.0,0.0,0.0,0.0,0.0,0.0,0.0,0.0,0.0
Ri Bhoi,16.3.03,Stock Position of MVA Syringes,4. Stock Distributed,0.0,0.0,0.0,0.0,0.0,0.0,0.0,0.0,0.0,0.0,0.0,0.0,0.0
Ri Bhoi,16.3.03,Stock Position of MVA Syringes,5. Total Stock,0.0,0.0,0.0,0.0,0.0,0.0,0.0,0.0,0.0,0.0,0.0,0.0,0.0
Ri Bhoi,16.3.04,Stock Position of Fluconazole Tablets,1. Balance From Previous Month,0.0,0.0,0.0,0.0,0.0,0.0,0.0,38000.0,31500.0,27300.0,25300.0,25300.0,147400.0
Ri Bhoi,16.3.04,Stock Position of Fluconazole Tablets,2. Stocks Received,0.0,0.0,0.0,0.0,0.0,0.0,38000.0,0.0,0.0,0.0,0.0,0.0,38000.0
Ri Bhoi,16.3.04,Stock Position of Fluconazole Tablets,3. Unusable Stock,0.0,0.0,0.0,0.0,0.0,0.0,0.0,0.0,0.0,0.0,0.0,0.0,0.0
Ri Bhoi,16.3.04,Stock Position of Fluconazole Tablets,4. Stock Distributed,0.0,0.0,0.0,0.0,0.0,0.0,0.0,6500.0,4200.0,2000.0,0.0,0.0,12700.0
Ri Bhoi,16.3.04,Stock Position of Fluconazole Tablets,5. Total Stock,0.0,0.0,0.0,0.0,0.0,0.0,38000.0,31500.0,27300.0,25300.0,25300.0,25300.0,172700.0
Ri Bhoi,16.3.05,Stock Position of Blood Transfusion Sets,1. Balance From Previous Month,0.0,0.0,0.0,0.0,0.0,0.0,0.0,0.0,0.0,0.0,0.0,0.0,0.0
Ri Bhoi,16.3.05,Stock Position of Blood Transfusion Sets,2. Stocks Received,0.0,0.0,0.0,0.0,0.0,0.0,0.0,0.0,0.0,0.0,0.0,0.0,0.0
Ri Bhoi,16.3.05,Stock Position of Blood Transfusion Sets,3. Unusable Stock,0.0,0.0,0.0,0.0,0.0,0.0,0.0,0.0,0.0,0.0,0.0,0.0,0.0
Ri Bhoi,16.3.05,Stock Position of Blood Transfusion Sets,4. Stock Distributed,0.0,0.0,0.0,0.0,0.0,0.0,0.0,0.0,0.0,0.0,0.0,0.0,0.0
Ri Bhoi,16.3.05,Stock Position of Blood Transfusion Sets,5. Total Stock,0.0,0.0,0.0,0.0,0.0,0.0,0.0,0.0,0.0,0.0,0.0,0.0,0.0
Ri Bhoi,16.3.06,Stock Position of Gluteraldehyde solution of 2% concentration,1. Balance From Previous Month,0.0,0.0,0.0,0.0,0.0,0.0,0.0,0.0,0.0,0.0,0.0,0.0,0.0
Ri Bhoi,16.3.06,Stock Position of Gluteraldehyde solution of 2% concentration,2. Stocks Received,0.0,0.0,0.0,0.0,0.0,0.0,0.0,0.0,0.0,0.0,0.0,0.0,0.0
Ri Bhoi,16.3.06,Stock Position of Gluteraldehyde solution of 2% concentration,3. Unusable Stock,0.0,0.0,0.0,0.0,0.0,0.0,0.0,0.0,0.0,0.0,0.0,0.0,0.0
Ri Bhoi,16.3.06,Stock Position of Gluteraldehyde solution of 2% concentration,4. Stock Distributed,0.0,0.0,0.0,0.0,0.0,0.0,0.0,0.0,0.0,0.0,0.0,0.0,0.0
Ri Bhoi,16.3.06,Stock Position of Gluteraldehyde solution of 2% concentration,5. Total Stock,0.0,0.0,0.0,0.0,0.0,0.0,0.0,0.0,0.0,0.0,0.0,0.0,0.0
Ri Bhoi,16.3.07,Stock Position of IFA Tablets,1. Balance From Previous Month,0.0,0.0,0.0,0.0,0.0,0.0,0.0,0.0,0.0,0.0,0.0,0.0,0.0
Ri Bhoi,16.3.07,Stock Position of IFA Tablets,2. Stocks Received,0.0,0.0,0.0,0.0,0.0,0.0,0.0,0.0,0.0,0.0,0.0,0.0,0.0
Ri Bhoi,16.3.07,Stock Position of IFA Tablets,3. Unusable Stock,0.0,0.0,0.0,0.0,0.0,0.0,0.0,0.0,0.0,0.0,0.0,0.0,0.0
Ri Bhoi,16.3.07,Stock Position of IFA Tablets,4. Stock Distributed,0.0,0.0,0.0,0.0,0.0,0.0,0.0,0.0,0.0,0.0,0.0,0.0,0.0
Ri Bhoi,16.3.07,Stock Position of IFA Tablets,5. Total Stock,0.0,0.0,0.0,0.0,0.0,0.0,0.0,0.0,0.0,0.0,0.0,0.0,0.0
Ri Bhoi,16.3.08,Stock Position of IFA Syrup (Paediatric),1. Balance From Previous Month,0.0,0.0,0.0,0.0,0.0,0.0,0.0,0.0,0.0,0.0,0.0,0.0,0.0
Ri Bhoi,16.3.08,Stock Position of IFA Syrup (Paediatric),2. Stocks Received,0.0,0.0,0.0,0.0,0.0,0.0,0.0,0.0,0.0,0.0,0.0,0.0,0.0
Ri Bhoi,16.3.08,Stock Position of IFA Syrup (Paediatric),3. Unusable Stock,0.0,0.0,0.0,0.0,0.0,0.0,0.0,0.0,0.0,0.0,0.0,0.0,0.0
Ri Bhoi,16.3.08,Stock Position of IFA Syrup (Paediatric),4. Stock Distributed,0.0,0.0,0.0,0.0,0.0,0.0,0.0,0.0,0.0,0.0,0.0,0.0,0.0
Ri Bhoi,16.3.08,Stock Position of IFA Syrup (Paediatric),5. Total Stock,0.0,0.0,0.0,0.0,0.0,0.0,0.0,0.0,0.0,0.0,0.0,0.0,0.0
Ri Bhoi,16.3.09,Stock Position of Paediatrics Antibiotics (Cotrimaxozole and Injectable Gentamicin),1. Balance From Previous Month,0.0,0.0,0.0,0.0,0.0,0.0,0.0,0.0,0.0,0.0,0.0,0.0,0.0
Ri Bhoi,16.3.09,Stock Position of Paediatrics Antibiotics (Cotrimaxozole and Injectable Gentamicin),2. Stocks Received,0.0,0.0,0.0,0.0,0.0,0.0,0.0,0.0,0.0,0.0,0.0,0.0,0.0
Ri Bhoi,16.3.09,Stock Position of Paediatrics Antibiotics (Cotrimaxozole and Injectable Gentamicin),3. Unusable Stock,0.0,0.0,0.0,0.0,0.0,0.0,0.0,0.0,0.0,0.0,0.0,0.0,0.0
Ri Bhoi,16.3.09,Stock Position of Paediatrics Antibiotics (Cotrimaxozole and Injectable Gentamicin),4. Stock Distributed,0.0,0.0,0.0,0.0,0.0,0.0,0.0,0.0,0.0,0.0,0.0,0.0,0.0
Ri Bhoi,16.3.09,Stock Position of Paediatrics Antibiotics (Cotrimaxozole and Injectable Gentamicin),5. Total Stock,0.0,0.0,0.0,0.0,0.0,0.0,0.0,0.0,0.0,0.0,0.0,0.0,0.0
Ri Bhoi,16.3.10,Stock Position of Vitamin A solution,1. Balance From Previous Month,0.0,0.0,0.0,0.0,0.0,0.0,0.0,0.0,0.0,0.0,0.0,0.0,0.0
Ri Bhoi,16.3.10,Stock Position of Vitamin A solution,2. Stocks Received,0.0,0.0,0.0,0.0,0.0,0.0,0.0,0.0,0.0,0.0,0.0,0.0,0.0
Ri Bhoi,16.3.10,Stock Position of Vitamin A solution,3. Unusable Stock,0.0,0.0,0.0,0.0,0.0,0.0,0.0,0.0,0.0,0.0,0.0,0.0,0.0
Ri Bhoi,16.3.10,Stock Position of Vitamin A solution,4. Stock Distributed,0.0,0.0,0.0,0.0,0.0,0.0,0.0,0.0,0.0,0.0,0.0,0.0,0.0
Ri Bhoi,16.3.10,Stock Position of Vitamin A solution,5. Total Stock,0.0,0.0,0.0,0.0,0.0,0.0,0.0,0.0,0.0,0.0,0.0,0.0,0.0
Ri Bhoi,16.3.11,Stock of ORS (New WHO formulation),1. Balance From Previous Month,3815.0,6190.0,690.0,0.0,0.0,13125.0,7250.0,10900.0,6800.0,3800.0,2050.0,105.0,54725.0
Ri Bhoi,16.3.11,Stock of ORS (New WHO formulation),2. Stocks Received,10000.0,0.0,0.0,0.0,17500.0,0.0,10000.0,0.0,0.0,0.0,0.0,0.0,37500.0
Ri Bhoi,16.3.11,Stock of ORS (New WHO formulation),3. Unusable Stock,0.0,0.0,0.0,0.0,0.0,0.0,0.0,0.0,0.0,0.0,0.0,0.0,0.0
Ri Bhoi,16.3.11,Stock of ORS (New WHO formulation),4. Stock Distributed,7625.0,5500.0,690.0,0.0,4375.0,5875.0,6350.0,4100.0,3000.0,1750.0,1945.0,0.0,41210.0
Ri Bhoi,16.3.11,Stock of ORS (New WHO formulation),5. Total Stock,6190.0,690.0,0.0,0.0,13125.0,7250.0,10900.0,6800.0,3800.0,2050.0,105.0,105.0,51015.0
Ri Bhoi,16.4.1,Stock Position of 0.1 ml Syringes(AD),1. Balance From Previous Month,0.0,1200.0,0.0,0.0,0.0,1590.0,3575.0,2964.0,2364.0,1824.0,1614.0,1464.0,16595.0
Ri Bhoi,16.4.1,Stock Position of 0.1 ml Syringes(AD),2. Stocks Received,3000.0,0.0,0.0,0.0,3000.0,3000.0,0.0,0.0,0.0,0.0,0.0,0.0,9000.0
Ri Bhoi,16.4.1,Stock Position of 0.1 ml Syringes(AD),3. Unusable Stock,0.0,0.0,0.0,0.0,0.0,0.0,0.0,0.0,0.0,0.0,0.0,0.0,0.0
Ri Bhoi,16.4.1,Stock Position of 0.1 ml Syringes(AD),4. Stock Distributed,1800.0,1200.0,0.0,0.0,1410.0,1015.0,611.0,600.0,540.0,210.0,150.0,540.0,8076.0
Ri Bhoi,16.4.1,Stock Position of 0.1 ml Syringes(AD),5. Total Stock,1200.0,0.0,0.0,0.0,1590.0,3575.0,2964.0,2364.0,1824.0,1614.0,1464.0,924.0,17519.0
Ri Bhoi,16.4.2,Stock Position of 0.5 ml Syringes(AD),1. Balance From Previous Month,0.0,0.0,0.0,0.0,0.0,0.0,0.0,0.0,0.0,0.0,0.0,0.0,0.0
Ri Bhoi,16.4.2,Stock Position of 0.5 ml Syringes(AD),2. Stocks Received,0.0,0.0,0.0,0.0,6000.0,0.0,0.0,0.0,0.0,0.0,0.0,0.0,6000.0
Ri Bhoi,16.4.2,Stock Position of 0.5 ml Syringes(AD),3. Unusable Stock,0.0,0.0,0.0,0.0,0.0,0.0,0.0,0.0,0.0,0.0,0.0,0.0,0.0
Ri Bhoi,16.4.2,Stock Position of 0.5 ml Syringes(AD),4. Stock Distributed,0.0,0.0,0.0,0.0,6000.0,0.0,0.0,0.0,0.0,0.0,0.0,0.0,6000.0
Ri Bhoi,16.4.2,Stock Position of 0.5 ml Syringes(AD),5. Total Stock,0.0,0.0,0.0,0.0,0.0,0.0,0.0,0.0,0.0,0.0,0.0,0.0,0.0
Ri Bhoi,16.4.3,Stock Position of 5.0 ml Syringes(Disposable),1. Balance From Previous Month,0.0,0.0,569.0,369.0,169.0,338.0,1458.0,1458.0,1198.0,1178.0,1076.0,1076.0,8889.0
Ri Bhoi,16.4.3,Stock Position of 5.0 ml Syringes(Disposable),2. Stocks Received,0.0,1000.0,0.0,0.0,300.0,2000.0,0.0,0.0,0.0,0.0,0.0,0.0,3300.0
Ri Bhoi,16.4.3,Stock Position of 5.0 ml Syringes(Disposable),3. Unusable Stock,0.0,0.0,0.0,0.0,0.0,0.0,0.0,0.0,0.0,0.0,0.0,0.0,0.0
Ri Bhoi,16.4.3,Stock Position of 5.0 ml Syringes(Disposable),4. Stock Distributed,0.0,431.0,200.0,200.0,131.0,880.0,0.0,260.0,20.0,102.0,0.0,0.0,2224.0
Ri Bhoi,16.4.3,Stock Position of 5.0 ml Syringes(Disposable),5. Total Stock,0.0,569.0,369.0,169.0,338.0,1458.0,1458.0,1198.0,1178.0,1076.0,1076.0,1076.0,9965.0
Ri Bhoi,17.1,Number of cases of Infant deaths within 24 hrs of birth,TOTAL,3.0,2.0,1.0,1.0,,3.0,1.0,1.0,,2.0,,2.0,16.0
Ri Bhoi,17.2.1,Number of cases of Infant deaths 24 hours to 4 weeks of birth with the probable cause being Sepsis,1. Up to 1 Weeks of Birth,,,1.0,,,,,,,,,,1.0
Ri Bhoi,17.2.1,Number of cases of Infant deaths 24 hours to 4 weeks of birth with the probable cause being Sepsis,2. Between 1 week & 4 weeks of birth,,,,,,,,,,1.0,,,1.0
Ri Bhoi,17.2.1,Number of cases of Infant deaths 24 hours to 4 weeks of birth with the probable cause being Sepsis,3. Total,,,1.0,,,,,,,1.0,,,2.0
Ri Bhoi,17.2.2,Number of cases of Infant deaths 24 hours to 4 weeks of birth with the probable cause being Asphyxia,1. Up to 1 Weeks of Birth,,1.0,,,,,,,1.0,,1.0,,3.0
Ri Bhoi,17.2.2,Number of cases of Infant deaths 24 hours to 4 weeks of birth with the probable cause being Asphyxia,2. Between 1 week & 4 weeks of birth,,,,,1.0,,,,,,,,1.0
Ri Bhoi,17.2.2,Number of cases of Infant deaths 24 hours to 4 weeks of birth with the probable cause being Asphyxia,3. Total,,1.0,,,1.0,,,,1.0,,1.0,,4.0
Ri Bhoi,17.2.3,Number of cases of Infant deaths 24 hours to 4 weeks of birth with the probable cause being LBW,1. Up to 1 Weeks of Birth,,,,1.0,,2.0,1.0,2.0,,1.0,2.0,,9.0
Ri Bhoi,17.2.3,Number of cases of Infant deaths 24 hours to 4 weeks of birth with the probable cause being LBW,2. Between 1 week & 4 weeks of birth,,,,,1.0,,,,1.0,1.0,,1.0,4.0
Ri Bhoi,17.2.3,Number of cases of Infant deaths 24 hours to 4 weeks of birth with the probable cause being LBW,3. Total,,,,1.0,1.0,2.0,1.0,2.0,1.0,2.0,2.0,1.0,13.0
Ri Bhoi,17.2.4,"Number of cases of Infant deaths 24 hours to 4 weeks of birth with the probable cause being other than Sepsis, Asphyxia and LBW",1. Up to 1 Weeks of Birth,,,,,,,1.0,2.0,,,,,3.0
Ri Bhoi,17.2.4,"Number of cases of Infant deaths 24 hours to 4 weeks of birth with the probable cause being other than Sepsis, Asphyxia and LBW",2. Between 1 week & 4 weeks of birth,,,,,,,,,,,,,
Ri Bhoi,17.2.4,"Number of cases of Infant deaths 24 hours to 4 weeks of birth with the probable cause being other than Sepsis, Asphyxia and LBW",3. Total,,,,,,,1.0,2.0,,,,,3.0
Ri Bhoi,17.3.1,Number of cases of Infant or Child deaths between 1 month to 5 years of age with the probable cause being Pneumonia,1. Between 1 month and 11 months,,,,,,,,2.0,1.0,3.0,2.0,1.0,9.0
Ri Bhoi,17.3.1,Number of cases of Infant or Child deaths between 1 month to 5 years of age with the probable cause being Pneumonia,2. Between 1 year & 5 years,,,,,1.0,,,,,1.0,1.0,2.0,5.0
Ri Bhoi,17.3.1,Number of cases of Infant or Child deaths between 1 month to 5 years of age with the probable cause being Pneumonia,3. Total,,,,,1.0,,,2.0,1.0,4.0,3.0,3.0,14.0
Ri Bhoi,17.3.2,Number of cases of Infant or Child deaths between 1 month to 5 years of age with the probable cause being Diarrhoea,1. Between 1 month and 11 months,,,2.0,1.0,,,,,,,1.0,,4.0
Ri Bhoi,17.3.2,Number of cases of Infant or Child deaths between 1 month to 5 years of age with the probable cause being Diarrhoea,2. Between 1 year & 5 years,1.0,2.0,,1.0,3.0,,1.0,1.0,,1.0,1.0,,11.0
Ri Bhoi,17.3.2,Number of cases of Infant or Child deaths between 1 month to 5 years of age with the probable cause being Diarrhoea,3. Total,1.0,2.0,2.0,2.0,3.0,,1.0,1.0,,1.0,2.0,,15.0
Ri Bhoi,17.3.3,Number of cases of Infant or Child deaths between 1 month to 5 years of age with the probable cause being Fever related,1. Between 1 month and 11 months,,,1.0,2.0,,2.0,2.0,3.0,2.0,,,4.0,16.0
Ri Bhoi,17.3.3,Number of cases of Infant or Child deaths between 1 month to 5 years of age with the probable cause being Fever related,2. Between 1 year & 5 years,,1.0,,4.0,2.0,,2.0,1.0,1.0,1.0,1.0,1.0,14.0
Ri Bhoi,17.3.3,Number of cases of Infant or Child deaths between 1 month to 5 years of age with the probable cause being Fever related,3. Total,,1.0,1.0,6.0,2.0,2.0,4.0,4.0,3.0,1.0,1.0,5.0,30.0
Ri Bhoi,17.3.4,Number of cases of Infant or Child deaths between 1 month to 5 years of age with the probable cause being Measles,1. Between 1 month and 11 months,,,,,,,,,,,,,
Ri Bhoi,17.3.4,Number of cases of Infant or Child deaths between 1 month to 5 years of age with the probable cause being Measles,2. Between 1 year & 5 years,,,,,,,,,,,,,
Ri Bhoi,17.3.4,Number of cases of Infant or Child deaths between 1 month to 5 years of age with the probable cause being Measles,3. Total,,,,,,,,,,,,,
Ri Bhoi,17.3.5,"Number of cases of Infant or Child deaths between 1 month to 5 years of age with the probable cause being other than Pneumonia, Diarrhoea, Fever related and Measles",1. Between 1 month and 11 months,1.0,5.0,2.0,4.0,3.0,3.0,,4.0,,,2.0,2.0,26.0
Ri Bhoi,17.3.5,"Number of cases of Infant or Child deaths between 1 month to 5 years of age with the probable cause being other than Pneumonia, Diarrhoea, Fever related and Measles",2. Between 1 year & 5 years,3.0,4.0,1.0,2.0,,4.0,3.0,3.0,2.0,1.0,,3.0,26.0
Ri Bhoi,17.3.5,"Number of cases of Infant or Child deaths between 1 month to 5 years of age with the probable cause being other than Pneumonia, Diarrhoea, Fever related and Measles",3. Total,4.0,9.0,3.0,6.0,3.0,7.0,3.0,7.0,2.0,1.0,2.0,5.0,52.0
Ri Bhoi,17.4.1,Number of cases of Adolescent or Adult deaths (age 6 years & above) with the probable cause being Diarrhoeal diseases,1. 6-14 yrs,,,1.0,1.0,,,,,,,,,2.0
Ri Bhoi,17.4.1,Number of cases of Adolescent or Adult deaths (age 6 years & above) with the probable cause being Diarrhoeal diseases,2. 15-55 yrs.,,,1.0,2.0,1.0,,1.0,1.0,,,,,6.0
Ri Bhoi,17.4.1,Number of cases of Adolescent or Adult deaths (age 6 years & above) with the probable cause being Diarrhoeal diseases,3. Above 55 yrs.,2.0,3.0,2.0,2.0,1.0,1.0,,1.0,1.0,,,,13.0
Ri Bhoi,17.4.1,Number of cases of Adolescent or Adult deaths (age 6 years & above) with the probable cause being Diarrhoeal diseases,4. Total,2.0,3.0,4.0,5.0,2.0,1.0,1.0,2.0,1.0,,,,21.0
Ri Bhoi,17.4.2,Number of cases of Adolescent or Adult deaths (age 6 years & above) with the probable cause being Tuberculosis,1. 6-14 yrs,,,,,,,,,,,,,
Ri Bhoi,17.4.2,Number of cases of Adolescent or Adult deaths (age 6 years & above) with the probable cause being Tuberculosis,2. 15-55 yrs.,,,1.0,,,3.0,,1.0,,1.0,,,6.0
Ri Bhoi,17.4.2,Number of cases of Adolescent or Adult deaths (age 6 years & above) with the probable cause being Tuberculosis,3. Above 55 yrs.,1.0,,1.0,1.0,,,,1.0,,,1.0,1.0,6.0
Ri Bhoi,17.4.2,Number of cases of Adolescent or Adult deaths (age 6 years & above) with the probable cause being Tuberculosis,4. Total,1.0,,2.0,1.0,,3.0,,2.0,,1.0,1.0,1.0,12.0
Ri Bhoi,17.4.3,Number of cases of Adolescent or Adult deaths (age 6 years & above) with the probable cause being Respiratory diseases including infections,1. 6-14 yrs,,,,,,,,,,,,,
Ri Bhoi,17.4.3,Number of cases of Adolescent or Adult deaths (age 6 years & above) with the probable cause being Respiratory diseases including infections,2. 15-55 yrs.,3.0,,,,1.0,1.0,1.0,,,1.0,1.0,,8.0
Ri Bhoi,17.4.3,Number of cases of Adolescent or Adult deaths (age 6 years & above) with the probable cause being Respiratory diseases including infections,3. Above 55 yrs.,2.0,,3.0,,,,1.0,2.0,4.0,1.0,1.0,,14.0
Ri Bhoi,17.4.3,Number of cases of Adolescent or Adult deaths (age 6 years & above) with the probable cause being Respiratory diseases including infections,4. Total,5.0,,3.0,,1.0,1.0,2.0,2.0,4.0,2.0,2.0,,22.0
Ri Bhoi,17.4.4,Number of cases of Adolescent or Adult deaths (age 6 years & above) with the probable cause being Malaria,1. 6-14 yrs,,,,1.0,,,,2.0,,,,,3.0
Ri Bhoi,17.4.4,Number of cases of Adolescent or Adult deaths (age 6 years & above) with the probable cause being Malaria,2. 15-55 yrs.,,,,1.0,1.0,,,1.0,,,,,3.0
Ri Bhoi,17.4.4,Number of cases of Adolescent or Adult deaths (age 6 years & above) with the probable cause being Malaria,3. Above 55 yrs.,,1.0,,,,,,,,,,,1.0
Ri Bhoi,17.4.4,Number of cases of Adolescent or Adult deaths (age 6 years & above) with the probable cause being Malaria,4. Total,,1.0,,2.0,1.0,,,3.0,,,,,7.0
Ri Bhoi,17.4.5,Number of cases of Adolescent or Adult deaths (age 6 years & above) with the probable cause being other Fever related,1. 6-14 yrs,1.0,,2.0,1.0,,2.0,2.0,1.0,,,,1.0,10.0
Ri Bhoi,17.4.5,Number of cases of Adolescent or Adult deaths (age 6 years & above) with the probable cause being other Fever related,2. 15-55 yrs.,,,,1.0,1.0,,1.0,,,1.0,,,4.0
Ri Bhoi,17.4.5,Number of cases of Adolescent or Adult deaths (age 6 years & above) with the probable cause being other Fever related,3. Above 55 yrs.,3.0,,,2.0,,2.0,,,,,,,7.0
Ri Bhoi,17.4.5,Number of cases of Adolescent or Adult deaths (age 6 years & above) with the probable cause being other Fever related,4. Total,4.0,,2.0,4.0,1.0,4.0,3.0,1.0,,1.0,,1.0,21.0
Ri Bhoi,17.4.6,Number of cases of Adolescent or Adult deaths (age 6 years & above) with the probable cause being HIV/AIDS,1. 6-14 yrs,,,,,,,,,,,,,
Ri Bhoi,17.4.6,Number of cases of Adolescent or Adult deaths (age 6 years & above) with the probable cause being HIV/AIDS,2. 15-55 yrs.,,,,,,,,,,,,,
Ri Bhoi,17.4.6,Number of cases of Adolescent or Adult deaths (age 6 years & above) with the probable cause being HIV/AIDS,3. Above 55 yrs.,,,,,,,,,,,,,
Ri Bhoi,17.4.6,Number of cases of Adolescent or Adult deaths (age 6 years & above) with the probable cause being HIV/AIDS,4. Total,,,,,,,,,,,,,
Ri Bhoi,17.4.7,Number of cases of Adolescent or Adult deaths (age 6 years & above) with the probable cause being Heart disease or related to Hypertension,1. 6-14 yrs,,,,,,,,,,,1.0,1.0,2.0
Ri Bhoi,17.4.7,Number of cases of Adolescent or Adult deaths (age 6 years & above) with the probable cause being Heart disease or related to Hypertension,2. 15-55 yrs.,1.0,,1.0,1.0,,1.0,1.0,,2.0,,1.0,1.0,9.0
Ri Bhoi,17.4.7,Number of cases of Adolescent or Adult deaths (age 6 years & above) with the probable cause being Heart disease or related to Hypertension,3. Above 55 yrs.,1.0,,,3.0,4.0,,,,1.0,,4.0,2.0,15.0
Ri Bhoi,17.4.7,Number of cases of Adolescent or Adult deaths (age 6 years & above) with the probable cause being Heart disease or related to Hypertension,4. Total,2.0,,1.0,4.0,4.0,1.0,1.0,,3.0,,6.0,4.0,26.0
Ri Bhoi,17.4.8,Number of cases of Adolescent or Adult deaths (age 6 years & above) with the probable cause being Neurological disease including strokes,1. 6-14 yrs,,,,,,,,,,,,,
Ri Bhoi,17.4.8,Number of cases of Adolescent or Adult deaths (age 6 years & above) with the probable cause being Neurological disease including strokes,2. 15-55 yrs.,1.0,,1.0,4.0,1.0,1.0,,,2.0,,,1.0,11.0
Ri Bhoi,17.4.8,Number of cases of Adolescent or Adult deaths (age 6 years & above) with the probable cause being Neurological disease including strokes,3. Above 55 yrs.,,2.0,,1.0,1.0,,1.0,,2.0,,,,7.0
Ri Bhoi,17.4.8,Number of cases of Adolescent or Adult deaths (age 6 years & above) with the probable cause being Neurological disease including strokes,4. Total,1.0,2.0,1.0,5.0,2.0,1.0,1.0,,4.0,,,1.0,18.0
Ri Bhoi,17.4.9(a),Number of cases of Maternal deaths (age 15-49 years) with the probable cause being Abortion,1. 6-14 yrs,,,,,,,,,,,,,
Ri Bhoi,17.4.9(a),Number of cases of Maternal deaths (age 15-49 years) with the probable cause being Abortion,2. 15-49 yrs,,,,,,,,,,,,,
Ri Bhoi,17.4.9(a),Number of cases of Maternal deaths (age 15-49 years) with the probable cause being Abortion,3. Above 49 yrs.,,,,,,,,,,,,,
Ri Bhoi,17.4.9(a),Number of cases of Maternal deaths (age 15-49 years) with the probable cause being Abortion,4. Total,,,,,,,,,,,,,
Ri Bhoi,17.4.9(b),Number of cases of Maternal deaths (age 15-49 years) with the probable cause being Obstructed or prolonged labour,1. 6-14 yrs,,,,,,,,,,,,,
Ri Bhoi,17.4.9(b),Number of cases of Maternal deaths (age 15-49 years) with the probable cause being Obstructed or prolonged labour,2. 15-49 yrs,,,,,,,,,,,,,
Ri Bhoi,17.4.9(b),Number of cases of Maternal deaths (age 15-49 years) with the probable cause being Obstructed or prolonged labour,3. Above 49 yrs.,,,,,,,,,,,,,
Ri Bhoi,17.4.9(b),Number of cases of Maternal deaths (age 15-49 years) with the probable cause being Obstructed or prolonged labour,4. Total,,,,,,,,,,,,,
Ri Bhoi,17.4.9(c),Number of cases of Maternal deaths (age 15-49 years) with the probable cause being Severe hypertesnion or fits,1. 6-14 yrs,,,,,,,,,,,,,
Ri Bhoi,17.4.9(c),Number of cases of Maternal deaths (age 15-49 years) with the probable cause being Severe hypertesnion or fits,2. 15-49 yrs,,,,,,,,,,,,,
Ri Bhoi,17.4.9(c),Number of cases of Maternal deaths (age 15-49 years) with the probable cause being Severe hypertesnion or fits,3. Above 49 yrs.,,,,,,,,,,,,,
Ri Bhoi,17.4.9(c),Number of cases of Maternal deaths (age 15-49 years) with the probable cause being Severe hypertesnion or fits,4. Total,,,,,,,,,,,,,
Ri Bhoi,17.4.9(d),Number of cases of Maternal deaths (age 15-49 years) with the probable cause being Bleeding,1. 6-14 yrs,,,,,,,,,,,,,
Ri Bhoi,17.4.9(d),Number of cases of Maternal deaths (age 15-49 years) with the probable cause being Bleeding,2. 15-49 yrs,,,1.0,,,,,,,1.0,,,2.0
Ri Bhoi,17.4.9(d),Number of cases of Maternal deaths (age 15-49 years) with the probable cause being Bleeding,3. Above 49 yrs.,,,,,,,,,,,,,
Ri Bhoi,17.4.9(d),Number of cases of Maternal deaths (age 15-49 years) with the probable cause being Bleeding,4. Total,,,1.0,,,,,,,1.0,,,2.0
Ri Bhoi,17.4.9(e),Number of cases of Maternal deaths (age 15-49 years) with the probable cause being High Fever,1. 6-14 yrs,,,,,,,,,,,,,
Ri Bhoi,17.4.9(e),Number of cases of Maternal deaths (age 15-49 years) with the probable cause being High Fever,2. 15-49 yrs,,,,,,,,,,,,,
Ri Bhoi,17.4.9(e),Number of cases of Maternal deaths (age 15-49 years) with the probable cause being High Fever,3. Above 49 yrs.,,,,,,,,,,,,,
Ri Bhoi,17.4.9(e),Number of cases of Maternal deaths (age 15-49 years) with the probable cause being High Fever,4. Total,,,,,,,,,,,,,
Ri Bhoi,17.4.9(f),Number of cases of Maternal deaths (age 15-49 years) with the probable cause being other causes (excluding abortion; obstructed or prolonged labour; severe hypertension or fits;,1. 6-14 yrs,,,,,,,,,,,,,
Ri Bhoi,17.4.9(f),Number of cases of Maternal deaths (age 15-49 years) with the probable cause being other causes (excluding abortion; obstructed or prolonged labour; severe hypertension or fits;,2. 15-49 yrs,1.0,1.0,,2.0,,1.0,,,1.0,,,,6.0
Ri Bhoi,17.4.9(f),Number of cases of Maternal deaths (age 15-49 years) with the probable cause being other causes (excluding abortion; obstructed or prolonged labour; severe hypertension or fits;,3. Above 49 yrs.,,,,,,,,,,,,,
Ri Bhoi,17.4.9(f),Number of cases of Maternal deaths (age 15-49 years) with the probable cause being other causes (excluding abortion; obstructed or prolonged labour; severe hypertension or fits;,4. Total,1.0,1.0,,2.0,,1.0,,,1.0,,,,6.0
Ri Bhoi,17.4.10,Number of cases of Adolescent or Adult deaths (age 6 years & above) with the probable cause being Trauma or Accidents or Burn cases,1. 6-14 yrs,,2.0,,2.0,,,1.0,,1.0,2.0,,,8.0
Ri Bhoi,17.4.10,Number of cases of Adolescent or Adult deaths (age 6 years & above) with the probable cause being Trauma or Accidents or Burn cases,2. 15-55 yrs.,3.0,,1.0,2.0,2.0,3.0,3.0,,2.0,2.0,,1.0,19.0
Ri Bhoi,17.4.10,Number of cases of Adolescent or Adult deaths (age 6 years & above) with the probable cause being Trauma or Accidents or Burn cases,3. Above 55 yrs.,,,,1.0,,1.0,1.0,,,,,1.0,4.0
Ri Bhoi,17.4.10,Number of cases of Adolescent or Adult deaths (age 6 years & above) with the probable cause being Trauma or Accidents or Burn cases,4. Total,3.0,2.0,1.0,5.0,2.0,4.0,5.0,,3.0,4.0,,2.0,31.0
Ri Bhoi,17.4.11,Number of cases of Adolescent or Adult deaths (age 6 years & above) with the probable cause being suicide,1. 6-14 yrs,,,,,,,1.0,,,,1.0,,2.0
Ri Bhoi,17.4.11,Number of cases of Adolescent or Adult deaths (age 6 years & above) with the probable cause being suicide,2. 15-55 yrs.,3.0,1.0,1.0,,,2.0,1.0,1.0,1.0,,,3.0,13.0
Ri Bhoi,17.4.11,Number of cases of Adolescent or Adult deaths (age 6 years & above) with the probable cause being suicide,3. Above 55 yrs.,,,,,,,2.0,,,1.0,,1.0,4.0
Ri Bhoi,17.4.11,Number of cases of Adolescent or Adult deaths (age 6 years & above) with the probable cause being suicide,4. Total,3.0,1.0,1.0,,,2.0,4.0,1.0,1.0,1.0,1.0,4.0,19.0
Ri Bhoi,17.4.12,Number of cases of Adolescent or Adult deaths (age 6 years & above) with the probable cause being Animal bites and stings,1. 6-14 yrs,,,,,,,,,,,,,
Ri Bhoi,17.4.12,Number of cases of Adolescent or Adult deaths (age 6 years & above) with the probable cause being Animal bites and stings,2. 15-55 yrs.,,,,,,1.0,,,,,,,1.0
Ri Bhoi,17.4.12,Number of cases of Adolescent or Adult deaths (age 6 years & above) with the probable cause being Animal bites and stings,3. Above 55 yrs.,,,,,,,,,,,,,
Ri Bhoi,17.4.12,Number of cases of Adolescent or Adult deaths (age 6 years & above) with the probable cause being Animal bites and stings,4. Total,,,,,,1.0,,,,,,,1.0
Ri Bhoi,17.4.13(a),Number of cases of Adolescent or Adult deaths (age 6 years & above) with the probable cause being Known Acute disease,1. 6-14 yrs,,,,1.0,,,,,,,,,1.0
Ri Bhoi,17.4.13(a),Number of cases of Adolescent or Adult deaths (age 6 years & above) with the probable cause being Known Acute disease,2. 15-55 yrs.,1.0,2.0,3.0,3.0,1.0,1.0,,1.0,,1.0,1.0,2.0,16.0
Ri Bhoi,17.4.13(a),Number of cases of Adolescent or Adult deaths (age 6 years & above) with the probable cause being Known Acute disease,3. Above 55 yrs.,1.0,,,2.0,1.0,,1.0,1.0,,1.0,1.0,,8.0
Ri Bhoi,17.4.13(a),Number of cases of Adolescent or Adult deaths (age 6 years & above) with the probable cause being Known Acute disease,4. Total,2.0,2.0,3.0,6.0,2.0,1.0,1.0,2.0,,2.0,2.0,2.0,25.0
Ri Bhoi,17.4.13(b),Number of cases of Adolescent or Adult deaths (age 6 years & above) with the probable cause being Known Chronic disease,1. 6-14 yrs,,,,,,1.0,,,,,,,1.0
Ri Bhoi,17.4.13(b),Number of cases of Adolescent or Adult deaths (age 6 years & above) with the probable cause being Known Chronic disease,2. 15-55 yrs.,3.0,8.0,5.0,7.0,3.0,1.0,4.0,1.0,7.0,5.0,3.0,2.0,49.0
Ri Bhoi,17.4.13(b),Number of cases of Adolescent or Adult deaths (age 6 years & above) with the probable cause being Known Chronic disease,3. Above 55 yrs.,1.0,4.0,3.0,6.0,11.0,4.0,2.0,2.0,4.0,9.0,5.0,4.0,55.0
Ri Bhoi,17.4.13(b),Number of cases of Adolescent or Adult deaths (age 6 years & above) with the probable cause being Known Chronic disease,4. Total,4.0,12.0,8.0,13.0,14.0,6.0,6.0,3.0,11.0,14.0,8.0,6.0,105.0
Ri Bhoi,17.4.13(c),Number of cases of Adolescent or Adult deaths (age 6 years & above) where the cause was not known,1. 6-14 yrs,,1.0,1.0,,2.0,,1.0,1.0,,4.0,1.0,1.0,12.0
Ri Bhoi,17.4.13(c),Number of cases of Adolescent or Adult deaths (age 6 years & above) where the cause was not known,2. 15-55 yrs.,1.0,1.0,2.0,4.0,5.0,5.0,3.0,1.0,4.0,4.0,2.0,2.0,34.0
Ri Bhoi,17.4.13(c),Number of cases of Adolescent or Adult deaths (age 6 years & above) where the cause was not known,3. Above 55 yrs.,6.0,6.0,2.0,3.0,10.0,10.0,9.0,10.0,9.0,4.0,10.0,7.0,86.0
Ri Bhoi,17.4.13(c),Number of cases of Adolescent or Adult deaths (age 6 years & above) where the cause was not known,4. Total,7.0,8.0,5.0,7.0,17.0,15.0,13.0,12.0,13.0,12.0,13.0,10.0,132.0
South Garo Hills,1.1,Total number of pregnant women Registered for ANC,TOTAL,360.0,370.0,420.0,329.0,341.0,246.0,325.0,344.0,239.0,349.0,336.0,326.0,3985.0
South Garo Hills,1.1.1,Of which Number registered within first trimester (within 12 weeks),TOTAL,162.0,170.0,200.0,160.0,147.0,93.0,158.0,146.0,103.0,143.0,147.0,167.0,1796.0
South Garo Hills,1.2,Number of Pregnant women registered under JSY,TOTAL,127.0,139.0,139.0,139.0,116.0,102.0,171.0,208.0,145.0,230.0,206.0,165.0,1887.0
South Garo Hills,1.3,Number of pregnant women received 3 ANC check ups during pregnancy,TOTAL,142.0,143.0,219.0,189.0,250.0,179.0,227.0,170.0,137.0,160.0,175.0,159.0,2150.0
South Garo Hills,1.4.1,Number of pregnant women given TT1 during current pregnancy,TOTAL,231.0,288.0,262.0,213.0,236.0,174.0,207.0,234.0,176.0,226.0,220.0,234.0,2701.0
South Garo Hills,1.4.2,Number of pregnant women given TT2 or Booster during current pregnancy,TOTAL,223.0,246.0,287.0,238.0,255.0,209.0,249.0,279.0,252.0,213.0,208.0,245.0,2904.0
South Garo Hills,1.5,Total number of pregnant women given 100 IFA tablets,TOTAL,129.0,168.0,217.0,174.0,171.0,91.0,154.0,104.0,57.0,88.0,58.0,44.0,1455.0
South Garo Hills,1.6.1,Number of new cases of Hypertension (BP>140/90) detected in Pregnant women at the institution,TOTAL,2.0,2.0,10.0,2.0,5.0,3.0,4.0,4.0,12.0,4.0,15.0,19.0,82.0
South Garo Hills,1.6.2,Number of Eclampsia cases managed during delivery,TOTAL,0.0,0.0,0.0,0.0,0.0,0.0,0.0,0.0,0.0,0.0,0.0,0.0,0.0
South Garo Hills,1.7.1,Number of Pregnant women with anaemia i.e. Hb level<11 (tested cases),TOTAL,93.0,117.0,127.0,147.0,173.0,154.0,242.0,146.0,168.0,181.0,193.0,257.0,1998.0
South Garo Hills,1.7.2,Number of Pregnant women having severe anaemia (Hb<7) treated at institution,TOTAL,6.0,3.0,7.0,4.0,15.0,6.0,19.0,15.0,9.0,18.0,13.0,24.0,139.0
South Garo Hills,1.8,Number of pregnancy test kits used at SC level,TOTAL,,,,,,,,,,,,,
South Garo Hills,2.1.1.a,Number of deliveries conducted at Home and attended by trained SBA(i.e. Doctor or Nurse or ANM),TOTAL,18.0,18.0,5.0,12.0,11.0,20.0,21.0,26.0,19.0,16.0,17.0,16.0,199.0
South Garo Hills,2.1.1.b,Number of deliveries conducted at Home and attended by non trained SBA (i.e. trained TBA or Relatives etc.),TOTAL,153.0,153.0,140.0,124.0,123.0,152.0,132.0,184.0,112.0,210.0,181.0,203.0,1867.0
South Garo Hills,2.1.1.c,Total number of deliveries conducted at Home and attended by trained or non-trained SBA (i.e. sum of 2.1.1.a and 2.1.1.b),TOTAL,171.0,171.0,145.0,136.0,134.0,172.0,153.0,210.0,131.0,226.0,198.0,219.0,2066.0
South Garo Hills,2.1.2,Number of newborns visited within 24 hours of delivery for deliveries conducted at home,TOTAL,74.0,38.0,32.0,40.0,36.0,45.0,31.0,56.0,47.0,59.0,67.0,46.0,571.0
South Garo Hills,2.1.3,Number of mothers paid JSY incentive for deliveries conducted at home,TOTAL,9.0,11.0,20.0,81.0,8.0,2.0,18.0,13.0,13.0,11.0,28.0,1.0,215.0
South Garo Hills,2.2,Deliveries conducted at Public Institutions (Including C-Sections),TOTAL,35.0,46.0,35.0,50.0,51.0,80.0,70.0,63.0,63.0,49.0,51.0,55.0,648.0
South Garo Hills,2.2.1,"Out of 2.2, Number discharged under 48 hours of delivery",TOTAL,35.0,39.0,23.0,47.0,36.0,41.0,49.0,39.0,43.0,35.0,29.0,37.0,453.0
South Garo Hills,2.2.2.a,Number of mothers paid JSY Incentive for deliveries conducted at Public Institutions,TOTAL,12.0,119.0,76.0,58.0,20.0,41.0,47.0,25.0,40.0,32.0,70.0,62.0,602.0
South Garo Hills,2.2.2.b,Number of ASHAs paid JSY Incentive for deliveries conducted at Public Institutions,TOTAL,7.0,20.0,61.0,40.0,15.0,28.0,42.0,25.0,21.0,25.0,54.0,35.0,373.0
South Garo Hills,2.2.2.c,Number of cases of deliveries conducted at Public Institutions where JSY incentive was paid to ANMs or AWWs [only for High Performing States (HPS)],TOTAL,0.0,0.0,,0.0,0.0,,0.0,0.0,0.0,0.0,0.0,0.0,0.0
South Garo Hills,2.3,Deliveries conducted at Private Institutions (Including C-Sections),TOTAL,,,,,,,,,,,,,
South Garo Hills,2.3.1.a,Number of mothers paid JSY Incentive for deliveries conducted at accredited Private Institutions,TOTAL,,,,,,,,,,,,,
South Garo Hills,2.3.1.b,Number of ASHAs paid JSY Incentive for deliveries conducted at accredited Private Institutions,TOTAL,,,,,,,,,,,,,
South Garo Hills,2.3.1.c,Number of cases of deliveries conducted at accredited Private Institutions where JSY incentive was paid to ANMs or AWWs [only for High Performing States (HPS)],TOTAL,,,,,,,,,,,,,
South Garo Hills,3.1.1,Number of Caesarean (C-Section) deliveries performed at PHCs (Primary Health Centre),TOTAL,,,,0.0,0.0,,,,,,,,0.0
South Garo Hills,3.1.2,Number of Caesarean (C-Section) deliveries performed at CHCs (Community Health Centre),TOTAL,,,,,,,,,,,,,
South Garo Hills,3.1.3,Number of Caesarean (C-Section) deliveries performed at SDHs (Sub-divisional Hospital) or DHs (District Hospital),TOTAL,,0.0,,,,,,,0.0,,,,0.0
South Garo Hills,3.1.4,Number of Caesarean (C-Section) deliveries performed at other State owned public institutions,TOTAL,,,,,,,,,,,,,
South Garo Hills,3.1.5,"Total Number of Caesarean (C-Section) deliveries performed at Public facilities i.e. PHC, CHC, SDH, DH and other State owned public institutions (sum of items from 3.1.1 to 3.1.4)",TOTAL,,0.0,,0.0,0.0,,,,0.0,,,,0.0
South Garo Hills,3.2,No. of C-section deliveries performed at Private facilities,TOTAL,,,,,,,,,,,,,
South Garo Hills,4.1.1.a,Number of male live births,TOTAL,88.0,102.0,96.0,99.0,93.0,134.0,114.0,146.0,99.0,136.0,140.0,150.0,1397.0
South Garo Hills,4.1.1.b,Number of female live births,TOTAL,114.0,112.0,84.0,85.0,91.0,114.0,103.0,120.0,95.0,137.0,108.0,124.0,1287.0
South Garo Hills,4.1.1.c,Total number of male and female live births (4.1.1.a and 4.1.1.b),TOTAL,202.0,214.0,180.0,184.0,184.0,248.0,217.0,266.0,194.0,273.0,248.0,274.0,2684.0
South Garo Hills,4.1.2,Number of still births,TOTAL,4.0,3.0,0.0,2.0,1.0,4.0,7.0,7.0,0.0,2.0,2.0,0.0,32.0
South Garo Hills,4.1.3,Number of Abortions (spontaneous or induced),TOTAL,2.0,0.0,7.0,12.0,11.0,1.0,3.0,2.0,2.0,1.0,1.0,3.0,45.0
South Garo Hills,4.2.1,Number of Newborns weighed at birth,TOTAL,177.0,157.0,143.0,158.0,161.0,224.0,197.0,235.0,161.0,232.0,215.0,216.0,2276.0
South Garo Hills,4.2.2,Number of Newborns having weight less than 2.5 kg,TOTAL,3.0,2.0,3.0,6.0,2.0,10.0,5.0,8.0,13.0,10.0,4.0,11.0,77.0
South Garo Hills,4.3,Number of Newborns breast fed within 1 hour of birth,TOTAL,188.0,189.0,159.0,168.0,176.0,241.0,216.0,258.0,187.0,260.0,237.0,270.0,2549.0
South Garo Hills,5.1.1,Number of cases of pregnant women with Obstetric Complications and attended at PHCs,TOTAL,7.0,11.0,8.0,12.0,1.0,3.0,18.0,12.0,13.0,0.0,4.0,19.0,108.0
South Garo Hills,5.1.2,Number of cases of pregnant women with Obstetric Complications and attended at CHCs,TOTAL,10.0,4.0,0.0,0.0,1.0,4.0,4.0,1.0,1.0,3.0,0.0,5.0,33.0
South Garo Hills,5.1.3,Number of cases of pregnant women with Obstetric Complications and attended at SDHs or DHs,TOTAL,,0.0,,,1.0,2.0,30.0,2.0,11.0,0.0,11.0,19.0,76.0
South Garo Hills,5.1.4,Number of cases of pregnant women with Obstetric Complications and attended at other State owned public institutions,TOTAL,,,,,,,,,,,,,
South Garo Hills,5.1.5,"Number of cases of pregnant women with Obstetric Complications and attended at Public facilities i.e. PHC, CHC, SDH, DH and other State owned public institutions (sum of items from 5.1.1 to 5.1.4)",TOTAL,17.0,15.0,8.0,12.0,3.0,9.0,52.0,15.0,25.0,3.0,15.0,43.0,217.0
South Garo Hills,5.2,Number of cases of pregnant women with Obstetric Complications and attended at Private facilities,TOTAL,,,,,,,,,,,,,
South Garo Hills,5.3.1,Number of cases of complicated pregnancies treated with IV antibiotics,TOTAL,8.0,0.0,0.0,0.0,3.0,5.0,19.0,2.0,3.0,0.0,3.0,3.0,46.0
South Garo Hills,5.3.2,Number of cases of complicated pregnancies treated with IV Antihypertensive/Magsulph injection,TOTAL,1.0,0.0,0.0,0.0,0.0,0.0,0.0,0.0,3.0,0.0,0.0,0.0,4.0
South Garo Hills,5.3.3,Number of cases of complicated pregnancies treated with IV Oxytocis,TOTAL,8.0,15.0,8.0,12.0,0.0,4.0,33.0,13.0,19.0,3.0,12.0,40.0,167.0
South Garo Hills,5.3.4,Number of cases of complicated pregnancies treated with Blood Transfusion,TOTAL,0.0,0.0,0.0,0.0,0.0,0.0,0.0,0.0,0.0,0.0,0.0,0.0,0.0
South Garo Hills,6.1,Women getting post partum check-up within 48 hours after delivery,TOTAL,67.0,87.0,43.0,50.0,64.0,99.0,97.0,109.0,80.0,81.0,90.0,93.0,960.0
South Garo Hills,6.2,Women getting a post partum check up between 48 hours and 14 days after delivery,TOTAL,97.0,118.0,99.0,95.0,62.0,123.0,115.0,132.0,88.0,110.0,119.0,153.0,1311.0
South Garo Hills,6.3,PNC maternal complications attended,TOTAL,0.0,0.0,0.0,0.0,0.0,3.0,1.0,0.0,0.0,0.0,2.0,1.0,7.0
South Garo Hills,7.1.1,Number of MTPs conducted at Public Institutions up to 12 weeks of pregnancy,TOTAL,,,6.0,11.0,10.0,1.0,0.0,0.0,0.0,0.0,0.0,0.0,28.0
South Garo Hills,7.1.2,Number of MTPs conducted at Public Institutions for more than 12 weeks of pregnancy,TOTAL,,,0.0,0.0,0.0,0.0,0.0,0.0,0.0,0.0,0.0,0.0,0.0
South Garo Hills,7.1.3,Total number of MTPs conducted at Public Institutions (sum of items 7.1.1 and 7.1.2),TOTAL,,,6.0,11.0,10.0,1.0,0.0,0.0,0.0,0.0,0.0,0.0,28.0
South Garo Hills,7.2,Number of MTPs conducted at Private Facilities,TOTAL,,,,,,,,,,,,,
South Garo Hills,8.1.a,Number of new cases of RTI/STI in males for which treatment was initiated,TOTAL,7.0,,0.0,0.0,0.0,1.0,1.0,0.0,0.0,0.0,0.0,0.0,9.0
South Garo Hills,8.1.b,Number of new cases of RTI/STI in females for which treatment was initiated,TOTAL,14.0,,0.0,4.0,0.0,2.0,0.0,0.0,0.0,0.0,0.0,0.0,20.0
South Garo Hills,8.1.c,Total number of new cases of RTI/STI in males and females for which treatment was initiated (sum of items 8.1.a and 8.1.b),TOTAL,21.0,,0.0,4.0,0.0,3.0,1.0,0.0,0.0,0.0,0.0,0.0,29.0
South Garo Hills,8.2,Number of suspected RTI/STI cases for whom wet mount test was conducted,TOTAL,0.0,,0.0,0.0,0.0,0.0,0.0,0.0,0.0,0.0,0.0,0.0,0.0
South Garo Hills,9.1.1.a,Number of NSV (No Scalpel Vasectomy) or Conventional Vasectomy conducted at PHCs,TOTAL,,,,,,,,,,,,,
South Garo Hills,9.1.1.b,Number of NSV or Conventional Vasectomy conducted at CHCs,TOTAL,,,,,,,,,,,,,
South Garo Hills,9.1.1.c,Number of NSV or Conventional Vasectomy conducted at SDHs or DHs,TOTAL,,,,,,,,0.0,0.0,0.0,0.0,0.0,0.0
South Garo Hills,9.1.1.d,Number of NSV or Conventional Vasectomy conducted at other State owned public institutions,TOTAL,,,,,,,,,,,,,
South Garo Hills,9.1.1.e,"Total Number of NSV or Conventional Vasectomy conducted at Public facilities i.e. PHC, CHC, SDH, DH and other State owned public institutions (sum of items from 9.1.1.a to 9.1.1.d)",TOTAL,,,,,,,,0.0,0.0,0.0,0.0,0.0,0.0
South Garo Hills,9.1.2,Number of NSV or Conventional Vasectomy conducted at Private facilities,TOTAL,,,,,,,,,,,,,
South Garo Hills,9.2.1.a,Number of Laparoscopic sterilizations conducted at PHCs,TOTAL,,,,,,,,,,,,,
South Garo Hills,9.2.1.b,Number of Laparoscopic sterilizations conducted at CHCs,TOTAL,,,,,,,,,,,,,
South Garo Hills,9.2.1.c,Number of Laparoscopic sterilizations conducted at SDHs or DHs,TOTAL,,,,,,,,0.0,0.0,0.0,0.0,0.0,0.0
South Garo Hills,9.2.1.d,Number of Laparoscopic sterilizations conducted at other State owned public institutions,TOTAL,,,,,,,,,,,,,
South Garo Hills,9.2.1.e,"Total Number of Laparoscopic sterilizations conducted at Public facilities i.e. PHC, CHC, SDH, DH and other State owned public institutions (sum of items from 9.2.1.a to 9.2.1.d)",TOTAL,,,,,,,,0.0,0.0,0.0,0.0,0.0,0.0
South Garo Hills,9.2.2,Number of Laparoscopic sterilizations conducted at Private facilities,TOTAL,,,,,,,,,,,,,
South Garo Hills,9.3.1.a,Number of Mini-lap sterilizations conducted at PHCs,TOTAL,,,,0.0,,,,,,0.0,,,0.0
South Garo Hills,9.3.1.b,Number of Mini-lap sterilizations conducted at CHCs,TOTAL,,,,,,,,,,,,,
South Garo Hills,9.3.1.c,Number of Mini-lap sterilizations conducted at SDHs or DHs,TOTAL,,,,,,,,0.0,0.0,0.0,0.0,0.0,0.0
South Garo Hills,9.3.1.d,Number of Mini-lap sterilizations conducted at other State owned public institutions,TOTAL,,,,,,,,,,,,,
South Garo Hills,9.3.1.e,"Total Number of Mini-lap sterilizations conducted at Public facilities i.e. PHC, CHC, SDH, DH and other State owned public institutions (sum of items from 9.3.1.a to 9.3.1.d)",TOTAL,,,,0.0,,,,0.0,0.0,0.0,0.0,0.0,0.0
South Garo Hills,9.3.2,Number of Mini-lap sterilizations conducted at Private facilities,TOTAL,,,,,,,,,,,,,
South Garo Hills,9.4.1.a,Number of Post-Partum sterilizations conducted at PHCs,TOTAL,,,,0.0,,,,,,0.0,,,0.0
South Garo Hills,9.4.1.b,Number of Post-Partum sterilizations conducted at CHCs,TOTAL,,,,,,,,,,,,,
South Garo Hills,9.4.1.c,Number of Post-Partum sterilizations conducted at SDHs or DHs,TOTAL,,,,,,,,0.0,0.0,0.0,0.0,0.0,0.0
South Garo Hills,9.4.1.d,Number of Post-Partum sterilizations conducted at other State owned public institutions,TOTAL,,,,,,,,,,,,,
South Garo Hills,9.4.1.e,"Total Number of Post-Partum sterilizations conducted at Public facilities i.e. PHC, CHC, SDH, DH and other State owned public institutions (sum of items from 9.4.1.a to 9.4.1.d)",TOTAL,,,,0.0,,,,0.0,0.0,0.0,0.0,0.0,0.0
South Garo Hills,9.4.2,Number of Post-Partum sterilizations conducted at Private facilities,TOTAL,,,,,,,,,,,,,
South Garo Hills,9.5.1.a,Number of IUCD Insertions conducted at SCs,TOTAL,0.0,10.0,2.0,0.0,12.0,7.0,4.0,2.0,2.0,0.0,6.0,0.0,45.0
South Garo Hills,9.5.1.b,Number of IUCD Insertions conducted at PHCs,TOTAL,1.0,0.0,0.0,0.0,0.0,0.0,1.0,1.0,0.0,1.0,2.0,1.0,7.0
South Garo Hills,9.5.1.c,Number of IUCD Insertions conducted at CHCs,TOTAL,1.0,0.0,0.0,0.0,0.0,0.0,0.0,0.0,0.0,0.0,0.0,0.0,1.0
South Garo Hills,9.5.1.d,Number of IUCD Insertions conducted at SDHs or DHs,TOTAL,2.0,4.0,0.0,0.0,0.0,0.0,1.0,0.0,1.0,0.0,0.0,0.0,8.0
South Garo Hills,9.5.1.e,Number of IUCD Insertions conducted at other State owned public institutions,TOTAL,,,,,,,,,,,,,
South Garo Hills,9.5.1.f,"Total Number of IUCD Insertions conducted at Public facilities i.e. SC, PHC, CHC, SDH, DH and other State owned public institutions (sum of items from 9.5.1.a to 9.5.1.e)",TOTAL,4.0,14.0,2.0,0.0,12.0,7.0,6.0,3.0,3.0,1.0,8.0,1.0,61.0
South Garo Hills,9.5.1A,"Out of above total, Post Partum (within 48 hours of delivery) IUCD insertions",TOTAL,,,,,,,,,,,,,
South Garo Hills,9.5.2,Number of IUCD Insertions conducted at Private facilities,TOTAL,,,,,,,,,,,,,
South Garo Hills,9.06,Number of IUCD removals,TOTAL,2.0,3.0,3.0,4.0,1.0,2.0,3.0,3.0,0.0,3.0,3.0,4.0,31.0
South Garo Hills,9.07,Number of Oral Pills cycles distributed,TOTAL,385.0,415.0,442.0,531.0,510.0,359.0,419.0,412.0,433.0,223.0,196.0,264.0,4589.0
South Garo Hills,9.08,Number of Condom pieces distributed,TOTAL,1092.0,931.0,1004.0,1371.0,1241.0,1370.0,1289.0,677.0,768.0,322.0,232.0,241.0,10538.0
South Garo Hills,9.09,Number of Centchroman (weekly) pills given,TOTAL,0.0,0.0,0.0,0.0,0.0,0.0,0.0,40.0,132.0,38.0,0.0,0.0,210.0
South Garo Hills,9.10,Number of Emergency Contraceptive Pills distributed,TOTAL,0.0,0.0,0.0,0.0,0.0,0.0,0.0,0.0,0.0,0.0,0.0,14.0,14.0
South Garo Hills,9.11.1.a,Number of cases of complications following male sterilization,TOTAL,,0.0,,,,,0.0,,0.0,,,,0.0
South Garo Hills,9.11.1.b,Number of cases of complications following female sterilization,TOTAL,,0.0,,,,,0.0,,0.0,,,,0.0
South Garo Hills,9.11.2.a,Number of failures following male sterilization,TOTAL,,0.0,,,,,0.0,,0.0,,,,0.0
South Garo Hills,9.11.2.b,Number of failures following female sterilization,TOTAL,,0.0,,,,,0.0,,0.0,,,,0.0
South Garo Hills,9.11.3.a,Number of deaths following male sterilization,TOTAL,,0.0,,,,,0.0,,0.0,,,,0.0
South Garo Hills,9.11.3.b,Number of deaths following female sterilization,TOTAL,,0.0,,,,,0.0,,0.0,,,,0.0
South Garo Hills,9.12,Number of Institutions having NSV trained doctors,TOTAL,,,,,,,,,,,,,-1.0
South Garo Hills,10.1.01,Number of Infants (0 to 11 months old)received BCG immunisation,TOTAL,285.0,348.0,247.0,223.0,280.0,230.0,316.0,300.0,301.0,301.0,277.0,383.0,3491.0
South Garo Hills,10.1.02,Number of Infants (0 to 11 months old) received DPT1 immunisation,TOTAL,331.0,367.0,309.0,326.0,306.0,234.0,317.0,326.0,344.0,311.0,367.0,387.0,3925.0
South Garo Hills,10.1.03,Number of Infants (0 to 11 months old) received DPT2 immunisation,TOTAL,309.0,354.0,360.0,337.0,370.0,249.0,257.0,307.0,301.0,321.0,324.0,355.0,3844.0
South Garo Hills,10.1.04,Number of Infants (0 to 11 months old) received DPT3 immunisation,TOTAL,306.0,305.0,290.0,322.0,361.0,282.0,294.0,270.0,234.0,240.0,310.0,305.0,3519.0
South Garo Hills,10.1.04A,Number of Infants (0 to 11 months old) received Pentavalent1 immunisation,TOTAL,,,,,,,,,,,,,
South Garo Hills,10.1.04B,Number of Infants (0 to 11 months old) received Pentavalent2 immunisation,TOTAL,,,,,,,,,,,,,
South Garo Hills,10.1.04C,Number of Infants (0 to 11 months old) received Pentavalent3 immunisation,TOTAL,,,,,,,,,,,,,
South Garo Hills,10.1.05,Number of Infants (0 to 11 months old) received OPV 0 (Birth Dose),TOTAL,54.0,43.0,22.0,55.0,48.0,58.0,63.0,76.0,60.0,55.0,55.0,76.0,665.0
South Garo Hills,10.1.06,Number of Infants (0 to 11 months old) received OPV1 (First Dose),TOTAL,327.0,352.0,309.0,314.0,311.0,230.0,317.0,326.0,344.0,311.0,367.0,381.0,3889.0
South Garo Hills,10.1.07,Number of Infants (0 to 11 months old) received OPV2 (Second Dose),TOTAL,306.0,366.0,360.0,322.0,371.0,253.0,257.0,307.0,301.0,321.0,325.0,355.0,3844.0
South Garo Hills,10.1.08,Number of Infants (0 to 11 months old) received OPV3 (Third Dose),TOTAL,313.0,298.0,286.0,320.0,357.0,283.0,294.0,270.0,234.0,240.0,311.0,305.0,3511.0
South Garo Hills,10.1.09A,Number of Infants (upto 48 hrs of age) received Hepatitis-B0 immunisation,TOTAL,23.0,24.0,12.0,39.0,44.0,45.0,23.0,25.0,22.0,19.0,35.0,45.0,356.0
South Garo Hills,10.1.09,Number of Infants (0 to 11 months old) received Hepatitis-B1 immunisation,TOTAL,319.0,336.0,351.0,333.0,355.0,231.0,321.0,322.0,350.0,334.0,360.0,388.0,4000.0
South Garo Hills,10.1.10,Number of Infants (0 to 11 months old) received Hepatitis-B2 immunisation,TOTAL,271.0,341.0,324.0,322.0,406.0,264.0,283.0,334.0,309.0,342.0,320.0,373.0,3889.0
South Garo Hills,10.1.11,Number of Infants (0 to 11 months old) received Hepatitis-B3 immunisation,TOTAL,261.0,274.0,267.0,298.0,362.0,284.0,296.0,262.0,239.0,237.0,302.0,309.0,3391.0
South Garo Hills,10.1.12,Number of Infants (0 to 11 months old) received Measles immunisation (First Dose),TOTAL,254.0,299.0,275.0,286.0,308.0,223.0,260.0,275.0,224.0,203.0,263.0,255.0,3125.0
South Garo Hills,10.1.12B,Number of Infants (more than 16 months old) received Measles immunisation (Second Dose),TOTAL,89.0,97.0,72.0,95.0,88.0,68.0,50.0,68.0,49.0,40.0,90.0,87.0,893.0
South Garo Hills,10.1A,No. of Children aged 9 to 12 months who received JE 1st dose,TOTAL,,,,,,,,,,,,,
South Garo Hills,10.1.13.a,Total number of male children (9 to 11 months old) fully immunised (BCG+DPT123/Pentavalent123+OPV123+Measles) during the month,TOTAL,111.0,134.0,112.0,118.0,133.0,112.0,123.0,126.0,100.0,78.0,123.0,110.0,1380.0
South Garo Hills,10.1.13.b,Total number of female children (9 to 11 months old) fully immunised (BCG+DPT123/Pentavalent123+OPV123+Measles) during the month,TOTAL,105.0,135.0,117.0,125.0,147.0,89.0,116.0,124.0,102.0,86.0,103.0,104.0,1353.0
South Garo Hills,10.1.13.c,Total number of children (9 to 11 months old) fully immunised (BCG+DPT123/Pentavalent123+OPV123+Measles) during the month (sum of items 10.1.13.a and 10.1.13.b),TOTAL,216.0,269.0,229.0,243.0,280.0,201.0,239.0,250.0,202.0,164.0,226.0,214.0,2733.0
South Garo Hills,10.2.1,Number of Infants (more than 16 months old) received DPT Booster dose,TOTAL,175.0,167.0,154.0,177.0,202.0,157.0,178.0,281.0,147.0,123.0,174.0,208.0,2143.0
South Garo Hills,10.2.2,Number of Infants (more than 16 months old) received OPV Booster dose,TOTAL,180.0,165.0,156.0,177.0,204.0,154.0,178.0,276.0,154.0,123.0,183.0,209.0,2159.0
South Garo Hills,10.2.3,"Number of Infants (more than 16 months old) received Measles, Mumps, Rubella (MMR) Vaccination",TOTAL,0.0,4.0,0.0,6.0,0.0,0.0,0.0,0.0,0.0,0.0,2.0,0.0,12.0
South Garo Hills,10.3.1.a,Total number of male children (12 to 23 months old) fully immunised (BCG+DPT123/Pentavalent123+OPV123+Measles) during the month,TOTAL,40.0,50.0,42.0,47.0,59.0,32.0,40.0,36.0,30.0,27.0,34.0,41.0,478.0
South Garo Hills,10.3.1.b,Total number of female children (12 to 23 months old) fully immunised (BCG+DPT123/Pentavalent123+OPV123+Measles) during the month,TOTAL,41.0,43.0,45.0,37.0,57.0,37.0,38.0,29.0,24.0,15.0,50.0,36.0,452.0
South Garo Hills,10.3.1.c,Total number of children (12 to 23 months old) fully immunised (BCG+DPT123+OPV123/Pentavalent123+Measles) during the month (sum of items 10.3.1.a and 10.3.1.b),TOTAL,81.0,93.0,87.0,84.0,116.0,69.0,78.0,65.0,54.0,42.0,84.0,77.0,930.0
South Garo Hills,10.3.2,Number of children (more than 5 years old) given DT5,TOTAL,0.0,0.0,0.0,0.0,0.0,0.0,56.0,5.0,0.0,0.0,0.0,0.0,61.0
South Garo Hills,10.3.3,Number of children (more than 10 years old) given TT10,TOTAL,343.0,461.0,630.0,366.0,710.0,471.0,426.0,514.0,291.0,316.0,362.0,338.0,5228.0
South Garo Hills,10.3.4,Number of children (more than 16 years old) given TT16,TOTAL,401.0,483.0,541.0,424.0,707.0,526.0,494.0,507.0,427.0,462.0,452.0,523.0,5947.0
South Garo Hills,10.3.5.a,Number of cases of Abscess reported following immunisation [Adverse Event Following Immunisation (AEFI)],TOTAL,,0.0,0.0,,0.0,,0.0,,0.0,,,,0.0
South Garo Hills,10.3.5.b,Number of cases of Death reported following immunisation [Adverse Event Following Immunisation (AEFI)],TOTAL,,0.0,0.0,,0.0,,0.0,,0.0,,,,0.0
South Garo Hills,10.3.5.c,Number of cases of other complications reported following immunisation [Adverse Event Following Immunisation (AEFI)],TOTAL,,0.0,0.0,,0.0,,0.0,,0.0,,,,0.0
South Garo Hills,10.4.1,Number of Immunisation sessions planned to be held during the month,TOTAL,423.0,431.0,399.0,429.0,389.0,370.0,446.0,412.0,404.0,421.0,432.0,446.0,5002.0
South Garo Hills,10.4.2,Number of Immunisation sessions held during the month,TOTAL,323.0,337.0,327.0,321.0,308.0,300.0,354.0,334.0,307.0,330.0,356.0,341.0,3938.0
South Garo Hills,10.4.3,Number of Immunisation sessions held during the month where ASHAs were present,TOTAL,283.0,295.0,294.0,283.0,290.0,265.0,323.0,302.0,272.0,283.0,312.0,306.0,3508.0
South Garo Hills,10.5.1,Number of children (more than 16 months old) received Japanese Encephalitis (JE) vaccination,TOTAL,,,,,,,0.0,,,,,,0.0
South Garo Hills,11.1.1,Number of children (9 months to 5 years old) administered 1st dose of Vitamin A (Dose-1),TOTAL,146.0,40.0,16.0,15.0,16.0,4.0,17.0,0.0,0.0,0.0,0.0,0.0,254.0
South Garo Hills,11.1.2,Number of children (9 months to 5 years old) were administered 5th dose of Vitamin A (Dose-5),TOTAL,155.0,47.0,26.0,26.0,16.0,0.0,10.0,0.0,0.0,0.0,0.0,0.0,280.0
South Garo Hills,11.1.3,Number of children (9 months to 5 years old) administered 9th dose of Vitamin A (Dose-9),TOTAL,67.0,27.0,3.0,0.0,0.0,0.0,0.0,0.0,0.0,0.0,0.0,0.0,97.0
South Garo Hills,12.1,Number of cases of Diptheria reported in children below 5 years of age,TOTAL,0.0,0.0,0.0,0.0,0.0,0.0,0.0,0.0,0.0,0.0,0.0,0.0,0.0
South Garo Hills,12.2,Number of cases of Pertusis reported in children below 5 years of age,TOTAL,0.0,0.0,0.0,0.0,0.0,0.0,0.0,0.0,0.0,0.0,0.0,0.0,0.0
South Garo Hills,12.3,Number of cases of Tetanus neonatarum reported in children below 5 years of age,TOTAL,0.0,0.0,0.0,0.0,0.0,0.0,0.0,0.0,0.0,0.0,0.0,0.0,0.0
South Garo Hills,12.4,Number of cases of Tetanus other than neonatarum reported in children below 5 years of age,TOTAL,0.0,0.0,0.0,0.0,0.0,0.0,0.0,0.0,0.0,0.0,0.0,0.0,0.0
South Garo Hills,12.5,Number of cases of Polio reported in children below 5 years of age,TOTAL,0.0,0.0,0.0,0.0,0.0,0.0,0.0,0.0,0.0,0.0,0.0,0.0,0.0
South Garo Hills,12.6,Number of cases of Measles reported in children below 5 years of age,TOTAL,4.0,0.0,2.0,0.0,0.0,3.0,0.0,0.0,4.0,0.0,0.0,3.0,16.0
South Garo Hills,12.7,Number of cases of Diarrhoea and Dehydration reported in children below 5 years of age,TOTAL,138.0,145.0,208.0,143.0,106.0,138.0,132.0,99.0,133.0,101.0,152.0,154.0,1649.0
South Garo Hills,12.8,Number of cases of Malaria reported in children below 5 years of age,TOTAL,16.0,53.0,37.0,63.0,25.0,44.0,37.0,45.0,62.0,24.0,29.0,45.0,480.0
South Garo Hills,12.9,Number of children below 5 years of age admitted with Respiratory Infections,TOTAL,1.0,5.0,5.0,1.0,6.0,6.0,1.0,56.0,39.0,1.0,0.0,2.0,123.0
South Garo Hills,13.1,Number of Patients operated for cataract,TOTAL,0.0,0.0,0.0,0.0,0.0,0.0,0.0,0.0,0.0,0.0,0.0,0.0,0.0
South Garo Hills,13.2,Number of Intraocular Lens(IOL) implantations,TOTAL,0.0,0.0,0.0,0.0,0.0,0.0,0.0,0.0,0.0,0.0,0.0,0.0,0.0
South Garo Hills,13.3,Number of School children detected with Refractive errors,TOTAL,6.0,0.0,10.0,13.0,0.0,0.0,0.0,0.0,0.0,0.0,0.0,0.0,29.0
South Garo Hills,13.4,Number of children provided free glasses,TOTAL,0.0,0.0,0.0,0.0,0.0,0.0,0.0,0.0,0.0,0.0,0.0,0.0,0.0
South Garo Hills,13.5,Number of eyes collected through eye donation,TOTAL,0.0,0.0,0.0,0.0,0.0,0.0,0.0,0.0,0.0,0.0,0.0,0.0,0.0
South Garo Hills,13.6,Number of eyes utilised for corneal transplant,TOTAL,0.0,0.0,0.0,0.0,0.0,0.0,0.0,0.0,0.0,0.0,0.0,0.0,0.0
South Garo Hills,14.01,Number of CHC or SDH or DH functioning as First Referral units (FRUs),TOTAL,,,,,,,,,,,,,-1.0
South Garo Hills,14.02,Number of PHCs functioning 24X7 with atleast 3 Staff Nurses,TOTAL,3.0,3.0,3.0,3.0,3.0,3.0,3.0,3.0,3.0,3.0,3.0,4.0,-1.0
South Garo Hills,14.03,Number of Anganwadi centres reported to have conducted VHNDs,TOTAL,186.0,137.0,118.0,121.0,168.0,114.0,138.0,125.0,134.0,128.0,128.0,127.0,-1.0
South Garo Hills,14.04,Number of facilities having a Rogi Kalyan Samiti (RKS),TOTAL,2.0,2.0,2.0,2.0,2.0,2.0,2.0,2.0,2.0,2.0,2.0,2.0,-1.0
South Garo Hills,14.05,Number of RKS meetings held during the month,TOTAL,2.0,2.0,2.0,1.0,1.0,0.0,0.0,0.0,1.0,0.0,2.0,0.0,11.0
South Garo Hills,14.06,Number of facilities having Ambulance services (Assured Referral Services),TOTAL,8.0,8.0,8.0,8.0,8.0,8.0,8.0,8.0,8.0,8.0,8.0,8.0,-1.0
South Garo Hills,14.07,Total Number of times the Ambulance was used for transporting patients during the month,TOTAL,38.0,0.0,2.0,9.0,6.0,48.0,49.0,41.0,79.0,57.0,52.0,49.0,430.0
South Garo Hills,14.08,Number of Institutions having Operational Sick New Born and Child Care Units (SNCU),TOTAL,,,,,,,,,,,,,-1.0
South Garo Hills,14.09,Number of functional Laproscopes in CHC/SDH/DH,TOTAL,,,,,,,,,,,,,-1.0
South Garo Hills,14.10.1.a,Number of male patients admitted (Inpatients) during the month,1. Children,66.0,33.0,100.0,70.0,60.0,59.0,62.0,53.0,24.0,59.0,27.0,35.0,648.0
South Garo Hills,14.10.1.a,Number of male patients admitted (Inpatients) during the month,2. Adults,67.0,67.0,97.0,119.0,108.0,125.0,145.0,102.0,54.0,114.0,47.0,65.0,1110.0
South Garo Hills,14.10.1.b,Number of female patients (Inpatients) admitted during the month,1. Children,59.0,46.0,47.0,84.0,78.0,77.0,79.0,84.0,44.0,71.0,36.0,46.0,751.0
South Garo Hills,14.10.1.b,Number of female patients (Inpatients) admitted during the month,2. Adults,91.0,127.0,171.0,200.0,143.0,141.0,175.0,133.0,119.0,167.0,121.0,149.0,1737.0
South Garo Hills,14.10.1.c,Total number of patients admitted (Inpatients) during the month (sum of items 14.10.1.a and 14.10.1.b),1. Children,125.0,79.0,147.0,154.0,138.0,136.0,141.0,137.0,68.0,130.0,63.0,81.0,1399.0
South Garo Hills,14.10.1.c,Total number of patients admitted (Inpatients) during the month (sum of items 14.10.1.a and 14.10.1.b),2. Adults,158.0,194.0,268.0,319.0,251.0,266.0,320.0,235.0,173.0,281.0,168.0,214.0,2847.0
South Garo Hills,14.10.2.a,Number of death cases of Inpatient males,TOTAL,0.0,1.0,3.0,1.0,4.0,3.0,3.0,2.0,2.0,2.0,0.0,1.0,22.0
South Garo Hills,14.10.2.b,Number of death cases of Inpatient females,TOTAL,0.0,0.0,2.0,2.0,1.0,1.0,1.0,0.0,1.0,2.0,0.0,0.0,10.0
South Garo Hills,14.10.2.c,Number of cases of death of Inpatients (sum of items 14.10.2.a and 14.10.2.b),TOTAL,0.0,1.0,5.0,3.0,5.0,4.0,4.0,2.0,3.0,4.0,0.0,1.0,32.0
South Garo Hills,14.11,In-Patient Head Count at midnight,TOTAL,565.0,421.0,645.0,778.0,848.0,764.0,951.0,810.0,905.0,795.0,803.0,796.0,9081.0
South Garo Hills,14.12.1,OPD attendance (All),TOTAL,8190.0,9622.0,10066.0,9588.0,9420.0,9222.0,8924.0,8310.0,6454.0,7513.0,7580.0,8584.0,103473.0
South Garo Hills,14.13.1,Number of major operations carried out using general or spinal anaesthesia,TOTAL,3.0,0.0,0.0,0.0,0.0,0.0,0.0,0.0,0.0,0.0,0.0,0.0,3.0
South Garo Hills,14.13.1A,"Out of 14.13.1,Gynecology- Hysterectomy surgeries",TOTAL,,,,,,,,,,,,,
South Garo Hills,14.13.2,Number of minor operations carried out without anaesthesia or using local anaesthesia,TOTAL,0.0,11.0,14.0,16.0,11.0,31.0,2.0,10.0,15.0,13.0,25.0,20.0,168.0
South Garo Hills,14.14.a,Number of patients given AYUSH treatment,TOTAL,858.0,816.0,623.0,530.0,876.0,956.0,1239.0,787.0,531.0,682.0,804.0,1225.0,9927.0
South Garo Hills,14.14.b,Number of patients on whom Dental Procedure was conducted,TOTAL,61.0,88.0,55.0,89.0,59.0,49.0,93.0,54.0,23.0,42.0,35.0,51.0,699.0
South Garo Hills,14.14.c,Number of Adolescents counselled,TOTAL,27.0,0.0,0.0,0.0,0.0,0.0,33.0,24.0,2.0,9.0,17.0,32.0,144.0
South Garo Hills,15.1.1.a,Number of Haemoglobin (Hb) tests conducted,TOTAL,227.0,127.0,121.0,278.0,215.0,200.0,305.0,251.0,226.0,251.0,250.0,316.0,2767.0
South Garo Hills,15.1.1.b,"Out of the total number of Hb tests conducted, number of cases having Hb less than 7gm/dl",TOTAL,10.0,8.0,10.0,22.0,22.0,9.0,39.0,28.0,24.0,17.0,14.0,42.0,245.0
South Garo Hills,15.1.2.a,Number of HIV tests conducted on males,1. Number tested,2.0,6.0,10.0,3.0,6.0,1.0,3.0,3.0,1.0,3.0,5.0,3.0,46.0
South Garo Hills,15.1.2.a,Number of HIV tests conducted on males,2. Number Positive,0.0,0.0,0.0,0.0,0.0,0.0,0.0,0.0,0.0,0.0,0.0,0.0,0.0
South Garo Hills,15.1.2.b,Number of HIV tests conducted on Female-Non ANC (i.e. non pregnant females),1. Number tested,4.0,19.0,6.0,11.0,3.0,5.0,3.0,3.0,2.0,3.0,2.0,3.0,64.0
South Garo Hills,15.1.2.b,Number of HIV tests conducted on Female-Non ANC (i.e. non pregnant females),2. Number Positive,0.0,0.0,0.0,0.0,0.0,0.0,0.0,0.0,0.0,0.0,0.0,0.0,0.0
South Garo Hills,15.1.2.c,Number of HIV tests conducted on Female with ANC (i.e. pregnant females),1. Number tested,15.0,22.0,36.0,18.0,51.0,21.0,11.0,39.0,17.0,31.0,37.0,21.0,319.0
South Garo Hills,15.1.2.c,Number of HIV tests conducted on Female with ANC (i.e. pregnant females),2. Number Positive,0.0,0.0,0.0,0.0,0.0,0.0,0.0,0.0,0.0,0.0,0.0,0.0,0.0
South Garo Hills,15.1.2.d,Total number of HIV tests conducted (sum of items 15.1.2.a to 15.1.2.c),1. Number tested,21.0,47.0,52.0,32.0,60.0,27.0,17.0,45.0,20.0,37.0,44.0,27.0,429.0
South Garo Hills,15.1.2.d,Total number of HIV tests conducted (sum of items 15.1.2.a to 15.1.2.c),2. Number Positive,0.0,0.0,0.0,0.0,0.0,0.0,0.0,0.0,0.0,0.0,0.0,0.0,0.0
South Garo Hills,15.2,Number of Widal tests conducted,Number tested,23.0,37.0,65.0,88.0,130.0,55.0,105.0,80.0,31.0,57.0,41.0,34.0,746.0
South Garo Hills,15.3.a,Number of VDRL tests conducted on males,Number tested,7.0,6.0,10.0,3.0,6.0,1.0,3.0,3.0,1.0,3.0,5.0,3.0,51.0
South Garo Hills,15.3.b,Number of VDRL tests conducted on Female-Non ANC (i.e. non pregnant females),Number tested,14.0,19.0,6.0,11.0,3.0,5.0,3.0,3.0,2.0,3.0,2.0,3.0,74.0
South Garo Hills,15.3.c,Number of VDRL tests conducted on Female with ANC (i.e. pregnant females),Number tested,15.0,22.0,36.0,18.0,51.0,21.0,5.0,39.0,17.0,31.0,37.0,21.0,313.0
South Garo Hills,15.3.d,Total number of VDRL tests conducted (sum of items 15.3.a to 15.3.c),Number tested,36.0,47.0,52.0,32.0,60.0,27.0,11.0,45.0,20.0,37.0,44.0,27.0,438.0
South Garo Hills,15.4.1,Number of blood smears examined for Malaria,TOTAL,2178.0,2150.0,2901.0,1129.0,3027.0,2005.0,1840.0,1579.0,1071.0,1242.0,1227.0,2043.0,22392.0
South Garo Hills,15.4.2,"Out of blood smears examined for malaria, number of blood smears tested positive for Plasmodium Vivax",TOTAL,1.0,5.0,2.0,4.0,15.0,0.0,2.0,0.0,2.0,0.0,1.0,0.0,32.0
South Garo Hills,15.4.3,"Out of blood smears examined for malaria, number of blood smears tested positive for Plasmodium Falciparum",TOTAL,277.0,188.0,245.0,142.0,585.0,355.0,276.0,242.0,138.0,173.0,177.0,456.0,3254.0
South Garo Hills,16.1.1,Stock position of DPT vaccines,1. Balance From Previous Month,340.0,165.0,236.0,149.0,341.0,278.0,215.0,122.0,9.0,187.0,392.0,270.0,2704.0
South Garo Hills,16.1.1,Stock position of DPT vaccines,2. Stocks Received,0.0,300.0,0.0,300.0,100.0,100.0,0.0,0.0,300.0,300.0,0.0,300.0,1700.0
South Garo Hills,16.1.1,Stock position of DPT vaccines,3. Unusable Stock,0.0,0.0,0.0,0.0,0.0,0.0,0.0,0.0,0.0,0.0,0.0,0.0,0.0
South Garo Hills,16.1.1,Stock position of DPT vaccines,4. Stock Distributed,175.0,229.0,87.0,108.0,163.0,163.0,93.0,113.0,122.0,95.0,122.0,113.0,1583.0
South Garo Hills,16.1.1,Stock position of DPT vaccines,5. Total Stock,165.0,236.0,149.0,341.0,278.0,215.0,122.0,9.0,187.0,392.0,270.0,457.0,2821.0
South Garo Hills,16.1.1A,Stock Position of Pentavalent,1. Balance From Previous Month,,,,,,,,,,,,,
South Garo Hills,16.1.1A,Stock Position of Pentavalent,2. Stocks Received,,,,,,,,,,,,,
South Garo Hills,16.1.1A,Stock Position of Pentavalent,3. Unusable Stock,,,,,,,,,,,,,
South Garo Hills,16.1.1A,Stock Position of Pentavalent,4. Stock Distributed,,,,,,,,,,,,,
South Garo Hills,16.1.1A,Stock Position of Pentavalent,5. Total Stock,0.0,0.0,0.0,0.0,0.0,0.0,0.0,0.0,0.0,0.0,0.0,0.0,0.0
South Garo Hills,16.1.2,Stock position of OPV vaccines,1. Balance From Previous Month,286.0,191.0,261.0,203.0,308.0,229.0,150.0,184.0,60.0,178.0,112.0,73.0,2235.0
South Garo Hills,16.1.2,Stock position of OPV vaccines,2. Stocks Received,0.0,300.0,0.0,200.0,100.0,100.0,34.0,0.0,200.0,1700.0,0.0,1700.0,4334.0
South Garo Hills,16.1.2,Stock position of OPV vaccines,3. Unusable Stock,0.0,0.0,0.0,0.0,0.0,0.0,0.0,0.0,0.0,0.0,0.0,0.0,0.0
South Garo Hills,16.1.2,Stock position of OPV vaccines,4. Stock Distributed,95.0,230.0,58.0,95.0,179.0,179.0,0.0,124.0,82.0,1766.0,39.0,1686.0,4533.0
South Garo Hills,16.1.2,Stock position of OPV vaccines,5. Total Stock,191.0,261.0,203.0,308.0,229.0,150.0,184.0,60.0,178.0,112.0,73.0,87.0,2036.0
South Garo Hills,16.1.3,Stock position of TT vaccines,1. Balance From Previous Month,449.0,439.0,429.0,429.0,409.0,364.0,319.0,444.0,349.0,454.0,689.0,525.0,5299.0
South Garo Hills,16.1.3,Stock position of TT vaccines,2. Stocks Received,0.0,0.0,0.0,0.0,100.0,100.0,125.0,0.0,200.0,300.0,0.0,300.0,1125.0
South Garo Hills,16.1.3,Stock position of TT vaccines,3. Unusable Stock,0.0,0.0,0.0,0.0,0.0,0.0,0.0,0.0,0.0,0.0,0.0,0.0,0.0
South Garo Hills,16.1.3,Stock position of TT vaccines,4. Stock Distributed,10.0,10.0,0.0,20.0,145.0,145.0,0.0,95.0,95.0,65.0,164.0,100.0,849.0
South Garo Hills,16.1.3,Stock position of TT vaccines,5. Total Stock,439.0,429.0,429.0,409.0,364.0,319.0,444.0,349.0,454.0,689.0,525.0,725.0,5575.0
South Garo Hills,16.1.4,Stock position of DT vaccines,1. Balance From Previous Month,0.0,0.0,0.0,0.0,0.0,0.0,0.0,0.0,0.0,0.0,0.0,0.0,0.0
South Garo Hills,16.1.4,Stock position of DT vaccines,2. Stocks Received,0.0,0.0,0.0,0.0,0.0,0.0,0.0,0.0,0.0,0.0,0.0,0.0,0.0
South Garo Hills,16.1.4,Stock position of DT vaccines,3. Unusable Stock,0.0,0.0,0.0,0.0,0.0,0.0,0.0,0.0,0.0,0.0,0.0,0.0,0.0
South Garo Hills,16.1.4,Stock position of DT vaccines,4. Stock Distributed,0.0,0.0,0.0,0.0,0.0,0.0,0.0,0.0,0.0,0.0,0.0,0.0,0.0
South Garo Hills,16.1.4,Stock position of DT vaccines,5. Total Stock,0.0,0.0,0.0,0.0,0.0,0.0,0.0,0.0,0.0,0.0,0.0,0.0,0.0
South Garo Hills,16.1.5,Stock position of BCG vaccines,1. Balance From Previous Month,153.0,25.0,86.0,34.0,197.0,141.0,85.0,123.0,32.0,154.0,279.0,196.0,1505.0
South Garo Hills,16.1.5,Stock position of BCG vaccines,2. Stocks Received,0.0,200.0,0.0,200.0,100.0,100.0,100.0,0.0,200.0,200.0,0.0,100.0,1200.0
South Garo Hills,16.1.5,Stock position of BCG vaccines,3. Unusable Stock,0.0,0.0,0.0,0.0,0.0,0.0,0.0,0.0,0.0,0.0,0.0,0.0,0.0
South Garo Hills,16.1.5,Stock position of BCG vaccines,4. Stock Distributed,128.0,139.0,52.0,37.0,156.0,156.0,62.0,91.0,78.0,75.0,83.0,76.0,1133.0
South Garo Hills,16.1.5,Stock position of BCG vaccines,5. Total Stock,25.0,86.0,34.0,197.0,141.0,85.0,123.0,32.0,154.0,279.0,196.0,220.0,1572.0
South Garo Hills,16.1.6,Stock position of Measles vaccines,1. Balance From Previous Month,233.0,93.0,233.0,138.0,318.0,229.0,140.0,144.0,34.0,226.0,410.0,264.0,2462.0
South Garo Hills,16.1.6,Stock position of Measles vaccines,2. Stocks Received,0.0,300.0,0.0,300.0,100.0,100.0,4.0,0.0,300.0,300.0,0.0,300.0,1704.0
South Garo Hills,16.1.6,Stock position of Measles vaccines,3. Unusable Stock,0.0,0.0,0.0,0.0,0.0,0.0,0.0,0.0,0.0,0.0,0.0,0.0,0.0
South Garo Hills,16.1.6,Stock position of Measles vaccines,4. Stock Distributed,140.0,160.0,95.0,120.0,189.0,189.0,0.0,110.0,108.0,116.0,146.0,190.0,1563.0
South Garo Hills,16.1.6,Stock position of Measles vaccines,5. Total Stock,93.0,233.0,138.0,318.0,229.0,140.0,144.0,34.0,226.0,410.0,264.0,374.0,2603.0
South Garo Hills,16.1.7,Stock position of JE vaccines,1. Balance From Previous Month,0.0,0.0,0.0,0.0,0.0,0.0,0.0,0.0,0.0,0.0,0.0,0.0,0.0
South Garo Hills,16.1.7,Stock position of JE vaccines,2. Stocks Received,0.0,0.0,0.0,0.0,0.0,0.0,0.0,0.0,0.0,0.0,0.0,0.0,0.0
South Garo Hills,16.1.7,Stock position of JE vaccines,3. Unusable Stock,0.0,0.0,0.0,0.0,0.0,0.0,0.0,0.0,0.0,0.0,0.0,0.0,0.0
South Garo Hills,16.1.7,Stock position of JE vaccines,4. Stock Distributed,0.0,0.0,0.0,0.0,0.0,0.0,0.0,0.0,0.0,0.0,0.0,0.0,0.0
South Garo Hills,16.1.7,Stock position of JE vaccines,5. Total Stock,0.0,0.0,0.0,0.0,0.0,0.0,0.0,0.0,0.0,0.0,0.0,0.0,0.0
South Garo Hills,16.1.8,Stock position of Hepatitis B vaccines,1. Balance From Previous Month,520.0,375.0,152.0,112.0,300.0,515.0,730.0,365.0,252.0,457.0,562.0,443.0,4783.0
South Garo Hills,16.1.8,Stock position of Hepatitis B vaccines,2. Stocks Received,0.0,0.0,0.0,300.0,400.0,400.0,0.0,0.0,300.0,200.0,0.0,200.0,1800.0
South Garo Hills,16.1.8,Stock position of Hepatitis B vaccines,3. Unusable Stock,0.0,0.0,0.0,0.0,0.0,0.0,0.0,0.0,0.0,0.0,0.0,0.0,0.0
South Garo Hills,16.1.8,Stock position of Hepatitis B vaccines,4. Stock Distributed,145.0,223.0,40.0,112.0,185.0,185.0,365.0,113.0,95.0,95.0,119.0,113.0,1790.0
South Garo Hills,16.1.8,Stock position of Hepatitis B vaccines,5. Total Stock,375.0,152.0,112.0,300.0,515.0,730.0,365.0,252.0,457.0,562.0,443.0,530.0,4793.0
South Garo Hills,16.2.1,Stock Position of IU 380 A (to be used for Family Planning),1. Balance From Previous Month,0.0,0.0,0.0,0.0,0.0,30.0,30.0,0.0,0.0,0.0,0.0,0.0,60.0
South Garo Hills,16.2.1,Stock Position of IU 380 A (to be used for Family Planning),2. Stocks Received,0.0,0.0,0.0,0.0,150.0,0.0,0.0,0.0,0.0,0.0,0.0,0.0,150.0
South Garo Hills,16.2.1,Stock Position of IU 380 A (to be used for Family Planning),3. Unusable Stock,0.0,0.0,0.0,0.0,0.0,0.0,0.0,0.0,0.0,0.0,0.0,0.0,0.0
South Garo Hills,16.2.1,Stock Position of IU 380 A (to be used for Family Planning),4. Stock Distributed,0.0,0.0,0.0,0.0,120.0,0.0,30.0,0.0,0.0,0.0,0.0,0.0,150.0
South Garo Hills,16.2.1,Stock Position of IU 380 A (to be used for Family Planning),5. Total Stock,0.0,0.0,0.0,0.0,30.0,30.0,0.0,0.0,0.0,0.0,0.0,0.0,60.0
South Garo Hills,16.2.2,Stock Position of Condoms (to be used for Family Planning),1. Balance From Previous Month,0.0,0.0,0.0,0.0,2940.0,0.0,0.0,0.0,0.0,0.0,0.0,0.0,2940.0
South Garo Hills,16.2.2,Stock Position of Condoms (to be used for Family Planning),2. Stocks Received,0.0,0.0,0.0,5040.0,0.0,0.0,0.0,0.0,0.0,0.0,0.0,0.0,5040.0
South Garo Hills,16.2.2,Stock Position of Condoms (to be used for Family Planning),3. Unusable Stock,0.0,0.0,0.0,0.0,0.0,0.0,0.0,0.0,0.0,0.0,0.0,0.0,0.0
South Garo Hills,16.2.2,Stock Position of Condoms (to be used for Family Planning),4. Stock Distributed,0.0,0.0,0.0,2100.0,2940.0,0.0,0.0,0.0,0.0,0.0,0.0,0.0,5040.0
South Garo Hills,16.2.2,Stock Position of Condoms (to be used for Family Planning),5. Total Stock,0.0,0.0,0.0,2940.0,0.0,0.0,0.0,0.0,0.0,0.0,0.0,0.0,2940.0
South Garo Hills,16.2.3,Stock Position of Oral Contraceptive (to be used for Family Planning),1. Balance From Previous Month,0.0,0.0,0.0,0.0,500.0,0.0,0.0,0.0,0.0,0.0,0.0,0.0,500.0
South Garo Hills,16.2.3,Stock Position of Oral Contraceptive (to be used for Family Planning),2. Stocks Received,0.0,0.0,0.0,1000.0,0.0,0.0,0.0,0.0,0.0,0.0,0.0,0.0,1000.0
South Garo Hills,16.2.3,Stock Position of Oral Contraceptive (to be used for Family Planning),3. Unusable Stock,0.0,0.0,0.0,0.0,0.0,0.0,0.0,0.0,0.0,0.0,0.0,0.0,0.0
South Garo Hills,16.2.3,Stock Position of Oral Contraceptive (to be used for Family Planning),4. Stock Distributed,0.0,0.0,0.0,500.0,500.0,0.0,0.0,0.0,0.0,0.0,0.0,0.0,1000.0
South Garo Hills,16.2.3,Stock Position of Oral Contraceptive (to be used for Family Planning),5. Total Stock,0.0,0.0,0.0,500.0,0.0,0.0,0.0,0.0,0.0,0.0,0.0,0.0,500.0
South Garo Hills,16.2.4,Stock Position of Emergency Contraceptive (to be used for Family Planning),1. Balance From Previous Month,0.0,0.0,0.0,0.0,3600.0,0.0,0.0,0.0,0.0,0.0,0.0,0.0,3600.0
South Garo Hills,16.2.4,Stock Position of Emergency Contraceptive (to be used for Family Planning),2. Stocks Received,0.0,0.0,0.0,5000.0,0.0,0.0,0.0,0.0,0.0,0.0,0.0,0.0,5000.0
South Garo Hills,16.2.4,Stock Position of Emergency Contraceptive (to be used for Family Planning),3. Unusable Stock,0.0,0.0,0.0,0.0,0.0,0.0,0.0,0.0,0.0,0.0,0.0,0.0,0.0
South Garo Hills,16.2.4,Stock Position of Emergency Contraceptive (to be used for Family Planning),4. Stock Distributed,0.0,0.0,0.0,1400.0,3600.0,0.0,0.0,0.0,0.0,0.0,0.0,0.0,5000.0
South Garo Hills,16.2.4,Stock Position of Emergency Contraceptive (to be used for Family Planning),5. Total Stock,0.0,0.0,0.0,3600.0,0.0,0.0,0.0,0.0,0.0,0.0,0.0,0.0,3600.0
South Garo Hills,16.2.5,Stock Position of Tubal Rings (to be used for Family Planning),1. Balance From Previous Month,0.0,0.0,0.0,0.0,0.0,0.0,0.0,0.0,0.0,0.0,0.0,0.0,0.0
South Garo Hills,16.2.5,Stock Position of Tubal Rings (to be used for Family Planning),2. Stocks Received,0.0,0.0,0.0,0.0,0.0,0.0,0.0,0.0,0.0,0.0,0.0,0.0,0.0
South Garo Hills,16.2.5,Stock Position of Tubal Rings (to be used for Family Planning),3. Unusable Stock,0.0,0.0,0.0,0.0,0.0,0.0,0.0,0.0,0.0,0.0,0.0,0.0,0.0
South Garo Hills,16.2.5,Stock Position of Tubal Rings (to be used for Family Planning),4. Stock Distributed,0.0,0.0,0.0,0.0,0.0,0.0,0.0,0.0,0.0,0.0,0.0,0.0,0.0
South Garo Hills,16.2.5,Stock Position of Tubal Rings (to be used for Family Planning),5. Total Stock,0.0,0.0,0.0,0.0,0.0,0.0,0.0,0.0,0.0,0.0,0.0,0.0,0.0
South Garo Hills,16.3.01,Stock Position of Oxytocin Injection,1. Balance From Previous Month,0.0,0.0,0.0,0.0,0.0,0.0,0.0,0.0,0.0,0.0,0.0,0.0,0.0
South Garo Hills,16.3.01,Stock Position of Oxytocin Injection,2. Stocks Received,0.0,0.0,0.0,0.0,0.0,0.0,0.0,0.0,0.0,0.0,0.0,0.0,0.0
South Garo Hills,16.3.01,Stock Position of Oxytocin Injection,3. Unusable Stock,0.0,0.0,0.0,0.0,0.0,0.0,0.0,0.0,0.0,0.0,0.0,0.0,0.0
South Garo Hills,16.3.01,Stock Position of Oxytocin Injection,4. Stock Distributed,0.0,0.0,0.0,0.0,0.0,0.0,0.0,0.0,0.0,0.0,0.0,0.0,0.0
South Garo Hills,16.3.01,Stock Position of Oxytocin Injection,5. Total Stock,0.0,0.0,0.0,0.0,0.0,0.0,0.0,0.0,0.0,0.0,0.0,0.0,0.0
South Garo Hills,16.3.02,Stock Position of Gloves,1. Balance From Previous Month,0.0,0.0,0.0,0.0,0.0,0.0,0.0,0.0,0.0,0.0,0.0,0.0,0.0
South Garo Hills,16.3.02,Stock Position of Gloves,2. Stocks Received,0.0,0.0,0.0,0.0,0.0,0.0,0.0,0.0,0.0,0.0,0.0,0.0,0.0
South Garo Hills,16.3.02,Stock Position of Gloves,3. Unusable Stock,0.0,0.0,0.0,0.0,0.0,0.0,0.0,0.0,0.0,0.0,0.0,0.0,0.0
South Garo Hills,16.3.02,Stock Position of Gloves,4. Stock Distributed,0.0,0.0,0.0,0.0,0.0,0.0,0.0,0.0,0.0,0.0,0.0,0.0,0.0
South Garo Hills,16.3.02,Stock Position of Gloves,5. Total Stock,0.0,0.0,0.0,0.0,0.0,0.0,0.0,0.0,0.0,0.0,0.0,0.0,0.0
South Garo Hills,16.3.03,Stock Position of MVA Syringes,1. Balance From Previous Month,0.0,0.0,0.0,0.0,0.0,0.0,0.0,0.0,0.0,0.0,0.0,0.0,0.0
South Garo Hills,16.3.03,Stock Position of MVA Syringes,2. Stocks Received,0.0,0.0,0.0,0.0,0.0,0.0,0.0,0.0,0.0,0.0,0.0,0.0,0.0
South Garo Hills,16.3.03,Stock Position of MVA Syringes,3. Unusable Stock,0.0,0.0,0.0,0.0,0.0,0.0,0.0,0.0,0.0,0.0,0.0,0.0,0.0
South Garo Hills,16.3.03,Stock Position of MVA Syringes,4. Stock Distributed,0.0,0.0,0.0,0.0,0.0,0.0,0.0,0.0,0.0,0.0,0.0,0.0,0.0
South Garo Hills,16.3.03,Stock Position of MVA Syringes,5. Total Stock,0.0,0.0,0.0,0.0,0.0,0.0,0.0,0.0,0.0,0.0,0.0,0.0,0.0
South Garo Hills,16.3.04,Stock Position of Fluconazole Tablets,1. Balance From Previous Month,0.0,0.0,0.0,0.0,0.0,0.0,0.0,0.0,0.0,0.0,0.0,0.0,0.0
South Garo Hills,16.3.04,Stock Position of Fluconazole Tablets,2. Stocks Received,0.0,0.0,0.0,0.0,0.0,0.0,0.0,0.0,0.0,0.0,0.0,0.0,0.0
South Garo Hills,16.3.04,Stock Position of Fluconazole Tablets,3. Unusable Stock,0.0,0.0,0.0,0.0,0.0,0.0,0.0,0.0,0.0,0.0,0.0,0.0,0.0
South Garo Hills,16.3.04,Stock Position of Fluconazole Tablets,4. Stock Distributed,0.0,0.0,0.0,0.0,0.0,0.0,0.0,0.0,0.0,0.0,0.0,0.0,0.0
South Garo Hills,16.3.04,Stock Position of Fluconazole Tablets,5. Total Stock,0.0,0.0,0.0,0.0,0.0,0.0,0.0,0.0,0.0,0.0,0.0,0.0,0.0
South Garo Hills,16.3.05,Stock Position of Blood Transfusion Sets,1. Balance From Previous Month,0.0,0.0,0.0,0.0,0.0,0.0,0.0,0.0,0.0,0.0,0.0,0.0,0.0
South Garo Hills,16.3.05,Stock Position of Blood Transfusion Sets,2. Stocks Received,0.0,0.0,0.0,0.0,0.0,0.0,0.0,0.0,0.0,0.0,0.0,0.0,0.0
South Garo Hills,16.3.05,Stock Position of Blood Transfusion Sets,3. Unusable Stock,0.0,0.0,0.0,0.0,0.0,0.0,0.0,0.0,0.0,0.0,0.0,0.0,0.0
South Garo Hills,16.3.05,Stock Position of Blood Transfusion Sets,4. Stock Distributed,0.0,0.0,0.0,0.0,0.0,0.0,0.0,0.0,0.0,0.0,0.0,0.0,0.0
South Garo Hills,16.3.05,Stock Position of Blood Transfusion Sets,5. Total Stock,0.0,0.0,0.0,0.0,0.0,0.0,0.0,0.0,0.0,0.0,0.0,0.0,0.0
South Garo Hills,16.3.06,Stock Position of Gluteraldehyde solution of 2% concentration,1. Balance From Previous Month,0.0,0.0,0.0,0.0,0.0,0.0,0.0,0.0,0.0,0.0,0.0,0.0,0.0
South Garo Hills,16.3.06,Stock Position of Gluteraldehyde solution of 2% concentration,2. Stocks Received,0.0,0.0,0.0,0.0,0.0,0.0,0.0,0.0,0.0,0.0,0.0,0.0,0.0
South Garo Hills,16.3.06,Stock Position of Gluteraldehyde solution of 2% concentration,3. Unusable Stock,0.0,0.0,0.0,0.0,0.0,0.0,0.0,0.0,0.0,0.0,0.0,0.0,0.0
South Garo Hills,16.3.06,Stock Position of Gluteraldehyde solution of 2% concentration,4. Stock Distributed,0.0,0.0,0.0,0.0,0.0,0.0,0.0,0.0,0.0,0.0,0.0,0.0,0.0
South Garo Hills,16.3.06,Stock Position of Gluteraldehyde solution of 2% concentration,5. Total Stock,0.0,0.0,0.0,0.0,0.0,0.0,0.0,0.0,0.0,0.0,0.0,0.0,0.0
South Garo Hills,16.3.07,Stock Position of IFA Tablets,1. Balance From Previous Month,0.0,1800.0,780.0,780.0,780.0,0.0,0.0,0.0,0.0,0.0,0.0,0.0,4140.0
South Garo Hills,16.3.07,Stock Position of IFA Tablets,2. Stocks Received,1800.0,0.0,0.0,0.0,0.0,0.0,0.0,0.0,0.0,0.0,0.0,0.0,1800.0
South Garo Hills,16.3.07,Stock Position of IFA Tablets,3. Unusable Stock,0.0,0.0,0.0,0.0,0.0,0.0,0.0,0.0,0.0,0.0,0.0,0.0,0.0
South Garo Hills,16.3.07,Stock Position of IFA Tablets,4. Stock Distributed,0.0,1020.0,0.0,0.0,780.0,0.0,0.0,0.0,0.0,0.0,0.0,0.0,1800.0
South Garo Hills,16.3.07,Stock Position of IFA Tablets,5. Total Stock,1800.0,780.0,780.0,780.0,0.0,0.0,0.0,0.0,0.0,0.0,0.0,0.0,4140.0
South Garo Hills,16.3.08,Stock Position of IFA Syrup (Paediatric),1. Balance From Previous Month,0.0,0.0,0.0,0.0,0.0,0.0,0.0,0.0,0.0,0.0,0.0,0.0,0.0
South Garo Hills,16.3.08,Stock Position of IFA Syrup (Paediatric),2. Stocks Received,0.0,0.0,0.0,0.0,0.0,0.0,0.0,0.0,0.0,0.0,0.0,0.0,0.0
South Garo Hills,16.3.08,Stock Position of IFA Syrup (Paediatric),3. Unusable Stock,0.0,0.0,0.0,0.0,0.0,0.0,0.0,0.0,0.0,0.0,0.0,0.0,0.0
South Garo Hills,16.3.08,Stock Position of IFA Syrup (Paediatric),4. Stock Distributed,0.0,0.0,0.0,0.0,0.0,0.0,0.0,0.0,0.0,0.0,0.0,0.0,0.0
South Garo Hills,16.3.08,Stock Position of IFA Syrup (Paediatric),5. Total Stock,0.0,0.0,0.0,0.0,0.0,0.0,0.0,0.0,0.0,0.0,0.0,0.0,0.0
South Garo Hills,16.3.09,Stock Position of Paediatrics Antibiotics (Cotrimaxozole and Injectable Gentamicin),1. Balance From Previous Month,0.0,0.0,0.0,0.0,0.0,0.0,0.0,0.0,0.0,0.0,0.0,0.0,0.0
South Garo Hills,16.3.09,Stock Position of Paediatrics Antibiotics (Cotrimaxozole and Injectable Gentamicin),2. Stocks Received,0.0,0.0,0.0,0.0,0.0,0.0,0.0,0.0,0.0,0.0,0.0,0.0,0.0
South Garo Hills,16.3.09,Stock Position of Paediatrics Antibiotics (Cotrimaxozole and Injectable Gentamicin),3. Unusable Stock,0.0,0.0,0.0,0.0,0.0,0.0,0.0,0.0,0.0,0.0,0.0,0.0,0.0
South Garo Hills,16.3.09,Stock Position of Paediatrics Antibiotics (Cotrimaxozole and Injectable Gentamicin),4. Stock Distributed,0.0,0.0,0.0,0.0,0.0,0.0,0.0,0.0,0.0,0.0,0.0,0.0,0.0
South Garo Hills,16.3.09,Stock Position of Paediatrics Antibiotics (Cotrimaxozole and Injectable Gentamicin),5. Total Stock,0.0,0.0,0.0,0.0,0.0,0.0,0.0,0.0,0.0,0.0,0.0,0.0,0.0
South Garo Hills,16.3.10,Stock Position of Vitamin A solution,1. Balance From Previous Month,0.0,0.0,0.0,0.0,0.0,0.0,0.0,0.0,0.0,0.0,0.0,0.0,0.0
South Garo Hills,16.3.10,Stock Position of Vitamin A solution,2. Stocks Received,0.0,0.0,0.0,0.0,0.0,0.0,0.0,0.0,0.0,0.0,0.0,0.0,0.0
South Garo Hills,16.3.10,Stock Position of Vitamin A solution,3. Unusable Stock,0.0,0.0,0.0,0.0,0.0,0.0,0.0,0.0,0.0,0.0,0.0,0.0,0.0
South Garo Hills,16.3.10,Stock Position of Vitamin A solution,4. Stock Distributed,0.0,0.0,0.0,0.0,0.0,0.0,0.0,0.0,0.0,0.0,0.0,0.0,0.0
South Garo Hills,16.3.10,Stock Position of Vitamin A solution,5. Total Stock,0.0,0.0,0.0,0.0,0.0,0.0,0.0,0.0,0.0,0.0,0.0,0.0,0.0
South Garo Hills,16.3.11,Stock of ORS (New WHO formulation),1. Balance From Previous Month,0.0,0.0,0.0,0.0,0.0,0.0,0.0,0.0,0.0,0.0,0.0,0.0,0.0
South Garo Hills,16.3.11,Stock of ORS (New WHO formulation),2. Stocks Received,0.0,0.0,0.0,0.0,0.0,0.0,0.0,0.0,0.0,0.0,0.0,0.0,0.0
South Garo Hills,16.3.11,Stock of ORS (New WHO formulation),3. Unusable Stock,0.0,0.0,0.0,0.0,0.0,0.0,0.0,0.0,0.0,0.0,0.0,0.0,0.0
South Garo Hills,16.3.11,Stock of ORS (New WHO formulation),4. Stock Distributed,0.0,0.0,0.0,0.0,0.0,0.0,0.0,0.0,0.0,0.0,0.0,0.0,0.0
South Garo Hills,16.3.11,Stock of ORS (New WHO formulation),5. Total Stock,0.0,0.0,0.0,0.0,0.0,0.0,0.0,0.0,0.0,0.0,0.0,0.0,0.0
South Garo Hills,16.4.1,Stock Position of 0.1 ml Syringes(AD),1. Balance From Previous Month,2380.0,1810.0,3310.0,3090.0,2790.0,2040.0,1740.0,4380.0,3950.0,3480.0,2730.0,1630.0,33330.0
South Garo Hills,16.4.1,Stock Position of 0.1 ml Syringes(AD),2. Stocks Received,0.0,3000.0,0.0,0.0,0.0,0.0,3000.0,0.0,0.0,1000.0,0.0,0.0,7000.0
South Garo Hills,16.4.1,Stock Position of 0.1 ml Syringes(AD),3. Unusable Stock,0.0,0.0,0.0,0.0,0.0,0.0,0.0,0.0,0.0,0.0,0.0,0.0,0.0
South Garo Hills,16.4.1,Stock Position of 0.1 ml Syringes(AD),4. Stock Distributed,570.0,1500.0,220.0,300.0,750.0,300.0,360.0,430.0,470.0,1750.0,1100.0,400.0,8150.0
South Garo Hills,16.4.1,Stock Position of 0.1 ml Syringes(AD),5. Total Stock,1810.0,3310.0,3090.0,2790.0,2040.0,1740.0,4380.0,3950.0,3480.0,2730.0,1630.0,1230.0,32180.0
South Garo Hills,16.4.2,Stock Position of 0.5 ml Syringes(AD),1. Balance From Previous Month,5250.0,1650.0,7050.0,4850.0,2650.0,6450.0,1650.0,7650.0,3650.0,850.0,12650.0,8650.0,63000.0
South Garo Hills,16.4.2,Stock Position of 0.5 ml Syringes(AD),2. Stocks Received,0.0,12000.0,0.0,0.0,9000.0,0.0,9000.0,0.0,0.0,12000.0,0.0,0.0,42000.0
South Garo Hills,16.4.2,Stock Position of 0.5 ml Syringes(AD),3. Unusable Stock,0.0,0.0,0.0,0.0,0.0,0.0,0.0,0.0,0.0,0.0,0.0,0.0,0.0
South Garo Hills,16.4.2,Stock Position of 0.5 ml Syringes(AD),4. Stock Distributed,3600.0,6600.0,2200.0,2200.0,5200.0,4800.0,3000.0,4000.0,2800.0,200.0,4000.0,4000.0,42600.0
South Garo Hills,16.4.2,Stock Position of 0.5 ml Syringes(AD),5. Total Stock,1650.0,7050.0,4850.0,2650.0,6450.0,1650.0,7650.0,3650.0,850.0,12650.0,8650.0,4650.0,62400.0
South Garo Hills,16.4.3,Stock Position of 5.0 ml Syringes(Disposable),1. Balance From Previous Month,766.0,166.0,116.0,116.0,101.0,101.0,51.0,51.0,51.0,51.0,551.0,376.0,2497.0
South Garo Hills,16.4.3,Stock Position of 5.0 ml Syringes(Disposable),2. Stocks Received,0.0,600.0,0.0,0.0,0.0,0.0,0.0,0.0,0.0,500.0,0.0,0.0,1100.0
South Garo Hills,16.4.3,Stock Position of 5.0 ml Syringes(Disposable),3. Unusable Stock,0.0,0.0,0.0,0.0,0.0,0.0,0.0,0.0,0.0,0.0,0.0,0.0,0.0
South Garo Hills,16.4.3,Stock Position of 5.0 ml Syringes(Disposable),4. Stock Distributed,600.0,650.0,0.0,15.0,0.0,50.0,0.0,0.0,0.0,0.0,175.0,190.0,1680.0
South Garo Hills,16.4.3,Stock Position of 5.0 ml Syringes(Disposable),5. Total Stock,166.0,116.0,116.0,101.0,101.0,51.0,51.0,51.0,51.0,551.0,376.0,186.0,1917.0
South Garo Hills,17.1,Number of cases of Infant deaths within 24 hrs of birth,TOTAL,,3.0,,,3.0,,,1.0,,,2.0,,9.0
South Garo Hills,17.2.1,Number of cases of Infant deaths 24 hours to 4 weeks of birth with the probable cause being Sepsis,1. Up to 1 Weeks of Birth,,,,,,,,,,,,,
South Garo Hills,17.2.1,Number of cases of Infant deaths 24 hours to 4 weeks of birth with the probable cause being Sepsis,2. Between 1 week & 4 weeks of birth,,,,,,,,,,,,,
South Garo Hills,17.2.1,Number of cases of Infant deaths 24 hours to 4 weeks of birth with the probable cause being Sepsis,3. Total,,,,,,,,,,,,,
South Garo Hills,17.2.2,Number of cases of Infant deaths 24 hours to 4 weeks of birth with the probable cause being Asphyxia,1. Up to 1 Weeks of Birth,,,,,,,,,,,,,
South Garo Hills,17.2.2,Number of cases of Infant deaths 24 hours to 4 weeks of birth with the probable cause being Asphyxia,2. Between 1 week & 4 weeks of birth,,,,,,,,,,,,,
South Garo Hills,17.2.2,Number of cases of Infant deaths 24 hours to 4 weeks of birth with the probable cause being Asphyxia,3. Total,,,,,,,,,,,,,
South Garo Hills,17.2.3,Number of cases of Infant deaths 24 hours to 4 weeks of birth with the probable cause being LBW,1. Up to 1 Weeks of Birth,,,,,,1.0,,,,,,,1.0
South Garo Hills,17.2.3,Number of cases of Infant deaths 24 hours to 4 weeks of birth with the probable cause being LBW,2. Between 1 week & 4 weeks of birth,,,,,,,,,,,,,
South Garo Hills,17.2.3,Number of cases of Infant deaths 24 hours to 4 weeks of birth with the probable cause being LBW,3. Total,,,,,,1.0,,,,,,,1.0
South Garo Hills,17.2.4,"Number of cases of Infant deaths 24 hours to 4 weeks of birth with the probable cause being other than Sepsis, Asphyxia and LBW",1. Up to 1 Weeks of Birth,,,,,,,1.0,1.0,,2.0,,1.0,5.0
South Garo Hills,17.2.4,"Number of cases of Infant deaths 24 hours to 4 weeks of birth with the probable cause being other than Sepsis, Asphyxia and LBW",2. Between 1 week & 4 weeks of birth,,,,1.0,,,,,,,,,1.0
South Garo Hills,17.2.4,"Number of cases of Infant deaths 24 hours to 4 weeks of birth with the probable cause being other than Sepsis, Asphyxia and LBW",3. Total,,,,1.0,,,1.0,1.0,,2.0,,1.0,6.0
South Garo Hills,17.3.1,Number of cases of Infant or Child deaths between 1 month to 5 years of age with the probable cause being Pneumonia,1. Between 1 month and 11 months,1.0,,,,,2.0,2.0,2.0,1.0,,1.0,1.0,10.0
South Garo Hills,17.3.1,Number of cases of Infant or Child deaths between 1 month to 5 years of age with the probable cause being Pneumonia,2. Between 1 year & 5 years,,,,,,,,1.0,1.0,,,,2.0
South Garo Hills,17.3.1,Number of cases of Infant or Child deaths between 1 month to 5 years of age with the probable cause being Pneumonia,3. Total,1.0,,,,,2.0,2.0,3.0,2.0,,1.0,1.0,12.0
South Garo Hills,17.3.2,Number of cases of Infant or Child deaths between 1 month to 5 years of age with the probable cause being Diarrhoea,1. Between 1 month and 11 months,,,,,,,2.0,,,,1.0,,3.0
South Garo Hills,17.3.2,Number of cases of Infant or Child deaths between 1 month to 5 years of age with the probable cause being Diarrhoea,2. Between 1 year & 5 years,,,,,,,,,,,,,
South Garo Hills,17.3.2,Number of cases of Infant or Child deaths between 1 month to 5 years of age with the probable cause being Diarrhoea,3. Total,,,,,,,2.0,,,,1.0,,3.0
South Garo Hills,17.3.3,Number of cases of Infant or Child deaths between 1 month to 5 years of age with the probable cause being Fever related,1. Between 1 month and 11 months,3.0,1.0,,1.0,,3.0,,4.0,4.0,6.0,3.0,3.0,28.0
South Garo Hills,17.3.3,Number of cases of Infant or Child deaths between 1 month to 5 years of age with the probable cause being Fever related,2. Between 1 year & 5 years,,,2.0,1.0,1.0,,1.0,,1.0,,,,6.0
South Garo Hills,17.3.3,Number of cases of Infant or Child deaths between 1 month to 5 years of age with the probable cause being Fever related,3. Total,3.0,1.0,2.0,2.0,1.0,3.0,1.0,4.0,5.0,6.0,3.0,3.0,34.0
South Garo Hills,17.3.4,Number of cases of Infant or Child deaths between 1 month to 5 years of age with the probable cause being Measles,1. Between 1 month and 11 months,,,,,,,,,,,,,
South Garo Hills,17.3.4,Number of cases of Infant or Child deaths between 1 month to 5 years of age with the probable cause being Measles,2. Between 1 year & 5 years,,,,,,,,,,,,,
South Garo Hills,17.3.4,Number of cases of Infant or Child deaths between 1 month to 5 years of age with the probable cause being Measles,3. Total,,,,,,,,,,,,,
South Garo Hills,17.3.5,"Number of cases of Infant or Child deaths between 1 month to 5 years of age with the probable cause being other than Pneumonia, Diarrhoea, Fever related and Measles",1. Between 1 month and 11 months,2.0,3.0,1.0,4.0,1.0,,6.0,3.0,3.0,2.0,1.0,3.0,29.0
South Garo Hills,17.3.5,"Number of cases of Infant or Child deaths between 1 month to 5 years of age with the probable cause being other than Pneumonia, Diarrhoea, Fever related and Measles",2. Between 1 year & 5 years,,,3.0,2.0,2.0,,2.0,4.0,1.0,,3.0,1.0,18.0
South Garo Hills,17.3.5,"Number of cases of Infant or Child deaths between 1 month to 5 years of age with the probable cause being other than Pneumonia, Diarrhoea, Fever related and Measles",3. Total,2.0,3.0,4.0,6.0,3.0,,8.0,7.0,4.0,2.0,4.0,4.0,47.0
South Garo Hills,17.4.1,Number of cases of Adolescent or Adult deaths (age 6 years & above) with the probable cause being Diarrhoeal diseases,1. 6-14 yrs,,,,,,,,,,,,,
South Garo Hills,17.4.1,Number of cases of Adolescent or Adult deaths (age 6 years & above) with the probable cause being Diarrhoeal diseases,2. 15-55 yrs.,,,,,,,,,,,,,
South Garo Hills,17.4.1,Number of cases of Adolescent or Adult deaths (age 6 years & above) with the probable cause being Diarrhoeal diseases,3. Above 55 yrs.,,,,,,,,,,,,,
South Garo Hills,17.4.1,Number of cases of Adolescent or Adult deaths (age 6 years & above) with the probable cause being Diarrhoeal diseases,4. Total,,,,,,,,,,,,,
South Garo Hills,17.4.2,Number of cases of Adolescent or Adult deaths (age 6 years & above) with the probable cause being Tuberculosis,1. 6-14 yrs,,,,,,,,,,,,,
South Garo Hills,17.4.2,Number of cases of Adolescent or Adult deaths (age 6 years & above) with the probable cause being Tuberculosis,2. 15-55 yrs.,,,,,1.0,,1.0,,1.0,1.0,,1.0,5.0
South Garo Hills,17.4.2,Number of cases of Adolescent or Adult deaths (age 6 years & above) with the probable cause being Tuberculosis,3. Above 55 yrs.,,,,,1.0,,1.0,,,,1.0,,3.0
South Garo Hills,17.4.2,Number of cases of Adolescent or Adult deaths (age 6 years & above) with the probable cause being Tuberculosis,4. Total,,,,,2.0,,2.0,,1.0,1.0,1.0,1.0,8.0
South Garo Hills,17.4.3,Number of cases of Adolescent or Adult deaths (age 6 years & above) with the probable cause being Respiratory diseases including infections,1. 6-14 yrs,,,,,,1.0,,,,,,,1.0
South Garo Hills,17.4.3,Number of cases of Adolescent or Adult deaths (age 6 years & above) with the probable cause being Respiratory diseases including infections,2. 15-55 yrs.,1.0,,,1.0,1.0,1.0,,,1.0,1.0,,,6.0
South Garo Hills,17.4.3,Number of cases of Adolescent or Adult deaths (age 6 years & above) with the probable cause being Respiratory diseases including infections,3. Above 55 yrs.,,,1.0,1.0,,2.0,,,,1.0,,,5.0
South Garo Hills,17.4.3,Number of cases of Adolescent or Adult deaths (age 6 years & above) with the probable cause being Respiratory diseases including infections,4. Total,1.0,,1.0,2.0,1.0,4.0,,,1.0,2.0,,,12.0
South Garo Hills,17.4.4,Number of cases of Adolescent or Adult deaths (age 6 years & above) with the probable cause being Malaria,1. 6-14 yrs,,,,1.0,,1.0,1.0,1.0,,,,,4.0
South Garo Hills,17.4.4,Number of cases of Adolescent or Adult deaths (age 6 years & above) with the probable cause being Malaria,2. 15-55 yrs.,,,,,,,,,2.0,,,1.0,3.0
South Garo Hills,17.4.4,Number of cases of Adolescent or Adult deaths (age 6 years & above) with the probable cause being Malaria,3. Above 55 yrs.,,,,,,,,,,,,,
South Garo Hills,17.4.4,Number of cases of Adolescent or Adult deaths (age 6 years & above) with the probable cause being Malaria,4. Total,,,,1.0,,1.0,1.0,1.0,2.0,,,1.0,7.0
South Garo Hills,17.4.5,Number of cases of Adolescent or Adult deaths (age 6 years & above) with the probable cause being other Fever related,1. 6-14 yrs,,,1.0,,,,,,,,,,1.0
South Garo Hills,17.4.5,Number of cases of Adolescent or Adult deaths (age 6 years & above) with the probable cause being other Fever related,2. 15-55 yrs.,2.0,2.0,2.0,1.0,,2.0,5.0,1.0,2.0,,,1.0,18.0
South Garo Hills,17.4.5,Number of cases of Adolescent or Adult deaths (age 6 years & above) with the probable cause being other Fever related,3. Above 55 yrs.,1.0,1.0,1.0,,,,,1.0,,,2.0,1.0,7.0
South Garo Hills,17.4.5,Number of cases of Adolescent or Adult deaths (age 6 years & above) with the probable cause being other Fever related,4. Total,3.0,3.0,4.0,1.0,,2.0,5.0,2.0,2.0,,2.0,2.0,26.0
South Garo Hills,17.4.6,Number of cases of Adolescent or Adult deaths (age 6 years & above) with the probable cause being HIV/AIDS,1. 6-14 yrs,,,,,,,,,,,,,
South Garo Hills,17.4.6,Number of cases of Adolescent or Adult deaths (age 6 years & above) with the probable cause being HIV/AIDS,2. 15-55 yrs.,,,,,,,,,,,,,
South Garo Hills,17.4.6,Number of cases of Adolescent or Adult deaths (age 6 years & above) with the probable cause being HIV/AIDS,3. Above 55 yrs.,,,,,,,,,,,,,
South Garo Hills,17.4.6,Number of cases of Adolescent or Adult deaths (age 6 years & above) with the probable cause being HIV/AIDS,4. Total,,,,,,,,,,,,,
South Garo Hills,17.4.7,Number of cases of Adolescent or Adult deaths (age 6 years & above) with the probable cause being Heart disease or related to Hypertension,1. 6-14 yrs,,,,,,,,,,,,,
South Garo Hills,17.4.7,Number of cases of Adolescent or Adult deaths (age 6 years & above) with the probable cause being Heart disease or related to Hypertension,2. 15-55 yrs.,,,,,,1.0,,,,1.0,,,2.0
South Garo Hills,17.4.7,Number of cases of Adolescent or Adult deaths (age 6 years & above) with the probable cause being Heart disease or related to Hypertension,3. Above 55 yrs.,,,,1.0,1.0,7.0,,,,,,2.0,11.0
South Garo Hills,17.4.7,Number of cases of Adolescent or Adult deaths (age 6 years & above) with the probable cause being Heart disease or related to Hypertension,4. Total,,,,1.0,1.0,8.0,,,,1.0,,2.0,13.0
South Garo Hills,17.4.8,Number of cases of Adolescent or Adult deaths (age 6 years & above) with the probable cause being Neurological disease including strokes,1. 6-14 yrs,,,,,,,,,,,,,
South Garo Hills,17.4.8,Number of cases of Adolescent or Adult deaths (age 6 years & above) with the probable cause being Neurological disease including strokes,2. 15-55 yrs.,1.0,,,1.0,,1.0,,,1.0,,1.0,,5.0
South Garo Hills,17.4.8,Number of cases of Adolescent or Adult deaths (age 6 years & above) with the probable cause being Neurological disease including strokes,3. Above 55 yrs.,,,,2.0,,2.0,,,,,,,4.0
South Garo Hills,17.4.8,Number of cases of Adolescent or Adult deaths (age 6 years & above) with the probable cause being Neurological disease including strokes,4. Total,1.0,,,3.0,,3.0,,,1.0,,1.0,,9.0
South Garo Hills,17.4.9(a),Number of cases of Maternal deaths (age 15-49 years) with the probable cause being Abortion,1. 6-14 yrs,,,,,,,,,,,,,
South Garo Hills,17.4.9(a),Number of cases of Maternal deaths (age 15-49 years) with the probable cause being Abortion,2. 15-49 yrs,,,,,,,,,,,,,
South Garo Hills,17.4.9(a),Number of cases of Maternal deaths (age 15-49 years) with the probable cause being Abortion,3. Above 49 yrs.,,,,,,,,,,,,,
South Garo Hills,17.4.9(a),Number of cases of Maternal deaths (age 15-49 years) with the probable cause being Abortion,4. Total,,,,,,,,,,,,,
South Garo Hills,17.4.9(b),Number of cases of Maternal deaths (age 15-49 years) with the probable cause being Obstructed or prolonged labour,1. 6-14 yrs,,,,,,,,,,,,,
South Garo Hills,17.4.9(b),Number of cases of Maternal deaths (age 15-49 years) with the probable cause being Obstructed or prolonged labour,2. 15-49 yrs,,,,,,,,,,1.0,,,1.0
South Garo Hills,17.4.9(b),Number of cases of Maternal deaths (age 15-49 years) with the probable cause being Obstructed or prolonged labour,3. Above 49 yrs.,,,,,,,,,,,,,
South Garo Hills,17.4.9(b),Number of cases of Maternal deaths (age 15-49 years) with the probable cause being Obstructed or prolonged labour,4. Total,,,,,,,,,,1.0,,,1.0
South Garo Hills,17.4.9(c),Number of cases of Maternal deaths (age 15-49 years) with the probable cause being Severe hypertesnion or fits,1. 6-14 yrs,,,,,,,,,,,,,
South Garo Hills,17.4.9(c),Number of cases of Maternal deaths (age 15-49 years) with the probable cause being Severe hypertesnion or fits,2. 15-49 yrs,,,,,,,,,,,,,
South Garo Hills,17.4.9(c),Number of cases of Maternal deaths (age 15-49 years) with the probable cause being Severe hypertesnion or fits,3. Above 49 yrs.,,,,,,,,,,,,,
South Garo Hills,17.4.9(c),Number of cases of Maternal deaths (age 15-49 years) with the probable cause being Severe hypertesnion or fits,4. Total,,,,,,,,,,,,,
South Garo Hills,17.4.9(d),Number of cases of Maternal deaths (age 15-49 years) with the probable cause being Bleeding,1. 6-14 yrs,,,,,,,,,,,,,
South Garo Hills,17.4.9(d),Number of cases of Maternal deaths (age 15-49 years) with the probable cause being Bleeding,2. 15-49 yrs,,,,,,1.0,,,,,,,1.0
South Garo Hills,17.4.9(d),Number of cases of Maternal deaths (age 15-49 years) with the probable cause being Bleeding,3. Above 49 yrs.,,,,,,,,,,,,,
South Garo Hills,17.4.9(d),Number of cases of Maternal deaths (age 15-49 years) with the probable cause being Bleeding,4. Total,,,,,,1.0,,,,,,,1.0
South Garo Hills,17.4.9(e),Number of cases of Maternal deaths (age 15-49 years) with the probable cause being High Fever,1. 6-14 yrs,,,,,,,,,,,,,
South Garo Hills,17.4.9(e),Number of cases of Maternal deaths (age 15-49 years) with the probable cause being High Fever,2. 15-49 yrs,,,,,,,,,,,,,
South Garo Hills,17.4.9(e),Number of cases of Maternal deaths (age 15-49 years) with the probable cause being High Fever,3. Above 49 yrs.,,,,,,,,,,,,,
South Garo Hills,17.4.9(e),Number of cases of Maternal deaths (age 15-49 years) with the probable cause being High Fever,4. Total,,,,,,,,,,,,,
South Garo Hills,17.4.9(f),Number of cases of Maternal deaths (age 15-49 years) with the probable cause being other causes (excluding abortion; obstructed or prolonged labour; severe hypertension or fits;,1. 6-14 yrs,,,,,,,,,,,,,
South Garo Hills,17.4.9(f),Number of cases of Maternal deaths (age 15-49 years) with the probable cause being other causes (excluding abortion; obstructed or prolonged labour; severe hypertension or fits;,2. 15-49 yrs,2.0,2.0,,1.0,1.0,1.0,,2.0,,1.0,,2.0,12.0
South Garo Hills,17.4.9(f),Number of cases of Maternal deaths (age 15-49 years) with the probable cause being other causes (excluding abortion; obstructed or prolonged labour; severe hypertension or fits;,3. Above 49 yrs.,,,,,,,,,,,,,
South Garo Hills,17.4.9(f),Number of cases of Maternal deaths (age 15-49 years) with the probable cause being other causes (excluding abortion; obstructed or prolonged labour; severe hypertension or fits;,4. Total,2.0,2.0,,1.0,1.0,1.0,,2.0,,1.0,,2.0,12.0
South Garo Hills,17.4.10,Number of cases of Adolescent or Adult deaths (age 6 years & above) with the probable cause being Trauma or Accidents or Burn cases,1. 6-14 yrs,,,1.0,,,,,,,2.0,,,3.0
South Garo Hills,17.4.10,Number of cases of Adolescent or Adult deaths (age 6 years & above) with the probable cause being Trauma or Accidents or Burn cases,2. 15-55 yrs.,1.0,2.0,,1.0,,,1.0,1.0,,1.0,1.0,2.0,10.0
South Garo Hills,17.4.10,Number of cases of Adolescent or Adult deaths (age 6 years & above) with the probable cause being Trauma or Accidents or Burn cases,3. Above 55 yrs.,,,,,,,,,1.0,,,,1.0
South Garo Hills,17.4.10,Number of cases of Adolescent or Adult deaths (age 6 years & above) with the probable cause being Trauma or Accidents or Burn cases,4. Total,1.0,2.0,1.0,1.0,,,1.0,1.0,1.0,3.0,1.0,2.0,14.0
South Garo Hills,17.4.11,Number of cases of Adolescent or Adult deaths (age 6 years & above) with the probable cause being suicide,1. 6-14 yrs,,,,,,,,,,,,,
South Garo Hills,17.4.11,Number of cases of Adolescent or Adult deaths (age 6 years & above) with the probable cause being suicide,2. 15-55 yrs.,,,,,,,,,,,3.0,,3.0
South Garo Hills,17.4.11,Number of cases of Adolescent or Adult deaths (age 6 years & above) with the probable cause being suicide,3. Above 55 yrs.,,,,,,,,,,,1.0,,1.0
South Garo Hills,17.4.11,Number of cases of Adolescent or Adult deaths (age 6 years & above) with the probable cause being suicide,4. Total,,,,,,,,,,,4.0,,4.0
South Garo Hills,17.4.12,Number of cases of Adolescent or Adult deaths (age 6 years & above) with the probable cause being Animal bites and stings,1. 6-14 yrs,,,,1.0,,,,,,,,,1.0
South Garo Hills,17.4.12,Number of cases of Adolescent or Adult deaths (age 6 years & above) with the probable cause being Animal bites and stings,2. 15-55 yrs.,,,1.0,,,,,,,,,,1.0
South Garo Hills,17.4.12,Number of cases of Adolescent or Adult deaths (age 6 years & above) with the probable cause being Animal bites and stings,3. Above 55 yrs.,,,,,,,,,,,,,
South Garo Hills,17.4.12,Number of cases of Adolescent or Adult deaths (age 6 years & above) with the probable cause being Animal bites and stings,4. Total,,,1.0,1.0,,,,,,,,,2.0
South Garo Hills,17.4.13(a),Number of cases of Adolescent or Adult deaths (age 6 years & above) with the probable cause being Known Acute disease,1. 6-14 yrs,,,,,,,,,,,,,
South Garo Hills,17.4.13(a),Number of cases of Adolescent or Adult deaths (age 6 years & above) with the probable cause being Known Acute disease,2. 15-55 yrs.,,,,,1.0,1.0,,,,1.0,,,3.0
South Garo Hills,17.4.13(a),Number of cases of Adolescent or Adult deaths (age 6 years & above) with the probable cause being Known Acute disease,3. Above 55 yrs.,,,,,,,,,,1.0,,,1.0
South Garo Hills,17.4.13(a),Number of cases of Adolescent or Adult deaths (age 6 years & above) with the probable cause being Known Acute disease,4. Total,,,,,1.0,1.0,,,,2.0,,,4.0
South Garo Hills,17.4.13(b),Number of cases of Adolescent or Adult deaths (age 6 years & above) with the probable cause being Known Chronic disease,1. 6-14 yrs,,,,,,,,,,,,,
South Garo Hills,17.4.13(b),Number of cases of Adolescent or Adult deaths (age 6 years & above) with the probable cause being Known Chronic disease,2. 15-55 yrs.,2.0,1.0,,,2.0,1.0,1.0,,,,1.0,,8.0
South Garo Hills,17.4.13(b),Number of cases of Adolescent or Adult deaths (age 6 years & above) with the probable cause being Known Chronic disease,3. Above 55 yrs.,,,,,,,1.0,,1.0,,1.0,1.0,4.0
South Garo Hills,17.4.13(b),Number of cases of Adolescent or Adult deaths (age 6 years & above) with the probable cause being Known Chronic disease,4. Total,2.0,1.0,,,2.0,1.0,2.0,,1.0,,2.0,1.0,12.0
South Garo Hills,17.4.13(c),Number of cases of Adolescent or Adult deaths (age 6 years & above) where the cause was not known,1. 6-14 yrs,2.0,1.0,1.0,2.0,2.0,1.0,2.0,2.0,,,1.0,2.0,16.0
South Garo Hills,17.4.13(c),Number of cases of Adolescent or Adult deaths (age 6 years & above) where the cause was not known,2. 15-55 yrs.,7.0,7.0,10.0,6.0,4.0,5.0,8.0,10.0,6.0,11.0,5.0,9.0,88.0
South Garo Hills,17.4.13(c),Number of cases of Adolescent or Adult deaths (age 6 years & above) where the cause was not known,3. Above 55 yrs.,5.0,10.0,13.0,3.0,3.0,5.0,7.0,8.0,7.0,7.0,9.0,7.0,84.0
South Garo Hills,17.4.13(c),Number of cases of Adolescent or Adult deaths (age 6 years & above) where the cause was not known,4. Total,14.0,18.0,24.0,11.0,9.0,11.0,17.0,20.0,13.0,18.0,15.0,18.0,188.0
South West Garo Hills,1.1,Total number of pregnant women Registered for ANC,TOTAL,,,,,,,,,4.0,,,,4.0
South West Garo Hills,1.1.1,Of which Number registered within first trimester (within 12 weeks),TOTAL,,,,,,,,,4.0,,,,4.0
South West Garo Hills,1.2,Number of Pregnant women registered under JSY,TOTAL,,,,,,,,,4.0,,,,4.0
South West Garo Hills,1.3,Number of pregnant women received 3 ANC check ups during pregnancy,TOTAL,,,,,,,,,4.0,,,,4.0
South West Garo Hills,1.4.1,Number of pregnant women given TT1 during current pregnancy,TOTAL,,,,,,,,,2.0,,,,2.0
South West Garo Hills,1.4.2,Number of pregnant women given TT2 or Booster during current pregnancy,TOTAL,,,,,,,,,0.0,,,,0.0
South West Garo Hills,1.5,Total number of pregnant women given 100 IFA tablets,TOTAL,,,,,,,,,2.0,,,,2.0
South West Garo Hills,1.6.1,Number of new cases of Hypertension (BP>140/90) detected in Pregnant women at the institution,TOTAL,,,,,,,,,2.0,,,,2.0
South West Garo Hills,1.6.2,Number of Eclampsia cases managed during delivery,TOTAL,,,,,,,,,0.0,,,,0.0
South West Garo Hills,1.7.1,Number of Pregnant women with anaemia i.e. Hb level<11 (tested cases),TOTAL,,,,,,,,,4.0,,,,4.0
South West Garo Hills,1.7.2,Number of Pregnant women having severe anaemia (Hb<7) treated at institution,TOTAL,,,,,,,,,,,,,
South West Garo Hills,1.8,Number of pregnancy test kits used at SC level,TOTAL,,,,,,,,,,,,,
South West Garo Hills,2.1.1.a,Number of deliveries conducted at Home and attended by trained SBA(i.e. Doctor or Nurse or ANM),TOTAL,,,,,,,,,,,,,
South West Garo Hills,2.1.1.b,Number of deliveries conducted at Home and attended by non trained SBA (i.e. trained TBA or Relatives etc.),TOTAL,,,,,,,,,,,,,
South West Garo Hills,2.1.1.c,Total number of deliveries conducted at Home and attended by trained or non-trained SBA (i.e. sum of 2.1.1.a and 2.1.1.b),TOTAL,,,,,,,,,,,,,
South West Garo Hills,2.1.2,Number of newborns visited within 24 hours of delivery for deliveries conducted at home,TOTAL,,,,,,,,,,,,,
South West Garo Hills,2.1.3,Number of mothers paid JSY incentive for deliveries conducted at home,TOTAL,,,,,,,,,,,,,
South West Garo Hills,2.2,Deliveries conducted at Public Institutions (Including C-Sections),TOTAL,,,,,,,,,4.0,,,,4.0
South West Garo Hills,2.2.1,"Out of 2.2, Number discharged under 48 hours of delivery",TOTAL,,,,,,,,,4.0,,,,4.0
South West Garo Hills,2.2.2.a,Number of mothers paid JSY Incentive for deliveries conducted at Public Institutions,TOTAL,,,,,,,,,4.0,,,,4.0
South West Garo Hills,2.2.2.b,Number of ASHAs paid JSY Incentive for deliveries conducted at Public Institutions,TOTAL,,,,,,,,,4.0,,,,4.0
South West Garo Hills,2.2.2.c,Number of cases of deliveries conducted at Public Institutions where JSY incentive was paid to ANMs or AWWs [only for High Performing States (HPS)],TOTAL,,,,,,,,,0.0,,,,0.0
South West Garo Hills,2.3,Deliveries conducted at Private Institutions (Including C-Sections),TOTAL,,,,,,,,,,,,,
South West Garo Hills,2.3.1.a,Number of mothers paid JSY Incentive for deliveries conducted at accredited Private Institutions,TOTAL,,,,,,,,,,,,,
South West Garo Hills,2.3.1.b,Number of ASHAs paid JSY Incentive for deliveries conducted at accredited Private Institutions,TOTAL,,,,,,,,,,,,,
South West Garo Hills,2.3.1.c,Number of cases of deliveries conducted at accredited Private Institutions where JSY incentive was paid to ANMs or AWWs [only for High Performing States (HPS)],TOTAL,,,,,,,,,,,,,
South West Garo Hills,3.1.1,Number of Caesarean (C-Section) deliveries performed at PHCs (Primary Health Centre),TOTAL,,,,,,,,,0.0,,,,0.0
South West Garo Hills,3.1.2,Number of Caesarean (C-Section) deliveries performed at CHCs (Community Health Centre),TOTAL,,,,,,,,,,,,,
South West Garo Hills,3.1.3,Number of Caesarean (C-Section) deliveries performed at SDHs (Sub-divisional Hospital) or DHs (District Hospital),TOTAL,,,,,,,,,,,,,
South West Garo Hills,3.1.4,Number of Caesarean (C-Section) deliveries performed at other State owned public institutions,TOTAL,,,,,,,,,,,,,
South West Garo Hills,3.1.5,"Total Number of Caesarean (C-Section) deliveries performed at Public facilities i.e. PHC, CHC, SDH, DH and other State owned public institutions (sum of items from 3.1.1 to 3.1.4)",TOTAL,,,,,,,,,0.0,,,,0.0
South West Garo Hills,3.2,No. of C-section deliveries performed at Private facilities,TOTAL,,,,,,,,,,,,,
South West Garo Hills,4.1.1.a,Number of male live births,TOTAL,,,,,,,,,2.0,,,,2.0
South West Garo Hills,4.1.1.b,Number of female live births,TOTAL,,,,,,,,,2.0,,,,2.0
South West Garo Hills,4.1.1.c,Total number of male and female live births (4.1.1.a and 4.1.1.b),TOTAL,,,,,,,,,4.0,,,,4.0
South West Garo Hills,4.1.2,Number of still births,TOTAL,,,,,,,,,0.0,,,,0.0
South West Garo Hills,4.1.3,Number of Abortions (spontaneous or induced),TOTAL,,,,,,,,,0.0,,,,0.0
South West Garo Hills,4.2.1,Number of Newborns weighed at birth,TOTAL,,,,,,,,,4.0,,,,4.0
South West Garo Hills,4.2.2,Number of Newborns having weight less than 2.5 kg,TOTAL,,,,,,,,,0.0,,,,0.0
South West Garo Hills,4.3,Number of Newborns breast fed within 1 hour of birth,TOTAL,,,,,,,,,4.0,,,,4.0
South West Garo Hills,5.1.1,Number of cases of pregnant women with Obstetric Complications and attended at PHCs,TOTAL,,,,,,,,,0.0,,,,0.0
South West Garo Hills,5.1.2,Number of cases of pregnant women with Obstetric Complications and attended at CHCs,TOTAL,,,,,,,,,,,,,
South West Garo Hills,5.1.3,Number of cases of pregnant women with Obstetric Complications and attended at SDHs or DHs,TOTAL,,,,,,,,,,,,,
South West Garo Hills,5.1.4,Number of cases of pregnant women with Obstetric Complications and attended at other State owned public institutions,TOTAL,,,,,,,,,,,,,
South West Garo Hills,5.1.5,"Number of cases of pregnant women with Obstetric Complications and attended at Public facilities i.e. PHC, CHC, SDH, DH and other State owned public institutions (sum of items from 5.1.1 to 5.1.4)",TOTAL,,,,,,,,,0.0,,,,0.0
South West Garo Hills,5.2,Number of cases of pregnant women with Obstetric Complications and attended at Private facilities,TOTAL,,,,,,,,,,,,,
South West Garo Hills,5.3.1,Number of cases of complicated pregnancies treated with IV antibiotics,TOTAL,,,,,,,,,0.0,,,,0.0
South West Garo Hills,5.3.2,Number of cases of complicated pregnancies treated with IV Antihypertensive/Magsulph injection,TOTAL,,,,,,,,,0.0,,,,0.0
South West Garo Hills,5.3.3,Number of cases of complicated pregnancies treated with IV Oxytocis,TOTAL,,,,,,,,,0.0,,,,0.0
South West Garo Hills,5.3.4,Number of cases of complicated pregnancies treated with Blood Transfusion,TOTAL,,,,,,,,,,,,,
South West Garo Hills,6.1,Women getting post partum check-up within 48 hours after delivery,TOTAL,,,,,,,,,4.0,,,,4.0
South West Garo Hills,6.2,Women getting a post partum check up between 48 hours and 14 days after delivery,TOTAL,,,,,,,,,4.0,,,,4.0
South West Garo Hills,6.3,PNC maternal complications attended,TOTAL,,,,,,,,,0.0,,,,0.0
South West Garo Hills,7.1.1,Number of MTPs conducted at Public Institutions up to 12 weeks of pregnancy,TOTAL,,,,,,,,,0.0,,,,0.0
South West Garo Hills,7.1.2,Number of MTPs conducted at Public Institutions for more than 12 weeks of pregnancy,TOTAL,,,,,,,,,0.0,,,,0.0
South West Garo Hills,7.1.3,Total number of MTPs conducted at Public Institutions (sum of items 7.1.1 and 7.1.2),TOTAL,,,,,,,,,0.0,,,,0.0
South West Garo Hills,7.2,Number of MTPs conducted at Private Facilities,TOTAL,,,,,,,,,0.0,,,,0.0
South West Garo Hills,8.1.a,Number of new cases of RTI/STI in males for which treatment was initiated,TOTAL,,,,,,,,,0.0,,,,0.0
South West Garo Hills,8.1.b,Number of new cases of RTI/STI in females for which treatment was initiated,TOTAL,,,,,,,,,0.0,,,,0.0
South West Garo Hills,8.1.c,Total number of new cases of RTI/STI in males and females for which treatment was initiated (sum of items 8.1.a and 8.1.b),TOTAL,,,,,,,,,0.0,,,,0.0
South West Garo Hills,8.2,Number of suspected RTI/STI cases for whom wet mount test was conducted,TOTAL,,,,,,,,,0.0,,,,0.0
South West Garo Hills,9.1.1.a,Number of NSV (No Scalpel Vasectomy) or Conventional Vasectomy conducted at PHCs,TOTAL,,,,,,,,,0.0,,,,0.0
South West Garo Hills,9.1.1.b,Number of NSV or Conventional Vasectomy conducted at CHCs,TOTAL,,,,,,,,,,,,,
South West Garo Hills,9.1.1.c,Number of NSV or Conventional Vasectomy conducted at SDHs or DHs,TOTAL,,,,,,,,,,,,,
South West Garo Hills,9.1.1.d,Number of NSV or Conventional Vasectomy conducted at other State owned public institutions,TOTAL,,,,,,,,,,,,,
South West Garo Hills,9.1.1.e,"Total Number of NSV or Conventional Vasectomy conducted at Public facilities i.e. PHC, CHC, SDH, DH and other State owned public institutions (sum of items from 9.1.1.a to 9.1.1.d)",TOTAL,,,,,,,,,0.0,,,,0.0
South West Garo Hills,9.1.2,Number of NSV or Conventional Vasectomy conducted at Private facilities,TOTAL,,,,,,,,,,,,,
South West Garo Hills,9.2.1.a,Number of Laparoscopic sterilizations conducted at PHCs,TOTAL,,,,,,,,,0.0,,,,0.0
South West Garo Hills,9.2.1.b,Number of Laparoscopic sterilizations conducted at CHCs,TOTAL,,,,,,,,,,,,,
South West Garo Hills,9.2.1.c,Number of Laparoscopic sterilizations conducted at SDHs or DHs,TOTAL,,,,,,,,,,,,,
South West Garo Hills,9.2.1.d,Number of Laparoscopic sterilizations conducted at other State owned public institutions,TOTAL,,,,,,,,,,,,,
South West Garo Hills,9.2.1.e,"Total Number of Laparoscopic sterilizations conducted at Public facilities i.e. PHC, CHC, SDH, DH and other State owned public institutions (sum of items from 9.2.1.a to 9.2.1.d)",TOTAL,,,,,,,,,0.0,,,,0.0
South West Garo Hills,9.2.2,Number of Laparoscopic sterilizations conducted at Private facilities,TOTAL,,,,,,,,,,,,,
South West Garo Hills,9.3.1.a,Number of Mini-lap sterilizations conducted at PHCs,TOTAL,,,,,,,,,0.0,,,,0.0
South West Garo Hills,9.3.1.b,Number of Mini-lap sterilizations conducted at CHCs,TOTAL,,,,,,,,,,,,,
South West Garo Hills,9.3.1.c,Number of Mini-lap sterilizations conducted at SDHs or DHs,TOTAL,,,,,,,,,,,,,
South West Garo Hills,9.3.1.d,Number of Mini-lap sterilizations conducted at other State owned public institutions,TOTAL,,,,,,,,,,,,,
South West Garo Hills,9.3.1.e,"Total Number of Mini-lap sterilizations conducted at Public facilities i.e. PHC, CHC, SDH, DH and other State owned public institutions (sum of items from 9.3.1.a to 9.3.1.d)",TOTAL,,,,,,,,,0.0,,,,0.0
South West Garo Hills,9.3.2,Number of Mini-lap sterilizations conducted at Private facilities,TOTAL,,,,,,,,,,,,,
South West Garo Hills,9.4.1.a,Number of Post-Partum sterilizations conducted at PHCs,TOTAL,,,,,,,,,0.0,,,,0.0
South West Garo Hills,9.4.1.b,Number of Post-Partum sterilizations conducted at CHCs,TOTAL,,,,,,,,,,,,,
South West Garo Hills,9.4.1.c,Number of Post-Partum sterilizations conducted at SDHs or DHs,TOTAL,,,,,,,,,,,,,
South West Garo Hills,9.4.1.d,Number of Post-Partum sterilizations conducted at other State owned public institutions,TOTAL,,,,,,,,,,,,,
South West Garo Hills,9.4.1.e,"Total Number of Post-Partum sterilizations conducted at Public facilities i.e. PHC, CHC, SDH, DH and other State owned public institutions (sum of items from 9.4.1.a to 9.4.1.d)",TOTAL,,,,,,,,,0.0,,,,0.0
South West Garo Hills,9.4.2,Number of Post-Partum sterilizations conducted at Private facilities,TOTAL,,,,,,,,,,,,,
South West Garo Hills,9.5.1.a,Number of IUCD Insertions conducted at SCs,TOTAL,,,,,,,,,,,,,
South West Garo Hills,9.5.1.b,Number of IUCD Insertions conducted at PHCs,TOTAL,,,,,,,,,0.0,,,,0.0
South West Garo Hills,9.5.1.c,Number of IUCD Insertions conducted at CHCs,TOTAL,,,,,,,,,,,,,
South West Garo Hills,9.5.1.d,Number of IUCD Insertions conducted at SDHs or DHs,TOTAL,,,,,,,,,,,,,
South West Garo Hills,9.5.1.e,Number of IUCD Insertions conducted at other State owned public institutions,TOTAL,,,,,,,,,,,,,
South West Garo Hills,9.5.1.f,"Total Number of IUCD Insertions conducted at Public facilities i.e. SC, PHC, CHC, SDH, DH and other State owned public institutions (sum of items from 9.5.1.a to 9.5.1.e)",TOTAL,,,,,,,,,0.0,,,,0.0
South West Garo Hills,9.5.1A,"Out of above total, Post Partum (within 48 hours of delivery) IUCD insertions",TOTAL,,,,,,,,,,,,,
South West Garo Hills,9.5.2,Number of IUCD Insertions conducted at Private facilities,TOTAL,,,,,,,,,,,,,
South West Garo Hills,9.06,Number of IUCD removals,TOTAL,,,,,,,,,0.0,,,,0.0
South West Garo Hills,9.07,Number of Oral Pills cycles distributed,TOTAL,,,,,,,,,0.0,,,,0.0
South West Garo Hills,9.08,Number of Condom pieces distributed,TOTAL,,,,,,,,,0.0,,,,0.0
South West Garo Hills,9.09,Number of Centchroman (weekly) pills given,TOTAL,,,,,,,,,0.0,,,,0.0
South West Garo Hills,9.10,Number of Emergency Contraceptive Pills distributed,TOTAL,,,,,,,,,0.0,,,,0.0
South West Garo Hills,9.11.1.a,Number of cases of complications following male sterilization,TOTAL,,,,,,,,,0.0,,,,0.0
South West Garo Hills,9.11.1.b,Number of cases of complications following female sterilization,TOTAL,,,,,,,,,0.0,,,,0.0
South West Garo Hills,9.11.2.a,Number of failures following male sterilization,TOTAL,,,,,,,,,0.0,,,,0.0
South West Garo Hills,9.11.2.b,Number of failures following female sterilization,TOTAL,,,,,,,,,0.0,,,,0.0
South West Garo Hills,9.11.3.a,Number of deaths following male sterilization,TOTAL,,,,,,,,,0.0,,,,0.0
South West Garo Hills,9.11.3.b,Number of deaths following female sterilization,TOTAL,,,,,,,,,0.0,,,,0.0
South West Garo Hills,9.12,Number of Institutions having NSV trained doctors,TOTAL,,,,,,,,,,,,,-1.0
South West Garo Hills,10.1.01,Number of Infants (0 to 11 months old)received BCG immunisation,TOTAL,,,,,,,,,3.0,,,,3.0
South West Garo Hills,10.1.02,Number of Infants (0 to 11 months old) received DPT1 immunisation,TOTAL,,,,,,,,,2.0,,,,2.0
South West Garo Hills,10.1.03,Number of Infants (0 to 11 months old) received DPT2 immunisation,TOTAL,,,,,,,,,2.0,,,,2.0
South West Garo Hills,10.1.04,Number of Infants (0 to 11 months old) received DPT3 immunisation,TOTAL,,,,,,,,,4.0,,,,4.0
South West Garo Hills,10.1.04A,Number of Infants (0 to 11 months old) received Pentavalent1 immunisation,TOTAL,,,,,,,,,,,,,
South West Garo Hills,10.1.04B,Number of Infants (0 to 11 months old) received Pentavalent2 immunisation,TOTAL,,,,,,,,,,,,,
South West Garo Hills,10.1.04C,Number of Infants (0 to 11 months old) received Pentavalent3 immunisation,TOTAL,,,,,,,,,,,,,
South West Garo Hills,10.1.05,Number of Infants (0 to 11 months old) received OPV 0 (Birth Dose),TOTAL,,,,,,,,,4.0,,,,4.0
South West Garo Hills,10.1.06,Number of Infants (0 to 11 months old) received OPV1 (First Dose),TOTAL,,,,,,,,,2.0,,,,2.0
South West Garo Hills,10.1.07,Number of Infants (0 to 11 months old) received OPV2 (Second Dose),TOTAL,,,,,,,,,2.0,,,,2.0
South West Garo Hills,10.1.08,Number of Infants (0 to 11 months old) received OPV3 (Third Dose),TOTAL,,,,,,,,,4.0,,,,4.0
South West Garo Hills,10.1.09A,Number of Infants (upto 48 hrs of age) received Hepatitis-B0 immunisation,TOTAL,,,,,,,,,4.0,,,,4.0
South West Garo Hills,10.1.09,Number of Infants (0 to 11 months old) received Hepatitis-B1 immunisation,TOTAL,,,,,,,,,3.0,,,,3.0
South West Garo Hills,10.1.10,Number of Infants (0 to 11 months old) received Hepatitis-B2 immunisation,TOTAL,,,,,,,,,2.0,,,,2.0
South West Garo Hills,10.1.11,Number of Infants (0 to 11 months old) received Hepatitis-B3 immunisation,TOTAL,,,,,,,,,2.0,,,,2.0
South West Garo Hills,10.1.12,Number of Infants (0 to 11 months old) received Measles immunisation (First Dose),TOTAL,,,,,,,,,0.0,,,,0.0
South West Garo Hills,10.1.12B,Number of Infants (more than 16 months old) received Measles immunisation (Second Dose),TOTAL,,,,,,,,,0.0,,,,0.0
South West Garo Hills,10.1A,No. of Children aged 9 to 12 months who received JE 1st dose,TOTAL,,,,,,,,,,,,,
South West Garo Hills,10.1.13.a,Total number of male children (9 to 11 months old) fully immunised (BCG+DPT123/Pentavalent123+OPV123+Measles) during the month,TOTAL,,,,,,,,,0.0,,,,0.0
South West Garo Hills,10.1.13.b,Total number of female children (9 to 11 months old) fully immunised (BCG+DPT123/Pentavalent123+OPV123+Measles) during the month,TOTAL,,,,,,,,,0.0,,,,0.0
South West Garo Hills,10.1.13.c,Total number of children (9 to 11 months old) fully immunised (BCG+DPT123/Pentavalent123+OPV123+Measles) during the month (sum of items 10.1.13.a and 10.1.13.b),TOTAL,,,,,,,,,0.0,,,,0.0
South West Garo Hills,10.2.1,Number of Infants (more than 16 months old) received DPT Booster dose,TOTAL,,,,,,,,,2.0,,,,2.0
South West Garo Hills,10.2.2,Number of Infants (more than 16 months old) received OPV Booster dose,TOTAL,,,,,,,,,2.0,,,,2.0
South West Garo Hills,10.2.3,"Number of Infants (more than 16 months old) received Measles, Mumps, Rubella (MMR) Vaccination",TOTAL,,,,,,,,,0.0,,,,0.0
South West Garo Hills,10.3.1.a,Total number of male children (12 to 23 months old) fully immunised (BCG+DPT123/Pentavalent123+OPV123+Measles) during the month,TOTAL,,,,,,,,,0.0,,,,0.0
South West Garo Hills,10.3.1.b,Total number of female children (12 to 23 months old) fully immunised (BCG+DPT123/Pentavalent123+OPV123+Measles) during the month,TOTAL,,,,,,,,,0.0,,,,0.0
South West Garo Hills,10.3.1.c,Total number of children (12 to 23 months old) fully immunised (BCG+DPT123+OPV123/Pentavalent123+Measles) during the month (sum of items 10.3.1.a and 10.3.1.b),TOTAL,,,,,,,,,0.0,,,,0.0
South West Garo Hills,10.3.2,Number of children (more than 5 years old) given DT5,TOTAL,,,,,,,,,,,,,
South West Garo Hills,10.3.3,Number of children (more than 10 years old) given TT10,TOTAL,,,,,,,,,0.0,,,,0.0
South West Garo Hills,10.3.4,Number of children (more than 16 years old) given TT16,TOTAL,,,,,,,,,1.0,,,,1.0
South West Garo Hills,10.3.5.a,Number of cases of Abscess reported following immunisation [Adverse Event Following Immunisation (AEFI)],TOTAL,,,,,,,,,0.0,,,,0.0
South West Garo Hills,10.3.5.b,Number of cases of Death reported following immunisation [Adverse Event Following Immunisation (AEFI)],TOTAL,,,,,,,,,0.0,,,,0.0
South West Garo Hills,10.3.5.c,Number of cases of other complications reported following immunisation [Adverse Event Following Immunisation (AEFI)],TOTAL,,,,,,,,,0.0,,,,0.0
South West Garo Hills,10.4.1,Number of Immunisation sessions planned to be held during the month,TOTAL,,,,,,,,,4.0,,,,4.0
South West Garo Hills,10.4.2,Number of Immunisation sessions held during the month,TOTAL,,,,,,,,,4.0,,,,4.0
South West Garo Hills,10.4.3,Number of Immunisation sessions held during the month where ASHAs were present,TOTAL,,,,,,,,,0.0,,,,0.0
South West Garo Hills,10.5.1,Number of children (more than 16 months old) received Japanese Encephalitis (JE) vaccination,TOTAL,,,,,,,,,0.0,,,,0.0
South West Garo Hills,11.1.1,Number of children (9 months to 5 years old) administered 1st dose of Vitamin A (Dose-1),TOTAL,,,,,,,,,0.0,,,,0.0
South West Garo Hills,11.1.2,Number of children (9 months to 5 years old) were administered 5th dose of Vitamin A (Dose-5),TOTAL,,,,,,,,,0.0,,,,0.0
South West Garo Hills,11.1.3,Number of children (9 months to 5 years old) administered 9th dose of Vitamin A (Dose-9),TOTAL,,,,,,,,,0.0,,,,0.0
South West Garo Hills,12.1,Number of cases of Diptheria reported in children below 5 years of age,TOTAL,,,,,,,,,0.0,,,,0.0
South West Garo Hills,12.2,Number of cases of Pertusis reported in children below 5 years of age,TOTAL,,,,,,,,,0.0,,,,0.0
South West Garo Hills,12.3,Number of cases of Tetanus neonatarum reported in children below 5 years of age,TOTAL,,,,,,,,,0.0,,,,0.0
South West Garo Hills,12.4,Number of cases of Tetanus other than neonatarum reported in children below 5 years of age,TOTAL,,,,,,,,,0.0,,,,0.0
South West Garo Hills,12.5,Number of cases of Polio reported in children below 5 years of age,TOTAL,,,,,,,,,0.0,,,,0.0
South West Garo Hills,12.6,Number of cases of Measles reported in children below 5 years of age,TOTAL,,,,,,,,,0.0,,,,0.0
South West Garo Hills,12.7,Number of cases of Diarrhoea and Dehydration reported in children below 5 years of age,TOTAL,,,,,,,,,2.0,,,,2.0
South West Garo Hills,12.8,Number of cases of Malaria reported in children below 5 years of age,TOTAL,,,,,,,,,0.0,,,,0.0
South West Garo Hills,12.9,Number of children below 5 years of age admitted with Respiratory Infections,TOTAL,,,,,,,,,0.0,,,,0.0
South West Garo Hills,13.1,Number of Patients operated for cataract,TOTAL,,,,,,,,,0.0,,,,0.0
South West Garo Hills,13.2,Number of Intraocular Lens(IOL) implantations,TOTAL,,,,,,,,,0.0,,,,0.0
South West Garo Hills,13.3,Number of School children detected with Refractive errors,TOTAL,,,,,,,,,0.0,,,,0.0
South West Garo Hills,13.4,Number of children provided free glasses,TOTAL,,,,,,,,,0.0,,,,0.0
South West Garo Hills,13.5,Number of eyes collected through eye donation,TOTAL,,,,,,,,,,,,,
South West Garo Hills,13.6,Number of eyes utilised for corneal transplant,TOTAL,,,,,,,,,,,,,
South West Garo Hills,14.01,Number of CHC or SDH or DH functioning as First Referral units (FRUs),TOTAL,,,,,,,,,,,,,-1.0
South West Garo Hills,14.02,Number of PHCs functioning 24X7 with atleast 3 Staff Nurses,TOTAL,,,,,,,,,1.0,,,,-1.0
South West Garo Hills,14.03,Number of Anganwadi centres reported to have conducted VHNDs,TOTAL,,,,,,,,,,,,,-1.0
South West Garo Hills,14.04,Number of facilities having a Rogi Kalyan Samiti (RKS),TOTAL,,,,,,,,,,,,,-1.0
South West Garo Hills,14.05,Number of RKS meetings held during the month,TOTAL,,,,,,,,,0.0,,,,0.0
South West Garo Hills,14.06,Number of facilities having Ambulance services (Assured Referral Services),TOTAL,,,,,,,,,1.0,,,,-1.0
South West Garo Hills,14.07,Total Number of times the Ambulance was used for transporting patients during the month,TOTAL,,,,,,,,,0.0,,,,0.0
South West Garo Hills,14.08,Number of Institutions having Operational Sick New Born and Child Care Units (SNCU),TOTAL,,,,,,,,,,,,,-1.0
South West Garo Hills,14.09,Number of functional Laproscopes in CHC/SDH/DH,TOTAL,,,,,,,,,,,,,-1.0
South West Garo Hills,14.10.1.a,Number of male patients admitted (Inpatients) during the month,1. Children,,,,,,,,,0.0,,,,0.0
South West Garo Hills,14.10.1.a,Number of male patients admitted (Inpatients) during the month,2. Adults,,,,,,,,,1.0,,,,1.0
South West Garo Hills,14.10.1.b,Number of female patients (Inpatients) admitted during the month,1. Children,,,,,,,,,0.0,,,,0.0
South West Garo Hills,14.10.1.b,Number of female patients (Inpatients) admitted during the month,2. Adults,,,,,,,,,6.0,,,,6.0
South West Garo Hills,14.10.1.c,Total number of patients admitted (Inpatients) during the month (sum of items 14.10.1.a and 14.10.1.b),1. Children,,,,,,,,,0.0,,,,0.0
South West Garo Hills,14.10.1.c,Total number of patients admitted (Inpatients) during the month (sum of items 14.10.1.a and 14.10.1.b),2. Adults,,,,,,,,,7.0,,,,7.0
South West Garo Hills,14.10.2.a,Number of death cases of Inpatient males,TOTAL,,,,,,,,,0.0,,,,0.0
South West Garo Hills,14.10.2.b,Number of death cases of Inpatient females,TOTAL,,,,,,,,,0.0,,,,0.0
South West Garo Hills,14.10.2.c,Number of cases of death of Inpatients (sum of items 14.10.2.a and 14.10.2.b),TOTAL,,,,,,,,,0.0,,,,0.0
South West Garo Hills,14.11,In-Patient Head Count at midnight,TOTAL,,,,,,,,,0.0,,,,0.0
South West Garo Hills,14.12.1,OPD attendance (All),TOTAL,,,,,,,,,187.0,,,,187.0
South West Garo Hills,14.13.1,Number of major operations carried out using general or spinal anaesthesia,TOTAL,,,,,,,,,0.0,,,,0.0
South West Garo Hills,14.13.1A,"Out of 14.13.1,Gynecology- Hysterectomy surgeries",TOTAL,,,,,,,,,,,,,
South West Garo Hills,14.13.2,Number of minor operations carried out without anaesthesia or using local anaesthesia,TOTAL,,,,,,,,,0.0,,,,0.0
South West Garo Hills,14.14.a,Number of patients given AYUSH treatment,TOTAL,,,,,,,,,0.0,,,,0.0
South West Garo Hills,14.14.b,Number of patients on whom Dental Procedure was conducted,TOTAL,,,,,,,,,0.0,,,,0.0
South West Garo Hills,14.14.c,Number of Adolescents counselled,TOTAL,,,,,,,,,0.0,,,,0.0
South West Garo Hills,15.1.1.a,Number of Haemoglobin (Hb) tests conducted,TOTAL,,,,,,,,,4.0,,,,4.0
South West Garo Hills,15.1.1.b,"Out of the total number of Hb tests conducted, number of cases having Hb less than 7gm/dl",TOTAL,,,,,,,,,0.0,,,,0.0
South West Garo Hills,15.1.2.a,Number of HIV tests conducted on males,1. Number tested,,,,,,,,,0.0,,,,0.0
South West Garo Hills,15.1.2.a,Number of HIV tests conducted on males,2. Number Positive,,,,,,,,,0.0,,,,0.0
South West Garo Hills,15.1.2.b,Number of HIV tests conducted on Female-Non ANC (i.e. non pregnant females),1. Number tested,,,,,,,,,0.0,,,,0.0
South West Garo Hills,15.1.2.b,Number of HIV tests conducted on Female-Non ANC (i.e. non pregnant females),2. Number Positive,,,,,,,,,0.0,,,,0.0
South West Garo Hills,15.1.2.c,Number of HIV tests conducted on Female with ANC (i.e. pregnant females),1. Number tested,,,,,,,,,0.0,,,,0.0
South West Garo Hills,15.1.2.c,Number of HIV tests conducted on Female with ANC (i.e. pregnant females),2. Number Positive,,,,,,,,,0.0,,,,0.0
South West Garo Hills,15.1.2.d,Total number of HIV tests conducted (sum of items 15.1.2.a to 15.1.2.c),1. Number tested,,,,,,,,,0.0,,,,0.0
South West Garo Hills,15.1.2.d,Total number of HIV tests conducted (sum of items 15.1.2.a to 15.1.2.c),2. Number Positive,,,,,,,,,0.0,,,,0.0
South West Garo Hills,15.2,Number of Widal tests conducted,Number tested,,,,,,,,,0.0,,,,0.0
South West Garo Hills,15.3.a,Number of VDRL tests conducted on males,Number tested,,,,,,,,,0.0,,,,0.0
South West Garo Hills,15.3.b,Number of VDRL tests conducted on Female-Non ANC (i.e. non pregnant females),Number tested,,,,,,,,,0.0,,,,0.0
South West Garo Hills,15.3.c,Number of VDRL tests conducted on Female with ANC (i.e. pregnant females),Number tested,,,,,,,,,5.0,,,,5.0
South West Garo Hills,15.3.d,Total number of VDRL tests conducted (sum of items 15.3.a to 15.3.c),Number tested,,,,,,,,,5.0,,,,5.0
South West Garo Hills,15.4.1,Number of blood smears examined for Malaria,TOTAL,,,,,,,,,10.0,,,,10.0
South West Garo Hills,15.4.2,"Out of blood smears examined for malaria, number of blood smears tested positive for Plasmodium Vivax",TOTAL,,,,,,,,,0.0,,,,0.0
South West Garo Hills,15.4.3,"Out of blood smears examined for malaria, number of blood smears tested positive for Plasmodium Falciparum",TOTAL,,,,,,,,,0.0,,,,0.0
South West Garo Hills,16.1.1,Stock position of DPT vaccines,1. Balance From Previous Month,,,,,,,,,,,,,
South West Garo Hills,16.1.1,Stock position of DPT vaccines,2. Stocks Received,,,,,,,,,,,,,
South West Garo Hills,16.1.1,Stock position of DPT vaccines,3. Unusable Stock,,,,,,,,,,,,,
South West Garo Hills,16.1.1,Stock position of DPT vaccines,4. Stock Distributed,,,,,,,,,,,,,
South West Garo Hills,16.1.1,Stock position of DPT vaccines,5. Total Stock,0.0,0.0,0.0,0.0,0.0,0.0,0.0,0.0,0.0,0.0,0.0,0.0,0.0
South West Garo Hills,16.1.1A,Stock Position of Pentavalent,1. Balance From Previous Month,,,,,,,,,,,,,
South West Garo Hills,16.1.1A,Stock Position of Pentavalent,2. Stocks Received,,,,,,,,,,,,,
South West Garo Hills,16.1.1A,Stock Position of Pentavalent,3. Unusable Stock,,,,,,,,,,,,,
South West Garo Hills,16.1.1A,Stock Position of Pentavalent,4. Stock Distributed,,,,,,,,,,,,,
South West Garo Hills,16.1.1A,Stock Position of Pentavalent,5. Total Stock,0.0,0.0,0.0,0.0,0.0,0.0,0.0,0.0,0.0,0.0,0.0,0.0,0.0
South West Garo Hills,16.1.2,Stock position of OPV vaccines,1. Balance From Previous Month,,,,,,,,,,,,,
South West Garo Hills,16.1.2,Stock position of OPV vaccines,2. Stocks Received,,,,,,,,,,,,,
South West Garo Hills,16.1.2,Stock position of OPV vaccines,3. Unusable Stock,,,,,,,,,,,,,
South West Garo Hills,16.1.2,Stock position of OPV vaccines,4. Stock Distributed,,,,,,,,,,,,,
South West Garo Hills,16.1.2,Stock position of OPV vaccines,5. Total Stock,0.0,0.0,0.0,0.0,0.0,0.0,0.0,0.0,0.0,0.0,0.0,0.0,0.0
South West Garo Hills,16.1.3,Stock position of TT vaccines,1. Balance From Previous Month,,,,,,,,,,,,,
South West Garo Hills,16.1.3,Stock position of TT vaccines,2. Stocks Received,,,,,,,,,,,,,
South West Garo Hills,16.1.3,Stock position of TT vaccines,3. Unusable Stock,,,,,,,,,,,,,
South West Garo Hills,16.1.3,Stock position of TT vaccines,4. Stock Distributed,,,,,,,,,,,,,
South West Garo Hills,16.1.3,Stock position of TT vaccines,5. Total Stock,0.0,0.0,0.0,0.0,0.0,0.0,0.0,0.0,0.0,0.0,0.0,0.0,0.0
South West Garo Hills,16.1.4,Stock position of DT vaccines,1. Balance From Previous Month,,,,,,,,,,,,,
South West Garo Hills,16.1.4,Stock position of DT vaccines,2. Stocks Received,,,,,,,,,,,,,
South West Garo Hills,16.1.4,Stock position of DT vaccines,3. Unusable Stock,,,,,,,,,,,,,
South West Garo Hills,16.1.4,Stock position of DT vaccines,4. Stock Distributed,,,,,,,,,,,,,
South West Garo Hills,16.1.4,Stock position of DT vaccines,5. Total Stock,0.0,0.0,0.0,0.0,0.0,0.0,0.0,0.0,0.0,0.0,0.0,0.0,0.0
South West Garo Hills,16.1.5,Stock position of BCG vaccines,1. Balance From Previous Month,,,,,,,,,,,,,
South West Garo Hills,16.1.5,Stock position of BCG vaccines,2. Stocks Received,,,,,,,,,,,,,
South West Garo Hills,16.1.5,Stock position of BCG vaccines,3. Unusable Stock,,,,,,,,,,,,,
South West Garo Hills,16.1.5,Stock position of BCG vaccines,4. Stock Distributed,,,,,,,,,,,,,
South West Garo Hills,16.1.5,Stock position of BCG vaccines,5. Total Stock,0.0,0.0,0.0,0.0,0.0,0.0,0.0,0.0,0.0,0.0,0.0,0.0,0.0
South West Garo Hills,16.1.6,Stock position of Measles vaccines,1. Balance From Previous Month,,,,,,,,,,,,,
South West Garo Hills,16.1.6,Stock position of Measles vaccines,2. Stocks Received,,,,,,,,,,,,,
South West Garo Hills,16.1.6,Stock position of Measles vaccines,3. Unusable Stock,,,,,,,,,,,,,
South West Garo Hills,16.1.6,Stock position of Measles vaccines,4. Stock Distributed,,,,,,,,,,,,,
South West Garo Hills,16.1.6,Stock position of Measles vaccines,5. Total Stock,0.0,0.0,0.0,0.0,0.0,0.0,0.0,0.0,0.0,0.0,0.0,0.0,0.0
South West Garo Hills,16.1.7,Stock position of JE vaccines,1. Balance From Previous Month,,,,,,,,,,,,,
South West Garo Hills,16.1.7,Stock position of JE vaccines,2. Stocks Received,,,,,,,,,,,,,
South West Garo Hills,16.1.7,Stock position of JE vaccines,3. Unusable Stock,,,,,,,,,,,,,
South West Garo Hills,16.1.7,Stock position of JE vaccines,4. Stock Distributed,,,,,,,,,,,,,
South West Garo Hills,16.1.7,Stock position of JE vaccines,5. Total Stock,0.0,0.0,0.0,0.0,0.0,0.0,0.0,0.0,0.0,0.0,0.0,0.0,0.0
South West Garo Hills,16.1.8,Stock position of Hepatitis B vaccines,1. Balance From Previous Month,,,,,,,,,,,,,
South West Garo Hills,16.1.8,Stock position of Hepatitis B vaccines,2. Stocks Received,,,,,,,,,,,,,
South West Garo Hills,16.1.8,Stock position of Hepatitis B vaccines,3. Unusable Stock,,,,,,,,,,,,,
South West Garo Hills,16.1.8,Stock position of Hepatitis B vaccines,4. Stock Distributed,,,,,,,,,,,,,
South West Garo Hills,16.1.8,Stock position of Hepatitis B vaccines,5. Total Stock,0.0,0.0,0.0,0.0,0.0,0.0,0.0,0.0,0.0,0.0,0.0,0.0,0.0
South West Garo Hills,16.2.1,Stock Position of IU 380 A (to be used for Family Planning),1. Balance From Previous Month,,,,,,,,,,,,,
South West Garo Hills,16.2.1,Stock Position of IU 380 A (to be used for Family Planning),2. Stocks Received,,,,,,,,,,,,,
South West Garo Hills,16.2.1,Stock Position of IU 380 A (to be used for Family Planning),3. Unusable Stock,,,,,,,,,,,,,
South West Garo Hills,16.2.1,Stock Position of IU 380 A (to be used for Family Planning),4. Stock Distributed,,,,,,,,,,,,,
South West Garo Hills,16.2.1,Stock Position of IU 380 A (to be used for Family Planning),5. Total Stock,0.0,0.0,0.0,0.0,0.0,0.0,0.0,0.0,0.0,0.0,0.0,0.0,0.0
South West Garo Hills,16.2.2,Stock Position of Condoms (to be used for Family Planning),1. Balance From Previous Month,,,,,,,,,,,,,
South West Garo Hills,16.2.2,Stock Position of Condoms (to be used for Family Planning),2. Stocks Received,,,,,,,,,,,,,
South West Garo Hills,16.2.2,Stock Position of Condoms (to be used for Family Planning),3. Unusable Stock,,,,,,,,,,,,,
South West Garo Hills,16.2.2,Stock Position of Condoms (to be used for Family Planning),4. Stock Distributed,,,,,,,,,,,,,
South West Garo Hills,16.2.2,Stock Position of Condoms (to be used for Family Planning),5. Total Stock,0.0,0.0,0.0,0.0,0.0,0.0,0.0,0.0,0.0,0.0,0.0,0.0,0.0
South West Garo Hills,16.2.3,Stock Position of Oral Contraceptive (to be used for Family Planning),1. Balance From Previous Month,,,,,,,,,,,,,
South West Garo Hills,16.2.3,Stock Position of Oral Contraceptive (to be used for Family Planning),2. Stocks Received,,,,,,,,,,,,,
South West Garo Hills,16.2.3,Stock Position of Oral Contraceptive (to be used for Family Planning),3. Unusable Stock,,,,,,,,,,,,,
South West Garo Hills,16.2.3,Stock Position of Oral Contraceptive (to be used for Family Planning),4. Stock Distributed,,,,,,,,,,,,,
South West Garo Hills,16.2.3,Stock Position of Oral Contraceptive (to be used for Family Planning),5. Total Stock,0.0,0.0,0.0,0.0,0.0,0.0,0.0,0.0,0.0,0.0,0.0,0.0,0.0
South West Garo Hills,16.2.4,Stock Position of Emergency Contraceptive (to be used for Family Planning),1. Balance From Previous Month,,,,,,,,,,,,,
South West Garo Hills,16.2.4,Stock Position of Emergency Contraceptive (to be used for Family Planning),2. Stocks Received,,,,,,,,,,,,,
South West Garo Hills,16.2.4,Stock Position of Emergency Contraceptive (to be used for Family Planning),3. Unusable Stock,,,,,,,,,,,,,
South West Garo Hills,16.2.4,Stock Position of Emergency Contraceptive (to be used for Family Planning),4. Stock Distributed,,,,,,,,,,,,,
South West Garo Hills,16.2.4,Stock Position of Emergency Contraceptive (to be used for Family Planning),5. Total Stock,0.0,0.0,0.0,0.0,0.0,0.0,0.0,0.0,0.0,0.0,0.0,0.0,0.0
South West Garo Hills,16.2.5,Stock Position of Tubal Rings (to be used for Family Planning),1. Balance From Previous Month,,,,,,,,,,,,,
South West Garo Hills,16.2.5,Stock Position of Tubal Rings (to be used for Family Planning),2. Stocks Received,,,,,,,,,,,,,
South West Garo Hills,16.2.5,Stock Position of Tubal Rings (to be used for Family Planning),3. Unusable Stock,,,,,,,,,,,,,
South West Garo Hills,16.2.5,Stock Position of Tubal Rings (to be used for Family Planning),4. Stock Distributed,,,,,,,,,,,,,
South West Garo Hills,16.2.5,Stock Position of Tubal Rings (to be used for Family Planning),5. Total Stock,0.0,0.0,0.0,0.0,0.0,0.0,0.0,0.0,0.0,0.0,0.0,0.0,0.0
South West Garo Hills,16.3.01,Stock Position of Oxytocin Injection,1. Balance From Previous Month,,,,,,,,,,,,,
South West Garo Hills,16.3.01,Stock Position of Oxytocin Injection,2. Stocks Received,,,,,,,,,,,,,
South West Garo Hills,16.3.01,Stock Position of Oxytocin Injection,3. Unusable Stock,,,,,,,,,,,,,
South West Garo Hills,16.3.01,Stock Position of Oxytocin Injection,4. Stock Distributed,,,,,,,,,,,,,
South West Garo Hills,16.3.01,Stock Position of Oxytocin Injection,5. Total Stock,0.0,0.0,0.0,0.0,0.0,0.0,0.0,0.0,0.0,0.0,0.0,0.0,0.0
South West Garo Hills,16.3.02,Stock Position of Gloves,1. Balance From Previous Month,,,,,,,,,,,,,
South West Garo Hills,16.3.02,Stock Position of Gloves,2. Stocks Received,,,,,,,,,,,,,
South West Garo Hills,16.3.02,Stock Position of Gloves,3. Unusable Stock,,,,,,,,,,,,,
South West Garo Hills,16.3.02,Stock Position of Gloves,4. Stock Distributed,,,,,,,,,,,,,
South West Garo Hills,16.3.02,Stock Position of Gloves,5. Total Stock,0.0,0.0,0.0,0.0,0.0,0.0,0.0,0.0,0.0,0.0,0.0,0.0,0.0
South West Garo Hills,16.3.03,Stock Position of MVA Syringes,1. Balance From Previous Month,,,,,,,,,,,,,
South West Garo Hills,16.3.03,Stock Position of MVA Syringes,2. Stocks Received,,,,,,,,,,,,,
South West Garo Hills,16.3.03,Stock Position of MVA Syringes,3. Unusable Stock,,,,,,,,,,,,,
South West Garo Hills,16.3.03,Stock Position of MVA Syringes,4. Stock Distributed,,,,,,,,,,,,,
South West Garo Hills,16.3.03,Stock Position of MVA Syringes,5. Total Stock,0.0,0.0,0.0,0.0,0.0,0.0,0.0,0.0,0.0,0.0,0.0,0.0,0.0
South West Garo Hills,16.3.04,Stock Position of Fluconazole Tablets,1. Balance From Previous Month,,,,,,,,,,,,,
South West Garo Hills,16.3.04,Stock Position of Fluconazole Tablets,2. Stocks Received,,,,,,,,,,,,,
South West Garo Hills,16.3.04,Stock Position of Fluconazole Tablets,3. Unusable Stock,,,,,,,,,,,,,
South West Garo Hills,16.3.04,Stock Position of Fluconazole Tablets,4. Stock Distributed,,,,,,,,,,,,,
South West Garo Hills,16.3.04,Stock Position of Fluconazole Tablets,5. Total Stock,0.0,0.0,0.0,0.0,0.0,0.0,0.0,0.0,0.0,0.0,0.0,0.0,0.0
South West Garo Hills,16.3.05,Stock Position of Blood Transfusion Sets,1. Balance From Previous Month,,,,,,,,,,,,,
South West Garo Hills,16.3.05,Stock Position of Blood Transfusion Sets,2. Stocks Received,,,,,,,,,,,,,
South West Garo Hills,16.3.05,Stock Position of Blood Transfusion Sets,3. Unusable Stock,,,,,,,,,,,,,
South West Garo Hills,16.3.05,Stock Position of Blood Transfusion Sets,4. Stock Distributed,,,,,,,,,,,,,
South West Garo Hills,16.3.05,Stock Position of Blood Transfusion Sets,5. Total Stock,0.0,0.0,0.0,0.0,0.0,0.0,0.0,0.0,0.0,0.0,0.0,0.0,0.0
South West Garo Hills,16.3.06,Stock Position of Gluteraldehyde solution of 2% concentration,1. Balance From Previous Month,,,,,,,,,,,,,
South West Garo Hills,16.3.06,Stock Position of Gluteraldehyde solution of 2% concentration,2. Stocks Received,,,,,,,,,,,,,
South West Garo Hills,16.3.06,Stock Position of Gluteraldehyde solution of 2% concentration,3. Unusable Stock,,,,,,,,,,,,,
South West Garo Hills,16.3.06,Stock Position of Gluteraldehyde solution of 2% concentration,4. Stock Distributed,,,,,,,,,,,,,
South West Garo Hills,16.3.06,Stock Position of Gluteraldehyde solution of 2% concentration,5. Total Stock,0.0,0.0,0.0,0.0,0.0,0.0,0.0,0.0,0.0,0.0,0.0,0.0,0.0
South West Garo Hills,16.3.07,Stock Position of IFA Tablets,1. Balance From Previous Month,,,,,,,,,,,,,
South West Garo Hills,16.3.07,Stock Position of IFA Tablets,2. Stocks Received,,,,,,,,,,,,,
South West Garo Hills,16.3.07,Stock Position of IFA Tablets,3. Unusable Stock,,,,,,,,,,,,,
South West Garo Hills,16.3.07,Stock Position of IFA Tablets,4. Stock Distributed,,,,,,,,,,,,,
South West Garo Hills,16.3.07,Stock Position of IFA Tablets,5. Total Stock,0.0,0.0,0.0,0.0,0.0,0.0,0.0,0.0,0.0,0.0,0.0,0.0,0.0
South West Garo Hills,16.3.08,Stock Position of IFA Syrup (Paediatric),1. Balance From Previous Month,,,,,,,,,,,,,
South West Garo Hills,16.3.08,Stock Position of IFA Syrup (Paediatric),2. Stocks Received,,,,,,,,,,,,,
South West Garo Hills,16.3.08,Stock Position of IFA Syrup (Paediatric),3. Unusable Stock,,,,,,,,,,,,,
South West Garo Hills,16.3.08,Stock Position of IFA Syrup (Paediatric),4. Stock Distributed,,,,,,,,,,,,,
South West Garo Hills,16.3.08,Stock Position of IFA Syrup (Paediatric),5. Total Stock,0.0,0.0,0.0,0.0,0.0,0.0,0.0,0.0,0.0,0.0,0.0,0.0,0.0
South West Garo Hills,16.3.09,Stock Position of Paediatrics Antibiotics (Cotrimaxozole and Injectable Gentamicin),1. Balance From Previous Month,,,,,,,,,,,,,
South West Garo Hills,16.3.09,Stock Position of Paediatrics Antibiotics (Cotrimaxozole and Injectable Gentamicin),2. Stocks Received,,,,,,,,,,,,,
South West Garo Hills,16.3.09,Stock Position of Paediatrics Antibiotics (Cotrimaxozole and Injectable Gentamicin),3. Unusable Stock,,,,,,,,,,,,,
South West Garo Hills,16.3.09,Stock Position of Paediatrics Antibiotics (Cotrimaxozole and Injectable Gentamicin),4. Stock Distributed,,,,,,,,,,,,,
South West Garo Hills,16.3.09,Stock Position of Paediatrics Antibiotics (Cotrimaxozole and Injectable Gentamicin),5. Total Stock,0.0,0.0,0.0,0.0,0.0,0.0,0.0,0.0,0.0,0.0,0.0,0.0,0.0
South West Garo Hills,16.3.10,Stock Position of Vitamin A solution,1. Balance From Previous Month,,,,,,,,,,,,,
South West Garo Hills,16.3.10,Stock Position of Vitamin A solution,2. Stocks Received,,,,,,,,,,,,,
South West Garo Hills,16.3.10,Stock Position of Vitamin A solution,3. Unusable Stock,,,,,,,,,,,,,
South West Garo Hills,16.3.10,Stock Position of Vitamin A solution,4. Stock Distributed,,,,,,,,,,,,,
South West Garo Hills,16.3.10,Stock Position of Vitamin A solution,5. Total Stock,0.0,0.0,0.0,0.0,0.0,0.0,0.0,0.0,0.0,0.0,0.0,0.0,0.0
South West Garo Hills,16.3.11,Stock of ORS (New WHO formulation),1. Balance From Previous Month,,,,,,,,,,,,,
South West Garo Hills,16.3.11,Stock of ORS (New WHO formulation),2. Stocks Received,,,,,,,,,,,,,
South West Garo Hills,16.3.11,Stock of ORS (New WHO formulation),3. Unusable Stock,,,,,,,,,,,,,
South West Garo Hills,16.3.11,Stock of ORS (New WHO formulation),4. Stock Distributed,,,,,,,,,,,,,
South West Garo Hills,16.3.11,Stock of ORS (New WHO formulation),5. Total Stock,0.0,0.0,0.0,0.0,0.0,0.0,0.0,0.0,0.0,0.0,0.0,0.0,0.0
South West Garo Hills,16.4.1,Stock Position of 0.1 ml Syringes(AD),1. Balance From Previous Month,,,,,,,,,,,,,
South West Garo Hills,16.4.1,Stock Position of 0.1 ml Syringes(AD),2. Stocks Received,,,,,,,,,,,,,
South West Garo Hills,16.4.1,Stock Position of 0.1 ml Syringes(AD),3. Unusable Stock,,,,,,,,,,,,,
South West Garo Hills,16.4.1,Stock Position of 0.1 ml Syringes(AD),4. Stock Distributed,,,,,,,,,,,,,
South West Garo Hills,16.4.1,Stock Position of 0.1 ml Syringes(AD),5. Total Stock,0.0,0.0,0.0,0.0,0.0,0.0,0.0,0.0,0.0,0.0,0.0,0.0,0.0
South West Garo Hills,16.4.2,Stock Position of 0.5 ml Syringes(AD),1. Balance From Previous Month,,,,,,,,,,,,,
South West Garo Hills,16.4.2,Stock Position of 0.5 ml Syringes(AD),2. Stocks Received,,,,,,,,,,,,,
South West Garo Hills,16.4.2,Stock Position of 0.5 ml Syringes(AD),3. Unusable Stock,,,,,,,,,,,,,
South West Garo Hills,16.4.2,Stock Position of 0.5 ml Syringes(AD),4. Stock Distributed,,,,,,,,,,,,,
South West Garo Hills,16.4.2,Stock Position of 0.5 ml Syringes(AD),5. Total Stock,0.0,0.0,0.0,0.0,0.0,0.0,0.0,0.0,0.0,0.0,0.0,0.0,0.0
South West Garo Hills,16.4.3,Stock Position of 5.0 ml Syringes(Disposable),1. Balance From Previous Month,,,,,,,,,,,,,
South West Garo Hills,16.4.3,Stock Position of 5.0 ml Syringes(Disposable),2. Stocks Received,,,,,,,,,,,,,
South West Garo Hills,16.4.3,Stock Position of 5.0 ml Syringes(Disposable),3. Unusable Stock,,,,,,,,,,,,,
South West Garo Hills,16.4.3,Stock Position of 5.0 ml Syringes(Disposable),4. Stock Distributed,,,,,,,,,,,,,
South West Garo Hills,16.4.3,Stock Position of 5.0 ml Syringes(Disposable),5. Total Stock,0.0,0.0,0.0,0.0,0.0,0.0,0.0,0.0,0.0,0.0,0.0,0.0,0.0
South West Garo Hills,17.1,Number of cases of Infant deaths within 24 hrs of birth,TOTAL,,,,,,,,,,,,,
South West Garo Hills,17.2.1,Number of cases of Infant deaths 24 hours to 4 weeks of birth with the probable cause being Sepsis,1. Up to 1 Weeks of Birth,,,,,,,,,,,,,
South West Garo Hills,17.2.1,Number of cases of Infant deaths 24 hours to 4 weeks of birth with the probable cause being Sepsis,2. Between 1 week & 4 weeks of birth,,,,,,,,,,,,,
South West Garo Hills,17.2.1,Number of cases of Infant deaths 24 hours to 4 weeks of birth with the probable cause being Sepsis,3. Total,,,,,,,,,,,,,
South West Garo Hills,17.2.2,Number of cases of Infant deaths 24 hours to 4 weeks of birth with the probable cause being Asphyxia,1. Up to 1 Weeks of Birth,,,,,,,,,,,,,
South West Garo Hills,17.2.2,Number of cases of Infant deaths 24 hours to 4 weeks of birth with the probable cause being Asphyxia,2. Between 1 week & 4 weeks of birth,,,,,,,,,,,,,
South West Garo Hills,17.2.2,Number of cases of Infant deaths 24 hours to 4 weeks of birth with the probable cause being Asphyxia,3. Total,,,,,,,,,,,,,
South West Garo Hills,17.2.3,Number of cases of Infant deaths 24 hours to 4 weeks of birth with the probable cause being LBW,1. Up to 1 Weeks of Birth,,,,,,,,,,,,,
South West Garo Hills,17.2.3,Number of cases of Infant deaths 24 hours to 4 weeks of birth with the probable cause being LBW,2. Between 1 week & 4 weeks of birth,,,,,,,,,,,,,
South West Garo Hills,17.2.3,Number of cases of Infant deaths 24 hours to 4 weeks of birth with the probable cause being LBW,3. Total,,,,,,,,,,,,,
South West Garo Hills,17.2.4,"Number of cases of Infant deaths 24 hours to 4 weeks of birth with the probable cause being other than Sepsis, Asphyxia and LBW",1. Up to 1 Weeks of Birth,,,,,,,,,,,,,
South West Garo Hills,17.2.4,"Number of cases of Infant deaths 24 hours to 4 weeks of birth with the probable cause being other than Sepsis, Asphyxia and LBW",2. Between 1 week & 4 weeks of birth,,,,,,,,,,,,,
South West Garo Hills,17.2.4,"Number of cases of Infant deaths 24 hours to 4 weeks of birth with the probable cause being other than Sepsis, Asphyxia and LBW",3. Total,,,,,,,,,,,,,
South West Garo Hills,17.3.1,Number of cases of Infant or Child deaths between 1 month to 5 years of age with the probable cause being Pneumonia,1. Between 1 month and 11 months,,,,,,,,,,,,,
South West Garo Hills,17.3.1,Number of cases of Infant or Child deaths between 1 month to 5 years of age with the probable cause being Pneumonia,2. Between 1 year & 5 years,,,,,,,,,,,,,
South West Garo Hills,17.3.1,Number of cases of Infant or Child deaths between 1 month to 5 years of age with the probable cause being Pneumonia,3. Total,,,,,,,,,,,,,
South West Garo Hills,17.3.2,Number of cases of Infant or Child deaths between 1 month to 5 years of age with the probable cause being Diarrhoea,1. Between 1 month and 11 months,,,,,,,,,,,,,
South West Garo Hills,17.3.2,Number of cases of Infant or Child deaths between 1 month to 5 years of age with the probable cause being Diarrhoea,2. Between 1 year & 5 years,,,,,,,,,,,,,
South West Garo Hills,17.3.2,Number of cases of Infant or Child deaths between 1 month to 5 years of age with the probable cause being Diarrhoea,3. Total,,,,,,,,,,,,,
South West Garo Hills,17.3.3,Number of cases of Infant or Child deaths between 1 month to 5 years of age with the probable cause being Fever related,1. Between 1 month and 11 months,,,,,,,,,,,,,
South West Garo Hills,17.3.3,Number of cases of Infant or Child deaths between 1 month to 5 years of age with the probable cause being Fever related,2. Between 1 year & 5 years,,,,,,,,,,,,,
South West Garo Hills,17.3.3,Number of cases of Infant or Child deaths between 1 month to 5 years of age with the probable cause being Fever related,3. Total,,,,,,,,,,,,,
South West Garo Hills,17.3.4,Number of cases of Infant or Child deaths between 1 month to 5 years of age with the probable cause being Measles,1. Between 1 month and 11 months,,,,,,,,,,,,,
South West Garo Hills,17.3.4,Number of cases of Infant or Child deaths between 1 month to 5 years of age with the probable cause being Measles,2. Between 1 year & 5 years,,,,,,,,,,,,,
South West Garo Hills,17.3.4,Number of cases of Infant or Child deaths between 1 month to 5 years of age with the probable cause being Measles,3. Total,,,,,,,,,,,,,
South West Garo Hills,17.3.5,"Number of cases of Infant or Child deaths between 1 month to 5 years of age with the probable cause being other than Pneumonia, Diarrhoea, Fever related and Measles",1. Between 1 month and 11 months,,,,,,,,,,,,,
South West Garo Hills,17.3.5,"Number of cases of Infant or Child deaths between 1 month to 5 years of age with the probable cause being other than Pneumonia, Diarrhoea, Fever related and Measles",2. Between 1 year & 5 years,,,,,,,,,,,,,
South West Garo Hills,17.3.5,"Number of cases of Infant or Child deaths between 1 month to 5 years of age with the probable cause being other than Pneumonia, Diarrhoea, Fever related and Measles",3. Total,,,,,,,,,,,,,
South West Garo Hills,17.4.1,Number of cases of Adolescent or Adult deaths (age 6 years & above) with the probable cause being Diarrhoeal diseases,1. 6-14 yrs,,,,,,,,,,,,,
South West Garo Hills,17.4.1,Number of cases of Adolescent or Adult deaths (age 6 years & above) with the probable cause being Diarrhoeal diseases,2. 15-55 yrs.,,,,,,,,,,,,,
South West Garo Hills,17.4.1,Number of cases of Adolescent or Adult deaths (age 6 years & above) with the probable cause being Diarrhoeal diseases,3. Above 55 yrs.,,,,,,,,,,,,,
South West Garo Hills,17.4.1,Number of cases of Adolescent or Adult deaths (age 6 years & above) with the probable cause being Diarrhoeal diseases,4. Total,,,,,,,,,,,,,
South West Garo Hills,17.4.2,Number of cases of Adolescent or Adult deaths (age 6 years & above) with the probable cause being Tuberculosis,1. 6-14 yrs,,,,,,,,,,,,,
South West Garo Hills,17.4.2,Number of cases of Adolescent or Adult deaths (age 6 years & above) with the probable cause being Tuberculosis,2. 15-55 yrs.,,,,,,,,,,,,,
South West Garo Hills,17.4.2,Number of cases of Adolescent or Adult deaths (age 6 years & above) with the probable cause being Tuberculosis,3. Above 55 yrs.,,,,,,,,,,,,,
South West Garo Hills,17.4.2,Number of cases of Adolescent or Adult deaths (age 6 years & above) with the probable cause being Tuberculosis,4. Total,,,,,,,,,,,,,
South West Garo Hills,17.4.3,Number of cases of Adolescent or Adult deaths (age 6 years & above) with the probable cause being Respiratory diseases including infections,1. 6-14 yrs,,,,,,,,,,,,,
South West Garo Hills,17.4.3,Number of cases of Adolescent or Adult deaths (age 6 years & above) with the probable cause being Respiratory diseases including infections,2. 15-55 yrs.,,,,,,,,,,,,,
South West Garo Hills,17.4.3,Number of cases of Adolescent or Adult deaths (age 6 years & above) with the probable cause being Respiratory diseases including infections,3. Above 55 yrs.,,,,,,,,,,,,,
South West Garo Hills,17.4.3,Number of cases of Adolescent or Adult deaths (age 6 years & above) with the probable cause being Respiratory diseases including infections,4. Total,,,,,,,,,,,,,
South West Garo Hills,17.4.4,Number of cases of Adolescent or Adult deaths (age 6 years & above) with the probable cause being Malaria,1. 6-14 yrs,,,,,,,,,,,,,
South West Garo Hills,17.4.4,Number of cases of Adolescent or Adult deaths (age 6 years & above) with the probable cause being Malaria,2. 15-55 yrs.,,,,,,,,,,,,,
South West Garo Hills,17.4.4,Number of cases of Adolescent or Adult deaths (age 6 years & above) with the probable cause being Malaria,3. Above 55 yrs.,,,,,,,,,,,,,
South West Garo Hills,17.4.4,Number of cases of Adolescent or Adult deaths (age 6 years & above) with the probable cause being Malaria,4. Total,,,,,,,,,,,,,
South West Garo Hills,17.4.5,Number of cases of Adolescent or Adult deaths (age 6 years & above) with the probable cause being other Fever related,1. 6-14 yrs,,,,,,,,,,,,,
South West Garo Hills,17.4.5,Number of cases of Adolescent or Adult deaths (age 6 years & above) with the probable cause being other Fever related,2. 15-55 yrs.,,,,,,,,,,,,,
South West Garo Hills,17.4.5,Number of cases of Adolescent or Adult deaths (age 6 years & above) with the probable cause being other Fever related,3. Above 55 yrs.,,,,,,,,,,,,,
South West Garo Hills,17.4.5,Number of cases of Adolescent or Adult deaths (age 6 years & above) with the probable cause being other Fever related,4. Total,,,,,,,,,,,,,
South West Garo Hills,17.4.6,Number of cases of Adolescent or Adult deaths (age 6 years & above) with the probable cause being HIV/AIDS,1. 6-14 yrs,,,,,,,,,,,,,
South West Garo Hills,17.4.6,Number of cases of Adolescent or Adult deaths (age 6 years & above) with the probable cause being HIV/AIDS,2. 15-55 yrs.,,,,,,,,,,,,,
South West Garo Hills,17.4.6,Number of cases of Adolescent or Adult deaths (age 6 years & above) with the probable cause being HIV/AIDS,3. Above 55 yrs.,,,,,,,,,,,,,
South West Garo Hills,17.4.6,Number of cases of Adolescent or Adult deaths (age 6 years & above) with the probable cause being HIV/AIDS,4. Total,,,,,,,,,,,,,
South West Garo Hills,17.4.7,Number of cases of Adolescent or Adult deaths (age 6 years & above) with the probable cause being Heart disease or related to Hypertension,1. 6-14 yrs,,,,,,,,,,,,,
South West Garo Hills,17.4.7,Number of cases of Adolescent or Adult deaths (age 6 years & above) with the probable cause being Heart disease or related to Hypertension,2. 15-55 yrs.,,,,,,,,,,,,,
South West Garo Hills,17.4.7,Number of cases of Adolescent or Adult deaths (age 6 years & above) with the probable cause being Heart disease or related to Hypertension,3. Above 55 yrs.,,,,,,,,,,,,,
South West Garo Hills,17.4.7,Number of cases of Adolescent or Adult deaths (age 6 years & above) with the probable cause being Heart disease or related to Hypertension,4. Total,,,,,,,,,,,,,
South West Garo Hills,17.4.8,Number of cases of Adolescent or Adult deaths (age 6 years & above) with the probable cause being Neurological disease including strokes,1. 6-14 yrs,,,,,,,,,,,,,
South West Garo Hills,17.4.8,Number of cases of Adolescent or Adult deaths (age 6 years & above) with the probable cause being Neurological disease including strokes,2. 15-55 yrs.,,,,,,,,,,,,,
South West Garo Hills,17.4.8,Number of cases of Adolescent or Adult deaths (age 6 years & above) with the probable cause being Neurological disease including strokes,3. Above 55 yrs.,,,,,,,,,,,,,
South West Garo Hills,17.4.8,Number of cases of Adolescent or Adult deaths (age 6 years & above) with the probable cause being Neurological disease including strokes,4. Total,,,,,,,,,,,,,
South West Garo Hills,17.4.9(a),Number of cases of Maternal deaths (age 15-49 years) with the probable cause being Abortion,1. 6-14 yrs,,,,,,,,,,,,,
South West Garo Hills,17.4.9(a),Number of cases of Maternal deaths (age 15-49 years) with the probable cause being Abortion,2. 15-49 yrs,,,,,,,,,,,,,
South West Garo Hills,17.4.9(a),Number of cases of Maternal deaths (age 15-49 years) with the probable cause being Abortion,3. Above 49 yrs.,,,,,,,,,,,,,
South West Garo Hills,17.4.9(a),Number of cases of Maternal deaths (age 15-49 years) with the probable cause being Abortion,4. Total,,,,,,,,,,,,,
South West Garo Hills,17.4.9(b),Number of cases of Maternal deaths (age 15-49 years) with the probable cause being Obstructed or prolonged labour,1. 6-14 yrs,,,,,,,,,,,,,
South West Garo Hills,17.4.9(b),Number of cases of Maternal deaths (age 15-49 years) with the probable cause being Obstructed or prolonged labour,2. 15-49 yrs,,,,,,,,,,,,,
South West Garo Hills,17.4.9(b),Number of cases of Maternal deaths (age 15-49 years) with the probable cause being Obstructed or prolonged labour,3. Above 49 yrs.,,,,,,,,,,,,,
South West Garo Hills,17.4.9(b),Number of cases of Maternal deaths (age 15-49 years) with the probable cause being Obstructed or prolonged labour,4. Total,,,,,,,,,,,,,
South West Garo Hills,17.4.9(c),Number of cases of Maternal deaths (age 15-49 years) with the probable cause being Severe hypertesnion or fits,1. 6-14 yrs,,,,,,,,,,,,,
South West Garo Hills,17.4.9(c),Number of cases of Maternal deaths (age 15-49 years) with the probable cause being Severe hypertesnion or fits,2. 15-49 yrs,,,,,,,,,,,,,
South West Garo Hills,17.4.9(c),Number of cases of Maternal deaths (age 15-49 years) with the probable cause being Severe hypertesnion or fits,3. Above 49 yrs.,,,,,,,,,,,,,
South West Garo Hills,17.4.9(c),Number of cases of Maternal deaths (age 15-49 years) with the probable cause being Severe hypertesnion or fits,4. Total,,,,,,,,,,,,,
South West Garo Hills,17.4.9(d),Number of cases of Maternal deaths (age 15-49 years) with the probable cause being Bleeding,1. 6-14 yrs,,,,,,,,,,,,,
South West Garo Hills,17.4.9(d),Number of cases of Maternal deaths (age 15-49 years) with the probable cause being Bleeding,2. 15-49 yrs,,,,,,,,,,,,,
South West Garo Hills,17.4.9(d),Number of cases of Maternal deaths (age 15-49 years) with the probable cause being Bleeding,3. Above 49 yrs.,,,,,,,,,,,,,
South West Garo Hills,17.4.9(d),Number of cases of Maternal deaths (age 15-49 years) with the probable cause being Bleeding,4. Total,,,,,,,,,,,,,
South West Garo Hills,17.4.9(e),Number of cases of Maternal deaths (age 15-49 years) with the probable cause being High Fever,1. 6-14 yrs,,,,,,,,,,,,,
South West Garo Hills,17.4.9(e),Number of cases of Maternal deaths (age 15-49 years) with the probable cause being High Fever,2. 15-49 yrs,,,,,,,,,,,,,
South West Garo Hills,17.4.9(e),Number of cases of Maternal deaths (age 15-49 years) with the probable cause being High Fever,3. Above 49 yrs.,,,,,,,,,,,,,
South West Garo Hills,17.4.9(e),Number of cases of Maternal deaths (age 15-49 years) with the probable cause being High Fever,4. Total,,,,,,,,,,,,,
South West Garo Hills,17.4.9(f),Number of cases of Maternal deaths (age 15-49 years) with the probable cause being other causes (excluding abortion; obstructed or prolonged labour; severe hypertension or fits;,1. 6-14 yrs,,,,,,,,,,,,,
South West Garo Hills,17.4.9(f),Number of cases of Maternal deaths (age 15-49 years) with the probable cause being other causes (excluding abortion; obstructed or prolonged labour; severe hypertension or fits;,2. 15-49 yrs,,,,,,,,,,,,,
South West Garo Hills,17.4.9(f),Number of cases of Maternal deaths (age 15-49 years) with the probable cause being other causes (excluding abortion; obstructed or prolonged labour; severe hypertension or fits;,3. Above 49 yrs.,,,,,,,,,,,,,
South West Garo Hills,17.4.9(f),Number of cases of Maternal deaths (age 15-49 years) with the probable cause being other causes (excluding abortion; obstructed or prolonged labour; severe hypertension or fits;,4. Total,,,,,,,,,,,,,
South West Garo Hills,17.4.10,Number of cases of Adolescent or Adult deaths (age 6 years & above) with the probable cause being Trauma or Accidents or Burn cases,1. 6-14 yrs,,,,,,,,,,,,,
South West Garo Hills,17.4.10,Number of cases of Adolescent or Adult deaths (age 6 years & above) with the probable cause being Trauma or Accidents or Burn cases,2. 15-55 yrs.,,,,,,,,,,,,,
South West Garo Hills,17.4.10,Number of cases of Adolescent or Adult deaths (age 6 years & above) with the probable cause being Trauma or Accidents or Burn cases,3. Above 55 yrs.,,,,,,,,,,,,,
South West Garo Hills,17.4.10,Number of cases of Adolescent or Adult deaths (age 6 years & above) with the probable cause being Trauma or Accidents or Burn cases,4. Total,,,,,,,,,,,,,
South West Garo Hills,17.4.11,Number of cases of Adolescent or Adult deaths (age 6 years & above) with the probable cause being suicide,1. 6-14 yrs,,,,,,,,,,,,,
South West Garo Hills,17.4.11,Number of cases of Adolescent or Adult deaths (age 6 years & above) with the probable cause being suicide,2. 15-55 yrs.,,,,,,,,,,,,,
South West Garo Hills,17.4.11,Number of cases of Adolescent or Adult deaths (age 6 years & above) with the probable cause being suicide,3. Above 55 yrs.,,,,,,,,,,,,,
South West Garo Hills,17.4.11,Number of cases of Adolescent or Adult deaths (age 6 years & above) with the probable cause being suicide,4. Total,,,,,,,,,,,,,
South West Garo Hills,17.4.12,Number of cases of Adolescent or Adult deaths (age 6 years & above) with the probable cause being Animal bites and stings,1. 6-14 yrs,,,,,,,,,,,,,
South West Garo Hills,17.4.12,Number of cases of Adolescent or Adult deaths (age 6 years & above) with the probable cause being Animal bites and stings,2. 15-55 yrs.,,,,,,,,,,,,,
South West Garo Hills,17.4.12,Number of cases of Adolescent or Adult deaths (age 6 years & above) with the probable cause being Animal bites and stings,3. Above 55 yrs.,,,,,,,,,,,,,
South West Garo Hills,17.4.12,Number of cases of Adolescent or Adult deaths (age 6 years & above) with the probable cause being Animal bites and stings,4. Total,,,,,,,,,,,,,
South West Garo Hills,17.4.13(a),Number of cases of Adolescent or Adult deaths (age 6 years & above) with the probable cause being Known Acute disease,1. 6-14 yrs,,,,,,,,,,,,,
South West Garo Hills,17.4.13(a),Number of cases of Adolescent or Adult deaths (age 6 years & above) with the probable cause being Known Acute disease,2. 15-55 yrs.,,,,,,,,,,,,,
South West Garo Hills,17.4.13(a),Number of cases of Adolescent or Adult deaths (age 6 years & above) with the probable cause being Known Acute disease,3. Above 55 yrs.,,,,,,,,,,,,,
South West Garo Hills,17.4.13(a),Number of cases of Adolescent or Adult deaths (age 6 years & above) with the probable cause being Known Acute disease,4. Total,,,,,,,,,,,,,
South West Garo Hills,17.4.13(b),Number of cases of Adolescent or Adult deaths (age 6 years & above) with the probable cause being Known Chronic disease,1. 6-14 yrs,,,,,,,,,,,,,
South West Garo Hills,17.4.13(b),Number of cases of Adolescent or Adult deaths (age 6 years & above) with the probable cause being Known Chronic disease,2. 15-55 yrs.,,,,,,,,,,,,,
South West Garo Hills,17.4.13(b),Number of cases of Adolescent or Adult deaths (age 6 years & above) with the probable cause being Known Chronic disease,3. Above 55 yrs.,,,,,,,,,,,,,
South West Garo Hills,17.4.13(b),Number of cases of Adolescent or Adult deaths (age 6 years & above) with the probable cause being Known Chronic disease,4. Total,,,,,,,,,,,,,
South West Garo Hills,17.4.13(c),Number of cases of Adolescent or Adult deaths (age 6 years & above) where the cause was not known,1. 6-14 yrs,,,,,,,,,,,,,
South West Garo Hills,17.4.13(c),Number of cases of Adolescent or Adult deaths (age 6 years & above) where the cause was not known,2. 15-55 yrs.,,,,,,,,,,,,,
South West Garo Hills,17.4.13(c),Number of cases of Adolescent or Adult deaths (age 6 years & above) where the cause was not known,3. Above 55 yrs.,,,,,,,,,,,,,
South West Garo Hills,17.4.13(c),Number of cases of Adolescent or Adult deaths (age 6 years & above) where the cause was not known,4. Total,,,,,,,,,,,,,
South West Khasi Hills,1.1,Total number of pregnant women Registered for ANC,TOTAL,,,,,,,,,,,,,
South West Khasi Hills,1.1.1,Of which Number registered within first trimester (within 12 weeks),TOTAL,,,,,,,,,,,,,
South West Khasi Hills,1.2,Number of Pregnant women registered under JSY,TOTAL,,,,,,,,,,,,,
South West Khasi Hills,1.3,Number of pregnant women received 3 ANC check ups during pregnancy,TOTAL,,,,,,,,,,,,,
South West Khasi Hills,1.4.1,Number of pregnant women given TT1 during current pregnancy,TOTAL,,,,,,,,,,,,,
South West Khasi Hills,1.4.2,Number of pregnant women given TT2 or Booster during current pregnancy,TOTAL,,,,,,,,,,,,,
South West Khasi Hills,1.5,Total number of pregnant women given 100 IFA tablets,TOTAL,,,,,,,,,,,,,
South West Khasi Hills,1.6.1,Number of new cases of Hypertension (BP>140/90) detected in Pregnant women at the institution,TOTAL,,,,,,,,,,,,,
South West Khasi Hills,1.6.2,Number of Eclampsia cases managed during delivery,TOTAL,,,,,,,,,,,,,
South West Khasi Hills,1.7.1,Number of Pregnant women with anaemia i.e. Hb level<11 (tested cases),TOTAL,,,,,,,,,,,,,
South West Khasi Hills,1.7.2,Number of Pregnant women having severe anaemia (Hb<7) treated at institution,TOTAL,,,,,,,,,,,,,
South West Khasi Hills,1.8,Number of pregnancy test kits used at SC level,TOTAL,,,,,,,,,,,,,
South West Khasi Hills,2.1.1.a,Number of deliveries conducted at Home and attended by trained SBA(i.e. Doctor or Nurse or ANM),TOTAL,,,,,,,,,,,,,
South West Khasi Hills,2.1.1.b,Number of deliveries conducted at Home and attended by non trained SBA (i.e. trained TBA or Relatives etc.),TOTAL,,,,,,,,,,,,,
South West Khasi Hills,2.1.1.c,Total number of deliveries conducted at Home and attended by trained or non-trained SBA (i.e. sum of 2.1.1.a and 2.1.1.b),TOTAL,,,,,,,,,,,,,
South West Khasi Hills,2.1.2,Number of newborns visited within 24 hours of delivery for deliveries conducted at home,TOTAL,,,,,,,,,,,,,
South West Khasi Hills,2.1.3,Number of mothers paid JSY incentive for deliveries conducted at home,TOTAL,,,,,,,,,,,,,
South West Khasi Hills,2.2,Deliveries conducted at Public Institutions (Including C-Sections),TOTAL,,,,,,,,,,,,,
South West Khasi Hills,2.2.1,"Out of 2.2, Number discharged under 48 hours of delivery",TOTAL,,,,,,,,,,,,,
South West Khasi Hills,2.2.2.a,Number of mothers paid JSY Incentive for deliveries conducted at Public Institutions,TOTAL,,,,,,,,,,,,,
South West Khasi Hills,2.2.2.b,Number of ASHAs paid JSY Incentive for deliveries conducted at Public Institutions,TOTAL,,,,,,,,,,,,,
South West Khasi Hills,2.2.2.c,Number of cases of deliveries conducted at Public Institutions where JSY incentive was paid to ANMs or AWWs [only for High Performing States (HPS)],TOTAL,,,,,,,,,,,,,
South West Khasi Hills,2.3,Deliveries conducted at Private Institutions (Including C-Sections),TOTAL,,,,,,,,,,,,,
South West Khasi Hills,2.3.1.a,Number of mothers paid JSY Incentive for deliveries conducted at accredited Private Institutions,TOTAL,,,,,,,,,,,,,
South West Khasi Hills,2.3.1.b,Number of ASHAs paid JSY Incentive for deliveries conducted at accredited Private Institutions,TOTAL,,,,,,,,,,,,,
South West Khasi Hills,2.3.1.c,Number of cases of deliveries conducted at accredited Private Institutions where JSY incentive was paid to ANMs or AWWs [only for High Performing States (HPS)],TOTAL,,,,,,,,,,,,,
South West Khasi Hills,3.1.1,Number of Caesarean (C-Section) deliveries performed at PHCs (Primary Health Centre),TOTAL,,,,,,,,,,,,,
South West Khasi Hills,3.1.2,Number of Caesarean (C-Section) deliveries performed at CHCs (Community Health Centre),TOTAL,,,,,,,,,,,,,
South West Khasi Hills,3.1.3,Number of Caesarean (C-Section) deliveries performed at SDHs (Sub-divisional Hospital) or DHs (District Hospital),TOTAL,,,,,,,,,,,,,
South West Khasi Hills,3.1.4,Number of Caesarean (C-Section) deliveries performed at other State owned public institutions,TOTAL,,,,,,,,,,,,,
South West Khasi Hills,3.1.5,"Total Number of Caesarean (C-Section) deliveries performed at Public facilities i.e. PHC, CHC, SDH, DH and other State owned public institutions (sum of items from 3.1.1 to 3.1.4)",TOTAL,,,,,,,,,,,,,
South West Khasi Hills,3.2,No. of C-section deliveries performed at Private facilities,TOTAL,,,,,,,,,,,,,
South West Khasi Hills,4.1.1.a,Number of male live births,TOTAL,,,,,,,,,,,,,
South West Khasi Hills,4.1.1.b,Number of female live births,TOTAL,,,,,,,,,,,,,
South West Khasi Hills,4.1.1.c,Total number of male and female live births (4.1.1.a and 4.1.1.b),TOTAL,,,,,,,,,,,,,
South West Khasi Hills,4.1.2,Number of still births,TOTAL,,,,,,,,,,,,,
South West Khasi Hills,4.1.3,Number of Abortions (spontaneous or induced),TOTAL,,,,,,,,,,,,,
South West Khasi Hills,4.2.1,Number of Newborns weighed at birth,TOTAL,,,,,,,,,,,,,
South West Khasi Hills,4.2.2,Number of Newborns having weight less than 2.5 kg,TOTAL,,,,,,,,,,,,,
South West Khasi Hills,4.3,Number of Newborns breast fed within 1 hour of birth,TOTAL,,,,,,,,,,,,,
South West Khasi Hills,5.1.1,Number of cases of pregnant women with Obstetric Complications and attended at PHCs,TOTAL,,,,,,,,,,,,,
South West Khasi Hills,5.1.2,Number of cases of pregnant women with Obstetric Complications and attended at CHCs,TOTAL,,,,,,,,,,,,,
South West Khasi Hills,5.1.3,Number of cases of pregnant women with Obstetric Complications and attended at SDHs or DHs,TOTAL,,,,,,,,,,,,,
South West Khasi Hills,5.1.4,Number of cases of pregnant women with Obstetric Complications and attended at other State owned public institutions,TOTAL,,,,,,,,,,,,,
South West Khasi Hills,5.1.5,"Number of cases of pregnant women with Obstetric Complications and attended at Public facilities i.e. PHC, CHC, SDH, DH and other State owned public institutions (sum of items from 5.1.1 to 5.1.4)",TOTAL,,,,,,,,,,,,,
South West Khasi Hills,5.2,Number of cases of pregnant women with Obstetric Complications and attended at Private facilities,TOTAL,,,,,,,,,,,,,
South West Khasi Hills,5.3.1,Number of cases of complicated pregnancies treated with IV antibiotics,TOTAL,,,,,,,,,,,,,
South West Khasi Hills,5.3.2,Number of cases of complicated pregnancies treated with IV Antihypertensive/Magsulph injection,TOTAL,,,,,,,,,,,,,
South West Khasi Hills,5.3.3,Number of cases of complicated pregnancies treated with IV Oxytocis,TOTAL,,,,,,,,,,,,,
South West Khasi Hills,5.3.4,Number of cases of complicated pregnancies treated with Blood Transfusion,TOTAL,,,,,,,,,,,,,
South West Khasi Hills,6.1,Women getting post partum check-up within 48 hours after delivery,TOTAL,,,,,,,,,,,,,
South West Khasi Hills,6.2,Women getting a post partum check up between 48 hours and 14 days after delivery,TOTAL,,,,,,,,,,,,,
South West Khasi Hills,6.3,PNC maternal complications attended,TOTAL,,,,,,,,,,,,,
South West Khasi Hills,7.1.1,Number of MTPs conducted at Public Institutions up to 12 weeks of pregnancy,TOTAL,,,,,,,,,,,,,
South West Khasi Hills,7.1.2,Number of MTPs conducted at Public Institutions for more than 12 weeks of pregnancy,TOTAL,,,,,,,,,,,,,
South West Khasi Hills,7.1.3,Total number of MTPs conducted at Public Institutions (sum of items 7.1.1 and 7.1.2),TOTAL,,,,,,,,,,,,,
South West Khasi Hills,7.2,Number of MTPs conducted at Private Facilities,TOTAL,,,,,,,,,,,,,
South West Khasi Hills,8.1.a,Number of new cases of RTI/STI in males for which treatment was initiated,TOTAL,,,,,,,,,,,,,
South West Khasi Hills,8.1.b,Number of new cases of RTI/STI in females for which treatment was initiated,TOTAL,,,,,,,,,,,,,
South West Khasi Hills,8.1.c,Total number of new cases of RTI/STI in males and females for which treatment was initiated (sum of items 8.1.a and 8.1.b),TOTAL,,,,,,,,,,,,,
South West Khasi Hills,8.2,Number of suspected RTI/STI cases for whom wet mount test was conducted,TOTAL,,,,,,,,,,,,,
South West Khasi Hills,9.1.1.a,Number of NSV (No Scalpel Vasectomy) or Conventional Vasectomy conducted at PHCs,TOTAL,,,,,,,,,,,,,
South West Khasi Hills,9.1.1.b,Number of NSV or Conventional Vasectomy conducted at CHCs,TOTAL,,,,,,,,,,,,,
South West Khasi Hills,9.1.1.c,Number of NSV or Conventional Vasectomy conducted at SDHs or DHs,TOTAL,,,,,,,,,,,,,
South West Khasi Hills,9.1.1.d,Number of NSV or Conventional Vasectomy conducted at other State owned public institutions,TOTAL,,,,,,,,,,,,,
South West Khasi Hills,9.1.1.e,"Total Number of NSV or Conventional Vasectomy conducted at Public facilities i.e. PHC, CHC, SDH, DH and other State owned public institutions (sum of items from 9.1.1.a to 9.1.1.d)",TOTAL,,,,,,,,,,,,,
South West Khasi Hills,9.1.2,Number of NSV or Conventional Vasectomy conducted at Private facilities,TOTAL,,,,,,,,,,,,,
South West Khasi Hills,9.2.1.a,Number of Laparoscopic sterilizations conducted at PHCs,TOTAL,,,,,,,,,,,,,
South West Khasi Hills,9.2.1.b,Number of Laparoscopic sterilizations conducted at CHCs,TOTAL,,,,,,,,,,,,,
South West Khasi Hills,9.2.1.c,Number of Laparoscopic sterilizations conducted at SDHs or DHs,TOTAL,,,,,,,,,,,,,
South West Khasi Hills,9.2.1.d,Number of Laparoscopic sterilizations conducted at other State owned public institutions,TOTAL,,,,,,,,,,,,,
South West Khasi Hills,9.2.1.e,"Total Number of Laparoscopic sterilizations conducted at Public facilities i.e. PHC, CHC, SDH, DH and other State owned public institutions (sum of items from 9.2.1.a to 9.2.1.d)",TOTAL,,,,,,,,,,,,,
South West Khasi Hills,9.2.2,Number of Laparoscopic sterilizations conducted at Private facilities,TOTAL,,,,,,,,,,,,,
South West Khasi Hills,9.3.1.a,Number of Mini-lap sterilizations conducted at PHCs,TOTAL,,,,,,,,,,,,,
South West Khasi Hills,9.3.1.b,Number of Mini-lap sterilizations conducted at CHCs,TOTAL,,,,,,,,,,,,,
South West Khasi Hills,9.3.1.c,Number of Mini-lap sterilizations conducted at SDHs or DHs,TOTAL,,,,,,,,,,,,,
South West Khasi Hills,9.3.1.d,Number of Mini-lap sterilizations conducted at other State owned public institutions,TOTAL,,,,,,,,,,,,,
South West Khasi Hills,9.3.1.e,"Total Number of Mini-lap sterilizations conducted at Public facilities i.e. PHC, CHC, SDH, DH and other State owned public institutions (sum of items from 9.3.1.a to 9.3.1.d)",TOTAL,,,,,,,,,,,,,
South West Khasi Hills,9.3.2,Number of Mini-lap sterilizations conducted at Private facilities,TOTAL,,,,,,,,,,,,,
South West Khasi Hills,9.4.1.a,Number of Post-Partum sterilizations conducted at PHCs,TOTAL,,,,,,,,,,,,,
South West Khasi Hills,9.4.1.b,Number of Post-Partum sterilizations conducted at CHCs,TOTAL,,,,,,,,,,,,,
South West Khasi Hills,9.4.1.c,Number of Post-Partum sterilizations conducted at SDHs or DHs,TOTAL,,,,,,,,,,,,,
South West Khasi Hills,9.4.1.d,Number of Post-Partum sterilizations conducted at other State owned public institutions,TOTAL,,,,,,,,,,,,,
South West Khasi Hills,9.4.1.e,"Total Number of Post-Partum sterilizations conducted at Public facilities i.e. PHC, CHC, SDH, DH and other State owned public institutions (sum of items from 9.4.1.a to 9.4.1.d)",TOTAL,,,,,,,,,,,,,
South West Khasi Hills,9.4.2,Number of Post-Partum sterilizations conducted at Private facilities,TOTAL,,,,,,,,,,,,,
South West Khasi Hills,9.5.1.a,Number of IUCD Insertions conducted at SCs,TOTAL,,,,,,,,,,,,,
South West Khasi Hills,9.5.1.b,Number of IUCD Insertions conducted at PHCs,TOTAL,,,,,,,,,,,,,
South West Khasi Hills,9.5.1.c,Number of IUCD Insertions conducted at CHCs,TOTAL,,,,,,,,,,,,,
South West Khasi Hills,9.5.1.d,Number of IUCD Insertions conducted at SDHs or DHs,TOTAL,,,,,,,,,,,,,
South West Khasi Hills,9.5.1.e,Number of IUCD Insertions conducted at other State owned public institutions,TOTAL,,,,,,,,,,,,,
South West Khasi Hills,9.5.1.f,"Total Number of IUCD Insertions conducted at Public facilities i.e. SC, PHC, CHC, SDH, DH and other State owned public institutions (sum of items from 9.5.1.a to 9.5.1.e)",TOTAL,,,,,,,,,,,,,
South West Khasi Hills,9.5.1A,"Out of above total, Post Partum (within 48 hours of delivery) IUCD insertions",TOTAL,,,,,,,,,,,,,
South West Khasi Hills,9.5.2,Number of IUCD Insertions conducted at Private facilities,TOTAL,,,,,,,,,,,,,
South West Khasi Hills,9.06,Number of IUCD removals,TOTAL,,,,,,,,,,,,,
South West Khasi Hills,9.07,Number of Oral Pills cycles distributed,TOTAL,,,,,,,,,,,,,
South West Khasi Hills,9.08,Number of Condom pieces distributed,TOTAL,,,,,,,,,,,,,
South West Khasi Hills,9.09,Number of Centchroman (weekly) pills given,TOTAL,,,,,,,,,,,,,
South West Khasi Hills,9.10,Number of Emergency Contraceptive Pills distributed,TOTAL,,,,,,,,,,,,,
South West Khasi Hills,9.11.1.a,Number of cases of complications following male sterilization,TOTAL,,,,,,,,,,,,,
South West Khasi Hills,9.11.1.b,Number of cases of complications following female sterilization,TOTAL,,,,,,,,,,,,,
South West Khasi Hills,9.11.2.a,Number of failures following male sterilization,TOTAL,,,,,,,,,,,,,
South West Khasi Hills,9.11.2.b,Number of failures following female sterilization,TOTAL,,,,,,,,,,,,,
South West Khasi Hills,9.11.3.a,Number of deaths following male sterilization,TOTAL,,,,,,,,,,,,,
South West Khasi Hills,9.11.3.b,Number of deaths following female sterilization,TOTAL,,,,,,,,,,,,,
South West Khasi Hills,9.12,Number of Institutions having NSV trained doctors,TOTAL,,,,,,,,,,,,,-1.0
South West Khasi Hills,10.1.01,Number of Infants (0 to 11 months old)received BCG immunisation,TOTAL,,,,,,,,,,,,,
South West Khasi Hills,10.1.02,Number of Infants (0 to 11 months old) received DPT1 immunisation,TOTAL,,,,,,,,,,,,,
South West Khasi Hills,10.1.03,Number of Infants (0 to 11 months old) received DPT2 immunisation,TOTAL,,,,,,,,,,,,,
South West Khasi Hills,10.1.04,Number of Infants (0 to 11 months old) received DPT3 immunisation,TOTAL,,,,,,,,,,,,,
South West Khasi Hills,10.1.04A,Number of Infants (0 to 11 months old) received Pentavalent1 immunisation,TOTAL,,,,,,,,,,,,,
South West Khasi Hills,10.1.04B,Number of Infants (0 to 11 months old) received Pentavalent2 immunisation,TOTAL,,,,,,,,,,,,,
South West Khasi Hills,10.1.04C,Number of Infants (0 to 11 months old) received Pentavalent3 immunisation,TOTAL,,,,,,,,,,,,,
South West Khasi Hills,10.1.05,Number of Infants (0 to 11 months old) received OPV 0 (Birth Dose),TOTAL,,,,,,,,,,,,,
South West Khasi Hills,10.1.06,Number of Infants (0 to 11 months old) received OPV1 (First Dose),TOTAL,,,,,,,,,,,,,
South West Khasi Hills,10.1.07,Number of Infants (0 to 11 months old) received OPV2 (Second Dose),TOTAL,,,,,,,,,,,,,
South West Khasi Hills,10.1.08,Number of Infants (0 to 11 months old) received OPV3 (Third Dose),TOTAL,,,,,,,,,,,,,
South West Khasi Hills,10.1.09A,Number of Infants (upto 48 hrs of age) received Hepatitis-B0 immunisation,TOTAL,,,,,,,,,,,,,
South West Khasi Hills,10.1.09,Number of Infants (0 to 11 months old) received Hepatitis-B1 immunisation,TOTAL,,,,,,,,,,,,,
South West Khasi Hills,10.1.10,Number of Infants (0 to 11 months old) received Hepatitis-B2 immunisation,TOTAL,,,,,,,,,,,,,
South West Khasi Hills,10.1.11,Number of Infants (0 to 11 months old) received Hepatitis-B3 immunisation,TOTAL,,,,,,,,,,,,,
South West Khasi Hills,10.1.12,Number of Infants (0 to 11 months old) received Measles immunisation (First Dose),TOTAL,,,,,,,,,,,,,
South West Khasi Hills,10.1.12B,Number of Infants (more than 16 months old) received Measles immunisation (Second Dose),TOTAL,,,,,,,,,,,,,
South West Khasi Hills,10.1A,No. of Children aged 9 to 12 months who received JE 1st dose,TOTAL,,,,,,,,,,,,,
South West Khasi Hills,10.1.13.a,Total number of male children (9 to 11 months old) fully immunised (BCG+DPT123/Pentavalent123+OPV123+Measles) during the month,TOTAL,,,,,,,,,,,,,
South West Khasi Hills,10.1.13.b,Total number of female children (9 to 11 months old) fully immunised (BCG+DPT123/Pentavalent123+OPV123+Measles) during the month,TOTAL,,,,,,,,,,,,,
South West Khasi Hills,10.1.13.c,Total number of children (9 to 11 months old) fully immunised (BCG+DPT123/Pentavalent123+OPV123+Measles) during the month (sum of items 10.1.13.a and 10.1.13.b),TOTAL,,,,,,,,,,,,,
South West Khasi Hills,10.2.1,Number of Infants (more than 16 months old) received DPT Booster dose,TOTAL,,,,,,,,,,,,,
South West Khasi Hills,10.2.2,Number of Infants (more than 16 months old) received OPV Booster dose,TOTAL,,,,,,,,,,,,,
South West Khasi Hills,10.2.3,"Number of Infants (more than 16 months old) received Measles, Mumps, Rubella (MMR) Vaccination",TOTAL,,,,,,,,,,,,,
South West Khasi Hills,10.3.1.a,Total number of male children (12 to 23 months old) fully immunised (BCG+DPT123/Pentavalent123+OPV123+Measles) during the month,TOTAL,,,,,,,,,,,,,
South West Khasi Hills,10.3.1.b,Total number of female children (12 to 23 months old) fully immunised (BCG+DPT123/Pentavalent123+OPV123+Measles) during the month,TOTAL,,,,,,,,,,,,,
South West Khasi Hills,10.3.1.c,Total number of children (12 to 23 months old) fully immunised (BCG+DPT123+OPV123/Pentavalent123+Measles) during the month (sum of items 10.3.1.a and 10.3.1.b),TOTAL,,,,,,,,,,,,,
South West Khasi Hills,10.3.2,Number of children (more than 5 years old) given DT5,TOTAL,,,,,,,,,,,,,
South West Khasi Hills,10.3.3,Number of children (more than 10 years old) given TT10,TOTAL,,,,,,,,,,,,,
South West Khasi Hills,10.3.4,Number of children (more than 16 years old) given TT16,TOTAL,,,,,,,,,,,,,
South West Khasi Hills,10.3.5.a,Number of cases of Abscess reported following immunisation [Adverse Event Following Immunisation (AEFI)],TOTAL,,,,,,,,,,,,,
South West Khasi Hills,10.3.5.b,Number of cases of Death reported following immunisation [Adverse Event Following Immunisation (AEFI)],TOTAL,,,,,,,,,,,,,
South West Khasi Hills,10.3.5.c,Number of cases of other complications reported following immunisation [Adverse Event Following Immunisation (AEFI)],TOTAL,,,,,,,,,,,,,
South West Khasi Hills,10.4.1,Number of Immunisation sessions planned to be held during the month,TOTAL,,,,,,,,,,,,,
South West Khasi Hills,10.4.2,Number of Immunisation sessions held during the month,TOTAL,,,,,,,,,,,,,
South West Khasi Hills,10.4.3,Number of Immunisation sessions held during the month where ASHAs were present,TOTAL,,,,,,,,,,,,,
South West Khasi Hills,10.5.1,Number of children (more than 16 months old) received Japanese Encephalitis (JE) vaccination,TOTAL,,,,,,,,,,,,,
South West Khasi Hills,11.1.1,Number of children (9 months to 5 years old) administered 1st dose of Vitamin A (Dose-1),TOTAL,,,,,,,,,,,,,
South West Khasi Hills,11.1.2,Number of children (9 months to 5 years old) were administered 5th dose of Vitamin A (Dose-5),TOTAL,,,,,,,,,,,,,
South West Khasi Hills,11.1.3,Number of children (9 months to 5 years old) administered 9th dose of Vitamin A (Dose-9),TOTAL,,,,,,,,,,,,,
South West Khasi Hills,12.1,Number of cases of Diptheria reported in children below 5 years of age,TOTAL,,,,,,,,,,,,,
South West Khasi Hills,12.2,Number of cases of Pertusis reported in children below 5 years of age,TOTAL,,,,,,,,,,,,,
South West Khasi Hills,12.3,Number of cases of Tetanus neonatarum reported in children below 5 years of age,TOTAL,,,,,,,,,,,,,
South West Khasi Hills,12.4,Number of cases of Tetanus other than neonatarum reported in children below 5 years of age,TOTAL,,,,,,,,,,,,,
South West Khasi Hills,12.5,Number of cases of Polio reported in children below 5 years of age,TOTAL,,,,,,,,,,,,,
South West Khasi Hills,12.6,Number of cases of Measles reported in children below 5 years of age,TOTAL,,,,,,,,,,,,,
South West Khasi Hills,12.7,Number of cases of Diarrhoea and Dehydration reported in children below 5 years of age,TOTAL,,,,,,,,,,,,,
South West Khasi Hills,12.8,Number of cases of Malaria reported in children below 5 years of age,TOTAL,,,,,,,,,,,,,
South West Khasi Hills,12.9,Number of children below 5 years of age admitted with Respiratory Infections,TOTAL,,,,,,,,,,,,,
South West Khasi Hills,13.1,Number of Patients operated for cataract,TOTAL,,,,,,,,,,,,,
South West Khasi Hills,13.2,Number of Intraocular Lens(IOL) implantations,TOTAL,,,,,,,,,,,,,
South West Khasi Hills,13.3,Number of School children detected with Refractive errors,TOTAL,,,,,,,,,,,,,
South West Khasi Hills,13.4,Number of children provided free glasses,TOTAL,,,,,,,,,,,,,
South West Khasi Hills,13.5,Number of eyes collected through eye donation,TOTAL,,,,,,,,,,,,,
South West Khasi Hills,13.6,Number of eyes utilised for corneal transplant,TOTAL,,,,,,,,,,,,,
South West Khasi Hills,14.01,Number of CHC or SDH or DH functioning as First Referral units (FRUs),TOTAL,,,,,,,,,,,,,-1.0
South West Khasi Hills,14.02,Number of PHCs functioning 24X7 with atleast 3 Staff Nurses,TOTAL,,,,,,,,,,,,,-1.0
South West Khasi Hills,14.03,Number of Anganwadi centres reported to have conducted VHNDs,TOTAL,,,,,,,,,,,,,-1.0
South West Khasi Hills,14.04,Number of facilities having a Rogi Kalyan Samiti (RKS),TOTAL,,,,,,,,,,,,,-1.0
South West Khasi Hills,14.05,Number of RKS meetings held during the month,TOTAL,,,,,,,,,,,,,
South West Khasi Hills,14.06,Number of facilities having Ambulance services (Assured Referral Services),TOTAL,,,,,,,,,,,,,-1.0
South West Khasi Hills,14.07,Total Number of times the Ambulance was used for transporting patients during the month,TOTAL,,,,,,,,,,,,,
South West Khasi Hills,14.08,Number of Institutions having Operational Sick New Born and Child Care Units (SNCU),TOTAL,,,,,,,,,,,,,-1.0
South West Khasi Hills,14.09,Number of functional Laproscopes in CHC/SDH/DH,TOTAL,,,,,,,,,,,,,-1.0
South West Khasi Hills,14.10.1.a,Number of male patients admitted (Inpatients) during the month,1. Children,,,,,,,,,,,,,
South West Khasi Hills,14.10.1.a,Number of male patients admitted (Inpatients) during the month,2. Adults,,,,,,,,,,,,,
South West Khasi Hills,14.10.1.b,Number of female patients (Inpatients) admitted during the month,1. Children,,,,,,,,,,,,,
South West Khasi Hills,14.10.1.b,Number of female patients (Inpatients) admitted during the month,2. Adults,,,,,,,,,,,,,
South West Khasi Hills,14.10.1.c,Total number of patients admitted (Inpatients) during the month (sum of items 14.10.1.a and 14.10.1.b),1. Children,,,,,,,,,,,,,
South West Khasi Hills,14.10.1.c,Total number of patients admitted (Inpatients) during the month (sum of items 14.10.1.a and 14.10.1.b),2. Adults,,,,,,,,,,,,,
South West Khasi Hills,14.10.2.a,Number of death cases of Inpatient males,TOTAL,,,,,,,,,,,,,
South West Khasi Hills,14.10.2.b,Number of death cases of Inpatient females,TOTAL,,,,,,,,,,,,,
South West Khasi Hills,14.10.2.c,Number of cases of death of Inpatients (sum of items 14.10.2.a and 14.10.2.b),TOTAL,,,,,,,,,,,,,
South West Khasi Hills,14.11,In-Patient Head Count at midnight,TOTAL,,,,,,,,,,,,,
South West Khasi Hills,14.12.1,OPD attendance (All),TOTAL,,,,,,,,,,,,,
South West Khasi Hills,14.13.1,Number of major operations carried out using general or spinal anaesthesia,TOTAL,,,,,,,,,,,,,
South West Khasi Hills,14.13.1A,"Out of 14.13.1,Gynecology- Hysterectomy surgeries",TOTAL,,,,,,,,,,,,,
South West Khasi Hills,14.13.2,Number of minor operations carried out without anaesthesia or using local anaesthesia,TOTAL,,,,,,,,,,,,,
South West Khasi Hills,14.14.a,Number of patients given AYUSH treatment,TOTAL,,,,,,,,,,,,,
South West Khasi Hills,14.14.b,Number of patients on whom Dental Procedure was conducted,TOTAL,,,,,,,,,,,,,
South West Khasi Hills,14.14.c,Number of Adolescents counselled,TOTAL,,,,,,,,,,,,,
South West Khasi Hills,15.1.1.a,Number of Haemoglobin (Hb) tests conducted,TOTAL,,,,,,,,,,,,,
South West Khasi Hills,15.1.1.b,"Out of the total number of Hb tests conducted, number of cases having Hb less than 7gm/dl",TOTAL,,,,,,,,,,,,,
South West Khasi Hills,15.1.2.a,Number of HIV tests conducted on males,1. Number tested,,,,,,,,,,,,,
South West Khasi Hills,15.1.2.a,Number of HIV tests conducted on males,2. Number Positive,,,,,,,,,,,,,
South West Khasi Hills,15.1.2.b,Number of HIV tests conducted on Female-Non ANC (i.e. non pregnant females),1. Number tested,,,,,,,,,,,,,
South West Khasi Hills,15.1.2.b,Number of HIV tests conducted on Female-Non ANC (i.e. non pregnant females),2. Number Positive,,,,,,,,,,,,,
South West Khasi Hills,15.1.2.c,Number of HIV tests conducted on Female with ANC (i.e. pregnant females),1. Number tested,,,,,,,,,,,,,
South West Khasi Hills,15.1.2.c,Number of HIV tests conducted on Female with ANC (i.e. pregnant females),2. Number Positive,,,,,,,,,,,,,
South West Khasi Hills,15.1.2.d,Total number of HIV tests conducted (sum of items 15.1.2.a to 15.1.2.c),1. Number tested,,,,,,,,,,,,,
South West Khasi Hills,15.1.2.d,Total number of HIV tests conducted (sum of items 15.1.2.a to 15.1.2.c),2. Number Positive,,,,,,,,,,,,,
South West Khasi Hills,15.2,Number of Widal tests conducted,Number tested,,,,,,,,,,,,,
South West Khasi Hills,15.3.a,Number of VDRL tests conducted on males,Number tested,,,,,,,,,,,,,
South West Khasi Hills,15.3.b,Number of VDRL tests conducted on Female-Non ANC (i.e. non pregnant females),Number tested,,,,,,,,,,,,,
South West Khasi Hills,15.3.c,Number of VDRL tests conducted on Female with ANC (i.e. pregnant females),Number tested,,,,,,,,,,,,,
South West Khasi Hills,15.3.d,Total number of VDRL tests conducted (sum of items 15.3.a to 15.3.c),Number tested,,,,,,,,,,,,,
South West Khasi Hills,15.4.1,Number of blood smears examined for Malaria,TOTAL,,,,,,,,,,,,,
South West Khasi Hills,15.4.2,"Out of blood smears examined for malaria, number of blood smears tested positive for Plasmodium Vivax",TOTAL,,,,,,,,,,,,,
South West Khasi Hills,15.4.3,"Out of blood smears examined for malaria, number of blood smears tested positive for Plasmodium Falciparum",TOTAL,,,,,,,,,,,,,
South West Khasi Hills,16.1.1,Stock position of DPT vaccines,1. Balance From Previous Month,,,,,,,,,,,,,
South West Khasi Hills,16.1.1,Stock position of DPT vaccines,2. Stocks Received,,,,,,,,,,,,,
South West Khasi Hills,16.1.1,Stock position of DPT vaccines,3. Unusable Stock,,,,,,,,,,,,,
South West Khasi Hills,16.1.1,Stock position of DPT vaccines,4. Stock Distributed,,,,,,,,,,,,,
South West Khasi Hills,16.1.1,Stock position of DPT vaccines,5. Total Stock,0.0,0.0,0.0,0.0,0.0,0.0,0.0,0.0,0.0,0.0,0.0,0.0,0.0
South West Khasi Hills,16.1.1A,Stock Position of Pentavalent,1. Balance From Previous Month,,,,,,,,,,,,,
South West Khasi Hills,16.1.1A,Stock Position of Pentavalent,2. Stocks Received,,,,,,,,,,,,,
South West Khasi Hills,16.1.1A,Stock Position of Pentavalent,3. Unusable Stock,,,,,,,,,,,,,
South West Khasi Hills,16.1.1A,Stock Position of Pentavalent,4. Stock Distributed,,,,,,,,,,,,,
South West Khasi Hills,16.1.1A,Stock Position of Pentavalent,5. Total Stock,0.0,0.0,0.0,0.0,0.0,0.0,0.0,0.0,0.0,0.0,0.0,0.0,0.0
South West Khasi Hills,16.1.2,Stock position of OPV vaccines,1. Balance From Previous Month,,,,,,,,,,,,,
South West Khasi Hills,16.1.2,Stock position of OPV vaccines,2. Stocks Received,,,,,,,,,,,,,
South West Khasi Hills,16.1.2,Stock position of OPV vaccines,3. Unusable Stock,,,,,,,,,,,,,
South West Khasi Hills,16.1.2,Stock position of OPV vaccines,4. Stock Distributed,,,,,,,,,,,,,
South West Khasi Hills,16.1.2,Stock position of OPV vaccines,5. Total Stock,0.0,0.0,0.0,0.0,0.0,0.0,0.0,0.0,0.0,0.0,0.0,0.0,0.0
South West Khasi Hills,16.1.3,Stock position of TT vaccines,1. Balance From Previous Month,,,,,,,,,,,,,
South West Khasi Hills,16.1.3,Stock position of TT vaccines,2. Stocks Received,,,,,,,,,,,,,
South West Khasi Hills,16.1.3,Stock position of TT vaccines,3. Unusable Stock,,,,,,,,,,,,,
South West Khasi Hills,16.1.3,Stock position of TT vaccines,4. Stock Distributed,,,,,,,,,,,,,
South West Khasi Hills,16.1.3,Stock position of TT vaccines,5. Total Stock,0.0,0.0,0.0,0.0,0.0,0.0,0.0,0.0,0.0,0.0,0.0,0.0,0.0
South West Khasi Hills,16.1.4,Stock position of DT vaccines,1. Balance From Previous Month,,,,,,,,,,,,,
South West Khasi Hills,16.1.4,Stock position of DT vaccines,2. Stocks Received,,,,,,,,,,,,,
South West Khasi Hills,16.1.4,Stock position of DT vaccines,3. Unusable Stock,,,,,,,,,,,,,
South West Khasi Hills,16.1.4,Stock position of DT vaccines,4. Stock Distributed,,,,,,,,,,,,,
South West Khasi Hills,16.1.4,Stock position of DT vaccines,5. Total Stock,0.0,0.0,0.0,0.0,0.0,0.0,0.0,0.0,0.0,0.0,0.0,0.0,0.0
South West Khasi Hills,16.1.5,Stock position of BCG vaccines,1. Balance From Previous Month,,,,,,,,,,,,,
South West Khasi Hills,16.1.5,Stock position of BCG vaccines,2. Stocks Received,,,,,,,,,,,,,
South West Khasi Hills,16.1.5,Stock position of BCG vaccines,3. Unusable Stock,,,,,,,,,,,,,
South West Khasi Hills,16.1.5,Stock position of BCG vaccines,4. Stock Distributed,,,,,,,,,,,,,
South West Khasi Hills,16.1.5,Stock position of BCG vaccines,5. Total Stock,0.0,0.0,0.0,0.0,0.0,0.0,0.0,0.0,0.0,0.0,0.0,0.0,0.0
South West Khasi Hills,16.1.6,Stock position of Measles vaccines,1. Balance From Previous Month,,,,,,,,,,,,,
South West Khasi Hills,16.1.6,Stock position of Measles vaccines,2. Stocks Received,,,,,,,,,,,,,
South West Khasi Hills,16.1.6,Stock position of Measles vaccines,3. Unusable Stock,,,,,,,,,,,,,
South West Khasi Hills,16.1.6,Stock position of Measles vaccines,4. Stock Distributed,,,,,,,,,,,,,
South West Khasi Hills,16.1.6,Stock position of Measles vaccines,5. Total Stock,0.0,0.0,0.0,0.0,0.0,0.0,0.0,0.0,0.0,0.0,0.0,0.0,0.0
South West Khasi Hills,16.1.7,Stock position of JE vaccines,1. Balance From Previous Month,,,,,,,,,,,,,
South West Khasi Hills,16.1.7,Stock position of JE vaccines,2. Stocks Received,,,,,,,,,,,,,
South West Khasi Hills,16.1.7,Stock position of JE vaccines,3. Unusable Stock,,,,,,,,,,,,,
South West Khasi Hills,16.1.7,Stock position of JE vaccines,4. Stock Distributed,,,,,,,,,,,,,
South West Khasi Hills,16.1.7,Stock position of JE vaccines,5. Total Stock,0.0,0.0,0.0,0.0,0.0,0.0,0.0,0.0,0.0,0.0,0.0,0.0,0.0
South West Khasi Hills,16.1.8,Stock position of Hepatitis B vaccines,1. Balance From Previous Month,,,,,,,,,,,,,
South West Khasi Hills,16.1.8,Stock position of Hepatitis B vaccines,2. Stocks Received,,,,,,,,,,,,,
South West Khasi Hills,16.1.8,Stock position of Hepatitis B vaccines,3. Unusable Stock,,,,,,,,,,,,,
South West Khasi Hills,16.1.8,Stock position of Hepatitis B vaccines,4. Stock Distributed,,,,,,,,,,,,,
South West Khasi Hills,16.1.8,Stock position of Hepatitis B vaccines,5. Total Stock,0.0,0.0,0.0,0.0,0.0,0.0,0.0,0.0,0.0,0.0,0.0,0.0,0.0
South West Khasi Hills,16.2.1,Stock Position of IU 380 A (to be used for Family Planning),1. Balance From Previous Month,,,,,,,,,,,,,
South West Khasi Hills,16.2.1,Stock Position of IU 380 A (to be used for Family Planning),2. Stocks Received,,,,,,,,,,,,,
South West Khasi Hills,16.2.1,Stock Position of IU 380 A (to be used for Family Planning),3. Unusable Stock,,,,,,,,,,,,,
South West Khasi Hills,16.2.1,Stock Position of IU 380 A (to be used for Family Planning),4. Stock Distributed,,,,,,,,,,,,,
South West Khasi Hills,16.2.1,Stock Position of IU 380 A (to be used for Family Planning),5. Total Stock,0.0,0.0,0.0,0.0,0.0,0.0,0.0,0.0,0.0,0.0,0.0,0.0,0.0
South West Khasi Hills,16.2.2,Stock Position of Condoms (to be used for Family Planning),1. Balance From Previous Month,,,,,,,,,,,,,
South West Khasi Hills,16.2.2,Stock Position of Condoms (to be used for Family Planning),2. Stocks Received,,,,,,,,,,,,,
South West Khasi Hills,16.2.2,Stock Position of Condoms (to be used for Family Planning),3. Unusable Stock,,,,,,,,,,,,,
South West Khasi Hills,16.2.2,Stock Position of Condoms (to be used for Family Planning),4. Stock Distributed,,,,,,,,,,,,,
South West Khasi Hills,16.2.2,Stock Position of Condoms (to be used for Family Planning),5. Total Stock,0.0,0.0,0.0,0.0,0.0,0.0,0.0,0.0,0.0,0.0,0.0,0.0,0.0
South West Khasi Hills,16.2.3,Stock Position of Oral Contraceptive (to be used for Family Planning),1. Balance From Previous Month,,,,,,,,,,,,,
South West Khasi Hills,16.2.3,Stock Position of Oral Contraceptive (to be used for Family Planning),2. Stocks Received,,,,,,,,,,,,,
South West Khasi Hills,16.2.3,Stock Position of Oral Contraceptive (to be used for Family Planning),3. Unusable Stock,,,,,,,,,,,,,
South West Khasi Hills,16.2.3,Stock Position of Oral Contraceptive (to be used for Family Planning),4. Stock Distributed,,,,,,,,,,,,,
South West Khasi Hills,16.2.3,Stock Position of Oral Contraceptive (to be used for Family Planning),5. Total Stock,0.0,0.0,0.0,0.0,0.0,0.0,0.0,0.0,0.0,0.0,0.0,0.0,0.0
South West Khasi Hills,16.2.4,Stock Position of Emergency Contraceptive (to be used for Family Planning),1. Balance From Previous Month,,,,,,,,,,,,,
South West Khasi Hills,16.2.4,Stock Position of Emergency Contraceptive (to be used for Family Planning),2. Stocks Received,,,,,,,,,,,,,
South West Khasi Hills,16.2.4,Stock Position of Emergency Contraceptive (to be used for Family Planning),3. Unusable Stock,,,,,,,,,,,,,
South West Khasi Hills,16.2.4,Stock Position of Emergency Contraceptive (to be used for Family Planning),4. Stock Distributed,,,,,,,,,,,,,
South West Khasi Hills,16.2.4,Stock Position of Emergency Contraceptive (to be used for Family Planning),5. Total Stock,0.0,0.0,0.0,0.0,0.0,0.0,0.0,0.0,0.0,0.0,0.0,0.0,0.0
South West Khasi Hills,16.2.5,Stock Position of Tubal Rings (to be used for Family Planning),1. Balance From Previous Month,,,,,,,,,,,,,
South West Khasi Hills,16.2.5,Stock Position of Tubal Rings (to be used for Family Planning),2. Stocks Received,,,,,,,,,,,,,
South West Khasi Hills,16.2.5,Stock Position of Tubal Rings (to be used for Family Planning),3. Unusable Stock,,,,,,,,,,,,,
South West Khasi Hills,16.2.5,Stock Position of Tubal Rings (to be used for Family Planning),4. Stock Distributed,,,,,,,,,,,,,
South West Khasi Hills,16.2.5,Stock Position of Tubal Rings (to be used for Family Planning),5. Total Stock,0.0,0.0,0.0,0.0,0.0,0.0,0.0,0.0,0.0,0.0,0.0,0.0,0.0
South West Khasi Hills,16.3.01,Stock Position of Oxytocin Injection,1. Balance From Previous Month,,,,,,,,,,,,,
South West Khasi Hills,16.3.01,Stock Position of Oxytocin Injection,2. Stocks Received,,,,,,,,,,,,,
South West Khasi Hills,16.3.01,Stock Position of Oxytocin Injection,3. Unusable Stock,,,,,,,,,,,,,
South West Khasi Hills,16.3.01,Stock Position of Oxytocin Injection,4. Stock Distributed,,,,,,,,,,,,,
South West Khasi Hills,16.3.01,Stock Position of Oxytocin Injection,5. Total Stock,0.0,0.0,0.0,0.0,0.0,0.0,0.0,0.0,0.0,0.0,0.0,0.0,0.0
South West Khasi Hills,16.3.02,Stock Position of Gloves,1. Balance From Previous Month,,,,,,,,,,,,,
South West Khasi Hills,16.3.02,Stock Position of Gloves,2. Stocks Received,,,,,,,,,,,,,
South West Khasi Hills,16.3.02,Stock Position of Gloves,3. Unusable Stock,,,,,,,,,,,,,
South West Khasi Hills,16.3.02,Stock Position of Gloves,4. Stock Distributed,,,,,,,,,,,,,
South West Khasi Hills,16.3.02,Stock Position of Gloves,5. Total Stock,0.0,0.0,0.0,0.0,0.0,0.0,0.0,0.0,0.0,0.0,0.0,0.0,0.0
South West Khasi Hills,16.3.03,Stock Position of MVA Syringes,1. Balance From Previous Month,,,,,,,,,,,,,
South West Khasi Hills,16.3.03,Stock Position of MVA Syringes,2. Stocks Received,,,,,,,,,,,,,
South West Khasi Hills,16.3.03,Stock Position of MVA Syringes,3. Unusable Stock,,,,,,,,,,,,,
South West Khasi Hills,16.3.03,Stock Position of MVA Syringes,4. Stock Distributed,,,,,,,,,,,,,
South West Khasi Hills,16.3.03,Stock Position of MVA Syringes,5. Total Stock,0.0,0.0,0.0,0.0,0.0,0.0,0.0,0.0,0.0,0.0,0.0,0.0,0.0
South West Khasi Hills,16.3.04,Stock Position of Fluconazole Tablets,1. Balance From Previous Month,,,,,,,,,,,,,
South West Khasi Hills,16.3.04,Stock Position of Fluconazole Tablets,2. Stocks Received,,,,,,,,,,,,,
South West Khasi Hills,16.3.04,Stock Position of Fluconazole Tablets,3. Unusable Stock,,,,,,,,,,,,,
South West Khasi Hills,16.3.04,Stock Position of Fluconazole Tablets,4. Stock Distributed,,,,,,,,,,,,,
South West Khasi Hills,16.3.04,Stock Position of Fluconazole Tablets,5. Total Stock,0.0,0.0,0.0,0.0,0.0,0.0,0.0,0.0,0.0,0.0,0.0,0.0,0.0
South West Khasi Hills,16.3.05,Stock Position of Blood Transfusion Sets,1. Balance From Previous Month,,,,,,,,,,,,,
South West Khasi Hills,16.3.05,Stock Position of Blood Transfusion Sets,2. Stocks Received,,,,,,,,,,,,,
South West Khasi Hills,16.3.05,Stock Position of Blood Transfusion Sets,3. Unusable Stock,,,,,,,,,,,,,
South West Khasi Hills,16.3.05,Stock Position of Blood Transfusion Sets,4. Stock Distributed,,,,,,,,,,,,,
South West Khasi Hills,16.3.05,Stock Position of Blood Transfusion Sets,5. Total Stock,0.0,0.0,0.0,0.0,0.0,0.0,0.0,0.0,0.0,0.0,0.0,0.0,0.0
South West Khasi Hills,16.3.06,Stock Position of Gluteraldehyde solution of 2% concentration,1. Balance From Previous Month,,,,,,,,,,,,,
South West Khasi Hills,16.3.06,Stock Position of Gluteraldehyde solution of 2% concentration,2. Stocks Received,,,,,,,,,,,,,
South West Khasi Hills,16.3.06,Stock Position of Gluteraldehyde solution of 2% concentration,3. Unusable Stock,,,,,,,,,,,,,
South West Khasi Hills,16.3.06,Stock Position of Gluteraldehyde solution of 2% concentration,4. Stock Distributed,,,,,,,,,,,,,
South West Khasi Hills,16.3.06,Stock Position of Gluteraldehyde solution of 2% concentration,5. Total Stock,0.0,0.0,0.0,0.0,0.0,0.0,0.0,0.0,0.0,0.0,0.0,0.0,0.0
South West Khasi Hills,16.3.07,Stock Position of IFA Tablets,1. Balance From Previous Month,,,,,,,,,,,,,
South West Khasi Hills,16.3.07,Stock Position of IFA Tablets,2. Stocks Received,,,,,,,,,,,,,
South West Khasi Hills,16.3.07,Stock Position of IFA Tablets,3. Unusable Stock,,,,,,,,,,,,,
South West Khasi Hills,16.3.07,Stock Position of IFA Tablets,4. Stock Distributed,,,,,,,,,,,,,
South West Khasi Hills,16.3.07,Stock Position of IFA Tablets,5. Total Stock,0.0,0.0,0.0,0.0,0.0,0.0,0.0,0.0,0.0,0.0,0.0,0.0,0.0
South West Khasi Hills,16.3.08,Stock Position of IFA Syrup (Paediatric),1. Balance From Previous Month,,,,,,,,,,,,,
South West Khasi Hills,16.3.08,Stock Position of IFA Syrup (Paediatric),2. Stocks Received,,,,,,,,,,,,,
South West Khasi Hills,16.3.08,Stock Position of IFA Syrup (Paediatric),3. Unusable Stock,,,,,,,,,,,,,
South West Khasi Hills,16.3.08,Stock Position of IFA Syrup (Paediatric),4. Stock Distributed,,,,,,,,,,,,,
South West Khasi Hills,16.3.08,Stock Position of IFA Syrup (Paediatric),5. Total Stock,0.0,0.0,0.0,0.0,0.0,0.0,0.0,0.0,0.0,0.0,0.0,0.0,0.0
South West Khasi Hills,16.3.09,Stock Position of Paediatrics Antibiotics (Cotrimaxozole and Injectable Gentamicin),1. Balance From Previous Month,,,,,,,,,,,,,
South West Khasi Hills,16.3.09,Stock Position of Paediatrics Antibiotics (Cotrimaxozole and Injectable Gentamicin),2. Stocks Received,,,,,,,,,,,,,
South West Khasi Hills,16.3.09,Stock Position of Paediatrics Antibiotics (Cotrimaxozole and Injectable Gentamicin),3. Unusable Stock,,,,,,,,,,,,,
South West Khasi Hills,16.3.09,Stock Position of Paediatrics Antibiotics (Cotrimaxozole and Injectable Gentamicin),4. Stock Distributed,,,,,,,,,,,,,
South West Khasi Hills,16.3.09,Stock Position of Paediatrics Antibiotics (Cotrimaxozole and Injectable Gentamicin),5. Total Stock,0.0,0.0,0.0,0.0,0.0,0.0,0.0,0.0,0.0,0.0,0.0,0.0,0.0
South West Khasi Hills,16.3.10,Stock Position of Vitamin A solution,1. Balance From Previous Month,,,,,,,,,,,,,
South West Khasi Hills,16.3.10,Stock Position of Vitamin A solution,2. Stocks Received,,,,,,,,,,,,,
South West Khasi Hills,16.3.10,Stock Position of Vitamin A solution,3. Unusable Stock,,,,,,,,,,,,,
South West Khasi Hills,16.3.10,Stock Position of Vitamin A solution,4. Stock Distributed,,,,,,,,,,,,,
South West Khasi Hills,16.3.10,Stock Position of Vitamin A solution,5. Total Stock,0.0,0.0,0.0,0.0,0.0,0.0,0.0,0.0,0.0,0.0,0.0,0.0,0.0
South West Khasi Hills,16.3.11,Stock of ORS (New WHO formulation),1. Balance From Previous Month,,,,,,,,,,,,,
South West Khasi Hills,16.3.11,Stock of ORS (New WHO formulation),2. Stocks Received,,,,,,,,,,,,,
South West Khasi Hills,16.3.11,Stock of ORS (New WHO formulation),3. Unusable Stock,,,,,,,,,,,,,
South West Khasi Hills,16.3.11,Stock of ORS (New WHO formulation),4. Stock Distributed,,,,,,,,,,,,,
South West Khasi Hills,16.3.11,Stock of ORS (New WHO formulation),5. Total Stock,0.0,0.0,0.0,0.0,0.0,0.0,0.0,0.0,0.0,0.0,0.0,0.0,0.0
South West Khasi Hills,16.4.1,Stock Position of 0.1 ml Syringes(AD),1. Balance From Previous Month,,,,,,,,,,,,,
South West Khasi Hills,16.4.1,Stock Position of 0.1 ml Syringes(AD),2. Stocks Received,,,,,,,,,,,,,
South West Khasi Hills,16.4.1,Stock Position of 0.1 ml Syringes(AD),3. Unusable Stock,,,,,,,,,,,,,
South West Khasi Hills,16.4.1,Stock Position of 0.1 ml Syringes(AD),4. Stock Distributed,,,,,,,,,,,,,
South West Khasi Hills,16.4.1,Stock Position of 0.1 ml Syringes(AD),5. Total Stock,0.0,0.0,0.0,0.0,0.0,0.0,0.0,0.0,0.0,0.0,0.0,0.0,0.0
South West Khasi Hills,16.4.2,Stock Position of 0.5 ml Syringes(AD),1. Balance From Previous Month,,,,,,,,,,,,,
South West Khasi Hills,16.4.2,Stock Position of 0.5 ml Syringes(AD),2. Stocks Received,,,,,,,,,,,,,
South West Khasi Hills,16.4.2,Stock Position of 0.5 ml Syringes(AD),3. Unusable Stock,,,,,,,,,,,,,
South West Khasi Hills,16.4.2,Stock Position of 0.5 ml Syringes(AD),4. Stock Distributed,,,,,,,,,,,,,
South West Khasi Hills,16.4.2,Stock Position of 0.5 ml Syringes(AD),5. Total Stock,0.0,0.0,0.0,0.0,0.0,0.0,0.0,0.0,0.0,0.0,0.0,0.0,0.0
South West Khasi Hills,16.4.3,Stock Position of 5.0 ml Syringes(Disposable),1. Balance From Previous Month,,,,,,,,,,,,,
South West Khasi Hills,16.4.3,Stock Position of 5.0 ml Syringes(Disposable),2. Stocks Received,,,,,,,,,,,,,
South West Khasi Hills,16.4.3,Stock Position of 5.0 ml Syringes(Disposable),3. Unusable Stock,,,,,,,,,,,,,
South West Khasi Hills,16.4.3,Stock Position of 5.0 ml Syringes(Disposable),4. Stock Distributed,,,,,,,,,,,,,
South West Khasi Hills,16.4.3,Stock Position of 5.0 ml Syringes(Disposable),5. Total Stock,0.0,0.0,0.0,0.0,0.0,0.0,0.0,0.0,0.0,0.0,0.0,0.0,0.0
South West Khasi Hills,17.1,Number of cases of Infant deaths within 24 hrs of birth,TOTAL,,,,,,,,,,,,,
South West Khasi Hills,17.2.1,Number of cases of Infant deaths 24 hours to 4 weeks of birth with the probable cause being Sepsis,1. Up to 1 Weeks of Birth,,,,,,,,,,,,,
South West Khasi Hills,17.2.1,Number of cases of Infant deaths 24 hours to 4 weeks of birth with the probable cause being Sepsis,2. Between 1 week & 4 weeks of birth,,,,,,,,,,,,,
South West Khasi Hills,17.2.1,Number of cases of Infant deaths 24 hours to 4 weeks of birth with the probable cause being Sepsis,3. Total,,,,,,,,,,,,,
South West Khasi Hills,17.2.2,Number of cases of Infant deaths 24 hours to 4 weeks of birth with the probable cause being Asphyxia,1. Up to 1 Weeks of Birth,,,,,,,,,,,,,
South West Khasi Hills,17.2.2,Number of cases of Infant deaths 24 hours to 4 weeks of birth with the probable cause being Asphyxia,2. Between 1 week & 4 weeks of birth,,,,,,,,,,,,,
South West Khasi Hills,17.2.2,Number of cases of Infant deaths 24 hours to 4 weeks of birth with the probable cause being Asphyxia,3. Total,,,,,,,,,,,,,
South West Khasi Hills,17.2.3,Number of cases of Infant deaths 24 hours to 4 weeks of birth with the probable cause being LBW,1. Up to 1 Weeks of Birth,,,,,,,,,,,,,
South West Khasi Hills,17.2.3,Number of cases of Infant deaths 24 hours to 4 weeks of birth with the probable cause being LBW,2. Between 1 week & 4 weeks of birth,,,,,,,,,,,,,
South West Khasi Hills,17.2.3,Number of cases of Infant deaths 24 hours to 4 weeks of birth with the probable cause being LBW,3. Total,,,,,,,,,,,,,
South West Khasi Hills,17.2.4,"Number of cases of Infant deaths 24 hours to 4 weeks of birth with the probable cause being other than Sepsis, Asphyxia and LBW",1. Up to 1 Weeks of Birth,,,,,,,,,,,,,
South West Khasi Hills,17.2.4,"Number of cases of Infant deaths 24 hours to 4 weeks of birth with the probable cause being other than Sepsis, Asphyxia and LBW",2. Between 1 week & 4 weeks of birth,,,,,,,,,,,,,
South West Khasi Hills,17.2.4,"Number of cases of Infant deaths 24 hours to 4 weeks of birth with the probable cause being other than Sepsis, Asphyxia and LBW",3. Total,,,,,,,,,,,,,
South West Khasi Hills,17.3.1,Number of cases of Infant or Child deaths between 1 month to 5 years of age with the probable cause being Pneumonia,1. Between 1 month and 11 months,,,,,,,,,,,,,
South West Khasi Hills,17.3.1,Number of cases of Infant or Child deaths between 1 month to 5 years of age with the probable cause being Pneumonia,2. Between 1 year & 5 years,,,,,,,,,,,,,
South West Khasi Hills,17.3.1,Number of cases of Infant or Child deaths between 1 month to 5 years of age with the probable cause being Pneumonia,3. Total,,,,,,,,,,,,,
South West Khasi Hills,17.3.2,Number of cases of Infant or Child deaths between 1 month to 5 years of age with the probable cause being Diarrhoea,1. Between 1 month and 11 months,,,,,,,,,,,,,
South West Khasi Hills,17.3.2,Number of cases of Infant or Child deaths between 1 month to 5 years of age with the probable cause being Diarrhoea,2. Between 1 year & 5 years,,,,,,,,,,,,,
South West Khasi Hills,17.3.2,Number of cases of Infant or Child deaths between 1 month to 5 years of age with the probable cause being Diarrhoea,3. Total,,,,,,,,,,,,,
South West Khasi Hills,17.3.3,Number of cases of Infant or Child deaths between 1 month to 5 years of age with the probable cause being Fever related,1. Between 1 month and 11 months,,,,,,,,,,,,,
South West Khasi Hills,17.3.3,Number of cases of Infant or Child deaths between 1 month to 5 years of age with the probable cause being Fever related,2. Between 1 year & 5 years,,,,,,,,,,,,,
South West Khasi Hills,17.3.3,Number of cases of Infant or Child deaths between 1 month to 5 years of age with the probable cause being Fever related,3. Total,,,,,,,,,,,,,
South West Khasi Hills,17.3.4,Number of cases of Infant or Child deaths between 1 month to 5 years of age with the probable cause being Measles,1. Between 1 month and 11 months,,,,,,,,,,,,,
South West Khasi Hills,17.3.4,Number of cases of Infant or Child deaths between 1 month to 5 years of age with the probable cause being Measles,2. Between 1 year & 5 years,,,,,,,,,,,,,
South West Khasi Hills,17.3.4,Number of cases of Infant or Child deaths between 1 month to 5 years of age with the probable cause being Measles,3. Total,,,,,,,,,,,,,
South West Khasi Hills,17.3.5,"Number of cases of Infant or Child deaths between 1 month to 5 years of age with the probable cause being other than Pneumonia, Diarrhoea, Fever related and Measles",1. Between 1 month and 11 months,,,,,,,,,,,,,
South West Khasi Hills,17.3.5,"Number of cases of Infant or Child deaths between 1 month to 5 years of age with the probable cause being other than Pneumonia, Diarrhoea, Fever related and Measles",2. Between 1 year & 5 years,,,,,,,,,,,,,
South West Khasi Hills,17.3.5,"Number of cases of Infant or Child deaths between 1 month to 5 years of age with the probable cause being other than Pneumonia, Diarrhoea, Fever related and Measles",3. Total,,,,,,,,,,,,,
South West Khasi Hills,17.4.1,Number of cases of Adolescent or Adult deaths (age 6 years & above) with the probable cause being Diarrhoeal diseases,1. 6-14 yrs,,,,,,,,,,,,,
South West Khasi Hills,17.4.1,Number of cases of Adolescent or Adult deaths (age 6 years & above) with the probable cause being Diarrhoeal diseases,2. 15-55 yrs.,,,,,,,,,,,,,
South West Khasi Hills,17.4.1,Number of cases of Adolescent or Adult deaths (age 6 years & above) with the probable cause being Diarrhoeal diseases,3. Above 55 yrs.,,,,,,,,,,,,,
South West Khasi Hills,17.4.1,Number of cases of Adolescent or Adult deaths (age 6 years & above) with the probable cause being Diarrhoeal diseases,4. Total,,,,,,,,,,,,,
South West Khasi Hills,17.4.2,Number of cases of Adolescent or Adult deaths (age 6 years & above) with the probable cause being Tuberculosis,1. 6-14 yrs,,,,,,,,,,,,,
South West Khasi Hills,17.4.2,Number of cases of Adolescent or Adult deaths (age 6 years & above) with the probable cause being Tuberculosis,2. 15-55 yrs.,,,,,,,,,,,,,
South West Khasi Hills,17.4.2,Number of cases of Adolescent or Adult deaths (age 6 years & above) with the probable cause being Tuberculosis,3. Above 55 yrs.,,,,,,,,,,,,,
South West Khasi Hills,17.4.2,Number of cases of Adolescent or Adult deaths (age 6 years & above) with the probable cause being Tuberculosis,4. Total,,,,,,,,,,,,,
South West Khasi Hills,17.4.3,Number of cases of Adolescent or Adult deaths (age 6 years & above) with the probable cause being Respiratory diseases including infections,1. 6-14 yrs,,,,,,,,,,,,,
South West Khasi Hills,17.4.3,Number of cases of Adolescent or Adult deaths (age 6 years & above) with the probable cause being Respiratory diseases including infections,2. 15-55 yrs.,,,,,,,,,,,,,
South West Khasi Hills,17.4.3,Number of cases of Adolescent or Adult deaths (age 6 years & above) with the probable cause being Respiratory diseases including infections,3. Above 55 yrs.,,,,,,,,,,,,,
South West Khasi Hills,17.4.3,Number of cases of Adolescent or Adult deaths (age 6 years & above) with the probable cause being Respiratory diseases including infections,4. Total,,,,,,,,,,,,,
South West Khasi Hills,17.4.4,Number of cases of Adolescent or Adult deaths (age 6 years & above) with the probable cause being Malaria,1. 6-14 yrs,,,,,,,,,,,,,
South West Khasi Hills,17.4.4,Number of cases of Adolescent or Adult deaths (age 6 years & above) with the probable cause being Malaria,2. 15-55 yrs.,,,,,,,,,,,,,
South West Khasi Hills,17.4.4,Number of cases of Adolescent or Adult deaths (age 6 years & above) with the probable cause being Malaria,3. Above 55 yrs.,,,,,,,,,,,,,
South West Khasi Hills,17.4.4,Number of cases of Adolescent or Adult deaths (age 6 years & above) with the probable cause being Malaria,4. Total,,,,,,,,,,,,,
South West Khasi Hills,17.4.5,Number of cases of Adolescent or Adult deaths (age 6 years & above) with the probable cause being other Fever related,1. 6-14 yrs,,,,,,,,,,,,,
South West Khasi Hills,17.4.5,Number of cases of Adolescent or Adult deaths (age 6 years & above) with the probable cause being other Fever related,2. 15-55 yrs.,,,,,,,,,,,,,
South West Khasi Hills,17.4.5,Number of cases of Adolescent or Adult deaths (age 6 years & above) with the probable cause being other Fever related,3. Above 55 yrs.,,,,,,,,,,,,,
South West Khasi Hills,17.4.5,Number of cases of Adolescent or Adult deaths (age 6 years & above) with the probable cause being other Fever related,4. Total,,,,,,,,,,,,,
South West Khasi Hills,17.4.6,Number of cases of Adolescent or Adult deaths (age 6 years & above) with the probable cause being HIV/AIDS,1. 6-14 yrs,,,,,,,,,,,,,
South West Khasi Hills,17.4.6,Number of cases of Adolescent or Adult deaths (age 6 years & above) with the probable cause being HIV/AIDS,2. 15-55 yrs.,,,,,,,,,,,,,
South West Khasi Hills,17.4.6,Number of cases of Adolescent or Adult deaths (age 6 years & above) with the probable cause being HIV/AIDS,3. Above 55 yrs.,,,,,,,,,,,,,
South West Khasi Hills,17.4.6,Number of cases of Adolescent or Adult deaths (age 6 years & above) with the probable cause being HIV/AIDS,4. Total,,,,,,,,,,,,,
South West Khasi Hills,17.4.7,Number of cases of Adolescent or Adult deaths (age 6 years & above) with the probable cause being Heart disease or related to Hypertension,1. 6-14 yrs,,,,,,,,,,,,,
South West Khasi Hills,17.4.7,Number of cases of Adolescent or Adult deaths (age 6 years & above) with the probable cause being Heart disease or related to Hypertension,2. 15-55 yrs.,,,,,,,,,,,,,
South West Khasi Hills,17.4.7,Number of cases of Adolescent or Adult deaths (age 6 years & above) with the probable cause being Heart disease or related to Hypertension,3. Above 55 yrs.,,,,,,,,,,,,,
South West Khasi Hills,17.4.7,Number of cases of Adolescent or Adult deaths (age 6 years & above) with the probable cause being Heart disease or related to Hypertension,4. Total,,,,,,,,,,,,,
South West Khasi Hills,17.4.8,Number of cases of Adolescent or Adult deaths (age 6 years & above) with the probable cause being Neurological disease including strokes,1. 6-14 yrs,,,,,,,,,,,,,
South West Khasi Hills,17.4.8,Number of cases of Adolescent or Adult deaths (age 6 years & above) with the probable cause being Neurological disease including strokes,2. 15-55 yrs.,,,,,,,,,,,,,
South West Khasi Hills,17.4.8,Number of cases of Adolescent or Adult deaths (age 6 years & above) with the probable cause being Neurological disease including strokes,3. Above 55 yrs.,,,,,,,,,,,,,
South West Khasi Hills,17.4.8,Number of cases of Adolescent or Adult deaths (age 6 years & above) with the probable cause being Neurological disease including strokes,4. Total,,,,,,,,,,,,,
South West Khasi Hills,17.4.9(a),Number of cases of Maternal deaths (age 15-49 years) with the probable cause being Abortion,1. 6-14 yrs,,,,,,,,,,,,,
South West Khasi Hills,17.4.9(a),Number of cases of Maternal deaths (age 15-49 years) with the probable cause being Abortion,2. 15-49 yrs,,,,,,,,,,,,,
South West Khasi Hills,17.4.9(a),Number of cases of Maternal deaths (age 15-49 years) with the probable cause being Abortion,3. Above 49 yrs.,,,,,,,,,,,,,
South West Khasi Hills,17.4.9(a),Number of cases of Maternal deaths (age 15-49 years) with the probable cause being Abortion,4. Total,,,,,,,,,,,,,
South West Khasi Hills,17.4.9(b),Number of cases of Maternal deaths (age 15-49 years) with the probable cause being Obstructed or prolonged labour,1. 6-14 yrs,,,,,,,,,,,,,
South West Khasi Hills,17.4.9(b),Number of cases of Maternal deaths (age 15-49 years) with the probable cause being Obstructed or prolonged labour,2. 15-49 yrs,,,,,,,,,,,,,
South West Khasi Hills,17.4.9(b),Number of cases of Maternal deaths (age 15-49 years) with the probable cause being Obstructed or prolonged labour,3. Above 49 yrs.,,,,,,,,,,,,,
South West Khasi Hills,17.4.9(b),Number of cases of Maternal deaths (age 15-49 years) with the probable cause being Obstructed or prolonged labour,4. Total,,,,,,,,,,,,,
South West Khasi Hills,17.4.9(c),Number of cases of Maternal deaths (age 15-49 years) with the probable cause being Severe hypertesnion or fits,1. 6-14 yrs,,,,,,,,,,,,,
South West Khasi Hills,17.4.9(c),Number of cases of Maternal deaths (age 15-49 years) with the probable cause being Severe hypertesnion or fits,2. 15-49 yrs,,,,,,,,,,,,,
South West Khasi Hills,17.4.9(c),Number of cases of Maternal deaths (age 15-49 years) with the probable cause being Severe hypertesnion or fits,3. Above 49 yrs.,,,,,,,,,,,,,
South West Khasi Hills,17.4.9(c),Number of cases of Maternal deaths (age 15-49 years) with the probable cause being Severe hypertesnion or fits,4. Total,,,,,,,,,,,,,
South West Khasi Hills,17.4.9(d),Number of cases of Maternal deaths (age 15-49 years) with the probable cause being Bleeding,1. 6-14 yrs,,,,,,,,,,,,,
South West Khasi Hills,17.4.9(d),Number of cases of Maternal deaths (age 15-49 years) with the probable cause being Bleeding,2. 15-49 yrs,,,,,,,,,,,,,
South West Khasi Hills,17.4.9(d),Number of cases of Maternal deaths (age 15-49 years) with the probable cause being Bleeding,3. Above 49 yrs.,,,,,,,,,,,,,
South West Khasi Hills,17.4.9(d),Number of cases of Maternal deaths (age 15-49 years) with the probable cause being Bleeding,4. Total,,,,,,,,,,,,,
South West Khasi Hills,17.4.9(e),Number of cases of Maternal deaths (age 15-49 years) with the probable cause being High Fever,1. 6-14 yrs,,,,,,,,,,,,,
South West Khasi Hills,17.4.9(e),Number of cases of Maternal deaths (age 15-49 years) with the probable cause being High Fever,2. 15-49 yrs,,,,,,,,,,,,,
South West Khasi Hills,17.4.9(e),Number of cases of Maternal deaths (age 15-49 years) with the probable cause being High Fever,3. Above 49 yrs.,,,,,,,,,,,,,
South West Khasi Hills,17.4.9(e),Number of cases of Maternal deaths (age 15-49 years) with the probable cause being High Fever,4. Total,,,,,,,,,,,,,
South West Khasi Hills,17.4.9(f),Number of cases of Maternal deaths (age 15-49 years) with the probable cause being other causes (excluding abortion; obstructed or prolonged labour; severe hypertension or fits;,1. 6-14 yrs,,,,,,,,,,,,,
South West Khasi Hills,17.4.9(f),Number of cases of Maternal deaths (age 15-49 years) with the probable cause being other causes (excluding abortion; obstructed or prolonged labour; severe hypertension or fits;,2. 15-49 yrs,,,,,,,,,,,,,
South West Khasi Hills,17.4.9(f),Number of cases of Maternal deaths (age 15-49 years) with the probable cause being other causes (excluding abortion; obstructed or prolonged labour; severe hypertension or fits;,3. Above 49 yrs.,,,,,,,,,,,,,
South West Khasi Hills,17.4.9(f),Number of cases of Maternal deaths (age 15-49 years) with the probable cause being other causes (excluding abortion; obstructed or prolonged labour; severe hypertension or fits;,4. Total,,,,,,,,,,,,,
South West Khasi Hills,17.4.10,Number of cases of Adolescent or Adult deaths (age 6 years & above) with the probable cause being Trauma or Accidents or Burn cases,1. 6-14 yrs,,,,,,,,,,,,,
South West Khasi Hills,17.4.10,Number of cases of Adolescent or Adult deaths (age 6 years & above) with the probable cause being Trauma or Accidents or Burn cases,2. 15-55 yrs.,,,,,,,,,,,,,
South West Khasi Hills,17.4.10,Number of cases of Adolescent or Adult deaths (age 6 years & above) with the probable cause being Trauma or Accidents or Burn cases,3. Above 55 yrs.,,,,,,,,,,,,,
South West Khasi Hills,17.4.10,Number of cases of Adolescent or Adult deaths (age 6 years & above) with the probable cause being Trauma or Accidents or Burn cases,4. Total,,,,,,,,,,,,,
South West Khasi Hills,17.4.11,Number of cases of Adolescent or Adult deaths (age 6 years & above) with the probable cause being suicide,1. 6-14 yrs,,,,,,,,,,,,,
South West Khasi Hills,17.4.11,Number of cases of Adolescent or Adult deaths (age 6 years & above) with the probable cause being suicide,2. 15-55 yrs.,,,,,,,,,,,,,
South West Khasi Hills,17.4.11,Number of cases of Adolescent or Adult deaths (age 6 years & above) with the probable cause being suicide,3. Above 55 yrs.,,,,,,,,,,,,,
South West Khasi Hills,17.4.11,Number of cases of Adolescent or Adult deaths (age 6 years & above) with the probable cause being suicide,4. Total,,,,,,,,,,,,,
South West Khasi Hills,17.4.12,Number of cases of Adolescent or Adult deaths (age 6 years & above) with the probable cause being Animal bites and stings,1. 6-14 yrs,,,,,,,,,,,,,
South West Khasi Hills,17.4.12,Number of cases of Adolescent or Adult deaths (age 6 years & above) with the probable cause being Animal bites and stings,2. 15-55 yrs.,,,,,,,,,,,,,
South West Khasi Hills,17.4.12,Number of cases of Adolescent or Adult deaths (age 6 years & above) with the probable cause being Animal bites and stings,3. Above 55 yrs.,,,,,,,,,,,,,
South West Khasi Hills,17.4.12,Number of cases of Adolescent or Adult deaths (age 6 years & above) with the probable cause being Animal bites and stings,4. Total,,,,,,,,,,,,,
South West Khasi Hills,17.4.13(a),Number of cases of Adolescent or Adult deaths (age 6 years & above) with the probable cause being Known Acute disease,1. 6-14 yrs,,,,,,,,,,,,,
South West Khasi Hills,17.4.13(a),Number of cases of Adolescent or Adult deaths (age 6 years & above) with the probable cause being Known Acute disease,2. 15-55 yrs.,,,,,,,,,,,,,
South West Khasi Hills,17.4.13(a),Number of cases of Adolescent or Adult deaths (age 6 years & above) with the probable cause being Known Acute disease,3. Above 55 yrs.,,,,,,,,,,,,,
South West Khasi Hills,17.4.13(a),Number of cases of Adolescent or Adult deaths (age 6 years & above) with the probable cause being Known Acute disease,4. Total,,,,,,,,,,,,,
South West Khasi Hills,17.4.13(b),Number of cases of Adolescent or Adult deaths (age 6 years & above) with the probable cause being Known Chronic disease,1. 6-14 yrs,,,,,,,,,,,,,
South West Khasi Hills,17.4.13(b),Number of cases of Adolescent or Adult deaths (age 6 years & above) with the probable cause being Known Chronic disease,2. 15-55 yrs.,,,,,,,,,,,,,
South West Khasi Hills,17.4.13(b),Number of cases of Adolescent or Adult deaths (age 6 years & above) with the probable cause being Known Chronic disease,3. Above 55 yrs.,,,,,,,,,,,,,
South West Khasi Hills,17.4.13(b),Number of cases of Adolescent or Adult deaths (age 6 years & above) with the probable cause being Known Chronic disease,4. Total,,,,,,,,,,,,,
South West Khasi Hills,17.4.13(c),Number of cases of Adolescent or Adult deaths (age 6 years & above) where the cause was not known,1. 6-14 yrs,,,,,,,,,,,,,
South West Khasi Hills,17.4.13(c),Number of cases of Adolescent or Adult deaths (age 6 years & above) where the cause was not known,2. 15-55 yrs.,,,,,,,,,,,,,
South West Khasi Hills,17.4.13(c),Number of cases of Adolescent or Adult deaths (age 6 years & above) where the cause was not known,3. Above 55 yrs.,,,,,,,,,,,,,
South West Khasi Hills,17.4.13(c),Number of cases of Adolescent or Adult deaths (age 6 years & above) where the cause was not known,4. Total,,,,,,,,,,,,,
West Garo Hills,1.1,Total number of pregnant women Registered for ANC,TOTAL,1765.0,1697.0,1651.0,1784.0,1867.0,1688.0,2088.0,1594.0,1347.0,1624.0,1860.0,1806.0,20771.0
West Garo Hills,1.1.1,Of which Number registered within first trimester (within 12 weeks),TOTAL,632.0,686.0,646.0,863.0,778.0,675.0,762.0,635.0,491.0,603.0,788.0,821.0,8380.0
West Garo Hills,1.2,Number of Pregnant women registered under JSY,TOTAL,880.0,1267.0,1047.0,1392.0,1450.0,1370.0,1547.0,1368.0,1149.0,1243.0,1563.0,1525.0,15801.0
West Garo Hills,1.3,Number of pregnant women received 3 ANC check ups during pregnancy,TOTAL,1023.0,1023.0,1011.0,1030.0,1081.0,1020.0,1170.0,1094.0,1014.0,1073.0,1032.0,1111.0,12682.0
West Garo Hills,1.4.1,Number of pregnant women given TT1 during current pregnancy,TOTAL,1226.0,1346.0,1197.0,1249.0,1391.0,1269.0,1419.0,1064.0,826.0,1025.0,1360.0,1327.0,14699.0
West Garo Hills,1.4.2,Number of pregnant women given TT2 or Booster during current pregnancy,TOTAL,1176.0,1342.0,1308.0,1320.0,1489.0,1323.0,1603.0,1328.0,990.0,1171.0,1386.0,1595.0,16031.0
West Garo Hills,1.5,Total number of pregnant women given 100 IFA tablets,TOTAL,802.0,655.0,554.0,431.0,370.0,332.0,248.0,147.0,98.0,196.0,173.0,110.0,4116.0
West Garo Hills,1.6.1,Number of new cases of Hypertension (BP>140/90) detected in Pregnant women at the institution,TOTAL,52.0,64.0,54.0,60.0,60.0,54.0,61.0,39.0,33.0,40.0,35.0,30.0,582.0
West Garo Hills,1.6.2,Number of Eclampsia cases managed during delivery,TOTAL,2.0,2.0,1.0,3.0,5.0,2.0,1.0,1.0,3.0,2.0,3.0,0.0,25.0
West Garo Hills,1.7.1,Number of Pregnant women with anaemia i.e. Hb level<11 (tested cases),TOTAL,707.0,1091.0,925.0,1538.0,1557.0,1339.0,1543.0,1537.0,965.0,1308.0,1181.0,1241.0,14932.0
West Garo Hills,1.7.2,Number of Pregnant women having severe anaemia (Hb<7) treated at institution,TOTAL,46.0,37.0,35.0,65.0,79.0,88.0,61.0,67.0,57.0,60.0,44.0,61.0,700.0
West Garo Hills,1.8,Number of pregnancy test kits used at SC level,TOTAL,,,,,,,,0.0,0.0,0.0,0.0,0.0,0.0
West Garo Hills,2.1.1.a,Number of deliveries conducted at Home and attended by trained SBA(i.e. Doctor or Nurse or ANM),TOTAL,50.0,55.0,50.0,52.0,72.0,120.0,79.0,79.0,78.0,78.0,82.0,93.0,888.0
West Garo Hills,2.1.1.b,Number of deliveries conducted at Home and attended by non trained SBA (i.e. trained TBA or Relatives etc.),TOTAL,757.0,713.0,580.0,565.0,611.0,576.0,598.0,703.0,476.0,793.0,706.0,688.0,7766.0
West Garo Hills,2.1.1.c,Total number of deliveries conducted at Home and attended by trained or non-trained SBA (i.e. sum of 2.1.1.a and 2.1.1.b),TOTAL,807.0,768.0,630.0,617.0,683.0,696.0,677.0,782.0,554.0,871.0,788.0,781.0,8654.0
West Garo Hills,2.1.2,Number of newborns visited within 24 hours of delivery for deliveries conducted at home,TOTAL,223.0,256.0,195.0,198.0,235.0,253.0,211.0,288.0,189.0,321.0,268.0,320.0,2957.0
West Garo Hills,2.1.3,Number of mothers paid JSY incentive for deliveries conducted at home,TOTAL,14.0,17.0,11.0,13.0,1.0,2.0,6.0,36.0,29.0,18.0,6.0,19.0,172.0
West Garo Hills,2.2,Deliveries conducted at Public Institutions (Including C-Sections),TOTAL,580.0,517.0,477.0,544.0,622.0,683.0,747.0,714.0,725.0,689.0,658.0,711.0,7667.0
West Garo Hills,2.2.1,"Out of 2.2, Number discharged under 48 hours of delivery",TOTAL,347.0,319.0,278.0,324.0,371.0,449.0,489.0,480.0,634.0,596.0,556.0,609.0,5452.0
West Garo Hills,2.2.2.a,Number of mothers paid JSY Incentive for deliveries conducted at Public Institutions,TOTAL,199.0,418.0,288.0,324.0,211.0,307.0,568.0,535.0,296.0,505.0,376.0,218.0,4245.0
West Garo Hills,2.2.2.b,Number of ASHAs paid JSY Incentive for deliveries conducted at Public Institutions,TOTAL,159.0,329.0,185.0,250.0,199.0,204.0,365.0,285.0,203.0,426.0,242.0,167.0,3014.0
West Garo Hills,2.2.2.c,Number of cases of deliveries conducted at Public Institutions where JSY incentive was paid to ANMs or AWWs [only for High Performing States (HPS)],TOTAL,0.0,0.0,0.0,0.0,0.0,0.0,0.0,0.0,0.0,0.0,0.0,0.0,0.0
West Garo Hills,2.3,Deliveries conducted at Private Institutions (Including C-Sections),TOTAL,113.0,97.0,72.0,71.0,93.0,111.0,132.0,130.0,139.0,126.0,103.0,125.0,1312.0
West Garo Hills,2.3.1.a,Number of mothers paid JSY Incentive for deliveries conducted at accredited Private Institutions,TOTAL,0.0,0.0,0.0,0.0,0.0,0.0,0.0,0.0,0.0,0.0,0.0,0.0,0.0
West Garo Hills,2.3.1.b,Number of ASHAs paid JSY Incentive for deliveries conducted at accredited Private Institutions,TOTAL,0.0,0.0,0.0,0.0,0.0,0.0,0.0,0.0,0.0,0.0,0.0,0.0,0.0
West Garo Hills,2.3.1.c,Number of cases of deliveries conducted at accredited Private Institutions where JSY incentive was paid to ANMs or AWWs [only for High Performing States (HPS)],TOTAL,0.0,0.0,0.0,0.0,0.0,0.0,0.0,0.0,0.0,0.0,0.0,0.0,0.0
West Garo Hills,3.1.1,Number of Caesarean (C-Section) deliveries performed at PHCs (Primary Health Centre),TOTAL,0.0,0.0,0.0,0.0,0.0,0.0,0.0,0.0,0.0,0.0,0.0,0.0,0.0
West Garo Hills,3.1.2,Number of Caesarean (C-Section) deliveries performed at CHCs (Community Health Centre),TOTAL,2.0,1.0,0.0,1.0,0.0,3.0,7.0,0.0,3.0,0.0,0.0,0.0,17.0
West Garo Hills,3.1.3,Number of Caesarean (C-Section) deliveries performed at SDHs (Sub-divisional Hospital) or DHs (District Hospital),TOTAL,20.0,19.0,24.0,18.0,22.0,26.0,14.0,22.0,24.0,11.0,14.0,25.0,239.0
West Garo Hills,3.1.4,Number of Caesarean (C-Section) deliveries performed at other State owned public institutions,TOTAL,,,,,,,,,,,,,
West Garo Hills,3.1.5,"Total Number of Caesarean (C-Section) deliveries performed at Public facilities i.e. PHC, CHC, SDH, DH and other State owned public institutions (sum of items from 3.1.1 to 3.1.4)",TOTAL,22.0,20.0,24.0,19.0,22.0,29.0,21.0,22.0,27.0,11.0,14.0,25.0,256.0
West Garo Hills,3.2,No. of C-section deliveries performed at Private facilities,TOTAL,37.0,47.0,34.0,22.0,34.0,34.0,46.0,47.0,39.0,57.0,37.0,40.0,474.0
West Garo Hills,4.1.1.a,Number of male live births,TOTAL,758.0,704.0,602.0,629.0,660.0,718.0,771.0,767.0,679.0,847.0,798.0,805.0,8738.0
West Garo Hills,4.1.1.b,Number of female live births,TOTAL,700.0,657.0,557.0,579.0,710.0,738.0,766.0,842.0,703.0,808.0,736.0,780.0,8576.0
West Garo Hills,4.1.1.c,Total number of male and female live births (4.1.1.a and 4.1.1.b),TOTAL,1458.0,1361.0,1159.0,1208.0,1370.0,1456.0,1537.0,1609.0,1382.0,1655.0,1534.0,1585.0,17314.0
West Garo Hills,4.1.2,Number of still births,TOTAL,47.0,26.0,23.0,28.0,62.0,45.0,30.0,29.0,41.0,40.0,21.0,40.0,432.0
West Garo Hills,4.1.3,Number of Abortions (spontaneous or induced),TOTAL,28.0,42.0,32.0,28.0,46.0,31.0,45.0,38.0,21.0,43.0,60.0,50.0,464.0
West Garo Hills,4.2.1,Number of Newborns weighed at birth,TOTAL,1423.0,1337.0,1148.0,1178.0,1363.0,1444.0,1531.0,1586.0,1371.0,1637.0,1533.0,1568.0,17119.0
West Garo Hills,4.2.2,Number of Newborns having weight less than 2.5 kg,TOTAL,105.0,99.0,92.0,111.0,116.0,121.0,126.0,123.0,97.0,112.0,81.0,93.0,1276.0
West Garo Hills,4.3,Number of Newborns breast fed within 1 hour of birth,TOTAL,1427.0,1332.0,1129.0,1186.0,1361.0,1442.0,1519.0,1586.0,1356.0,1628.0,1522.0,1573.0,17061.0
West Garo Hills,5.1.1,Number of cases of pregnant women with Obstetric Complications and attended at PHCs,TOTAL,40.0,43.0,43.0,45.0,40.0,39.0,56.0,55.0,42.0,49.0,61.0,52.0,565.0
West Garo Hills,5.1.2,Number of cases of pregnant women with Obstetric Complications and attended at CHCs,TOTAL,19.0,3.0,9.0,13.0,15.0,21.0,32.0,3.0,17.0,24.0,0.0,8.0,164.0
West Garo Hills,5.1.3,Number of cases of pregnant women with Obstetric Complications and attended at SDHs or DHs,TOTAL,35.0,52.0,44.0,36.0,62.0,49.0,45.0,25.0,31.0,34.0,34.0,22.0,469.0
West Garo Hills,5.1.4,Number of cases of pregnant women with Obstetric Complications and attended at other State owned public institutions,TOTAL,,,,,,,,,,,,,
West Garo Hills,5.1.5,"Number of cases of pregnant women with Obstetric Complications and attended at Public facilities i.e. PHC, CHC, SDH, DH and other State owned public institutions (sum of items from 5.1.1 to 5.1.4)",TOTAL,94.0,98.0,96.0,94.0,117.0,109.0,133.0,83.0,90.0,107.0,95.0,82.0,1198.0
West Garo Hills,5.2,Number of cases of pregnant women with Obstetric Complications and attended at Private facilities,TOTAL,37.0,59.0,52.0,38.0,60.0,64.0,81.0,93.0,83.0,83.0,78.0,77.0,805.0
West Garo Hills,5.3.1,Number of cases of complicated pregnancies treated with IV antibiotics,TOTAL,129.0,146.0,129.0,110.0,156.0,149.0,171.0,161.0,151.0,153.0,147.0,149.0,1751.0
West Garo Hills,5.3.2,Number of cases of complicated pregnancies treated with IV Antihypertensive/Magsulph injection,TOTAL,9.0,8.0,27.0,3.0,33.0,12.0,23.0,43.0,40.0,48.0,44.0,24.0,314.0
West Garo Hills,5.3.3,Number of cases of complicated pregnancies treated with IV Oxytocis,TOTAL,131.0,83.0,142.0,105.0,105.0,143.0,185.0,92.0,136.0,153.0,130.0,124.0,1529.0
West Garo Hills,5.3.4,Number of cases of complicated pregnancies treated with Blood Transfusion,TOTAL,68.0,74.0,34.0,27.0,87.0,52.0,64.0,36.0,51.0,66.0,74.0,50.0,683.0
West Garo Hills,6.1,Women getting post partum check-up within 48 hours after delivery,TOTAL,785.0,730.0,655.0,724.0,821.0,933.0,962.0,978.0,859.0,910.0,874.0,975.0,10206.0
West Garo Hills,6.2,Women getting a post partum check up between 48 hours and 14 days after delivery,TOTAL,763.0,688.0,588.0,670.0,624.0,707.0,676.0,668.0,686.0,822.0,824.0,936.0,8652.0
West Garo Hills,6.3,PNC maternal complications attended,TOTAL,12.0,11.0,9.0,13.0,15.0,21.0,16.0,13.0,2.0,6.0,33.0,21.0,172.0
West Garo Hills,7.1.1,Number of MTPs conducted at Public Institutions up to 12 weeks of pregnancy,TOTAL,3.0,3.0,4.0,3.0,10.0,18.0,21.0,11.0,8.0,15.0,31.0,24.0,151.0
West Garo Hills,7.1.2,Number of MTPs conducted at Public Institutions for more than 12 weeks of pregnancy,TOTAL,1.0,0.0,0.0,0.0,0.0,0.0,0.0,0.0,0.0,0.0,0.0,0.0,1.0
West Garo Hills,7.1.3,Total number of MTPs conducted at Public Institutions (sum of items 7.1.1 and 7.1.2),TOTAL,4.0,3.0,4.0,3.0,10.0,18.0,21.0,11.0,8.0,15.0,31.0,24.0,152.0
West Garo Hills,7.2,Number of MTPs conducted at Private Facilities,TOTAL,0.0,0.0,0.0,0.0,0.0,0.0,0.0,0.0,0.0,0.0,0.0,0.0,0.0
West Garo Hills,8.1.a,Number of new cases of RTI/STI in males for which treatment was initiated,TOTAL,7.0,21.0,1.0,23.0,29.0,26.0,6.0,76.0,3.0,127.0,68.0,17.0,404.0
West Garo Hills,8.1.b,Number of new cases of RTI/STI in females for which treatment was initiated,TOTAL,63.0,92.0,51.0,57.0,81.0,55.0,59.0,124.0,35.0,164.0,127.0,56.0,964.0
West Garo Hills,8.1.c,Total number of new cases of RTI/STI in males and females for which treatment was initiated (sum of items 8.1.a and 8.1.b),TOTAL,70.0,113.0,52.0,80.0,110.0,81.0,65.0,200.0,38.0,291.0,195.0,73.0,1368.0
West Garo Hills,8.2,Number of suspected RTI/STI cases for whom wet mount test was conducted,TOTAL,0.0,0.0,0.0,0.0,0.0,0.0,0.0,0.0,0.0,0.0,0.0,0.0,0.0
West Garo Hills,9.1.1.a,Number of NSV (No Scalpel Vasectomy) or Conventional Vasectomy conducted at PHCs,TOTAL,0.0,0.0,0.0,1.0,0.0,0.0,0.0,0.0,0.0,0.0,0.0,2.0,3.0
West Garo Hills,9.1.1.b,Number of NSV or Conventional Vasectomy conducted at CHCs,TOTAL,0.0,0.0,0.0,0.0,0.0,0.0,0.0,0.0,0.0,0.0,0.0,0.0,0.0
West Garo Hills,9.1.1.c,Number of NSV or Conventional Vasectomy conducted at SDHs or DHs,TOTAL,0.0,0.0,0.0,0.0,0.0,0.0,0.0,0.0,0.0,0.0,0.0,0.0,0.0
West Garo Hills,9.1.1.d,Number of NSV or Conventional Vasectomy conducted at other State owned public institutions,TOTAL,,,,,,,,,,,,,
West Garo Hills,9.1.1.e,"Total Number of NSV or Conventional Vasectomy conducted at Public facilities i.e. PHC, CHC, SDH, DH and other State owned public institutions (sum of items from 9.1.1.a to 9.1.1.d)",TOTAL,0.0,0.0,0.0,1.0,0.0,0.0,0.0,0.0,0.0,0.0,0.0,2.0,3.0
West Garo Hills,9.1.2,Number of NSV or Conventional Vasectomy conducted at Private facilities,TOTAL,0.0,0.0,0.0,0.0,0.0,0.0,0.0,0.0,0.0,0.0,0.0,0.0,0.0
West Garo Hills,9.2.1.a,Number of Laparoscopic sterilizations conducted at PHCs,TOTAL,0.0,0.0,0.0,0.0,0.0,0.0,0.0,0.0,0.0,0.0,0.0,0.0,0.0
West Garo Hills,9.2.1.b,Number of Laparoscopic sterilizations conducted at CHCs,TOTAL,0.0,0.0,0.0,0.0,0.0,0.0,0.0,0.0,0.0,0.0,0.0,0.0,0.0
West Garo Hills,9.2.1.c,Number of Laparoscopic sterilizations conducted at SDHs or DHs,TOTAL,0.0,0.0,0.0,0.0,0.0,0.0,0.0,0.0,0.0,0.0,0.0,0.0,0.0
West Garo Hills,9.2.1.d,Number of Laparoscopic sterilizations conducted at other State owned public institutions,TOTAL,,,,,,,,,,,,,
West Garo Hills,9.2.1.e,"Total Number of Laparoscopic sterilizations conducted at Public facilities i.e. PHC, CHC, SDH, DH and other State owned public institutions (sum of items from 9.2.1.a to 9.2.1.d)",TOTAL,0.0,0.0,0.0,0.0,0.0,0.0,0.0,0.0,0.0,0.0,0.0,0.0,0.0
West Garo Hills,9.2.2,Number of Laparoscopic sterilizations conducted at Private facilities,TOTAL,0.0,0.0,0.0,0.0,0.0,0.0,0.0,0.0,0.0,0.0,0.0,0.0,0.0
West Garo Hills,9.3.1.a,Number of Mini-lap sterilizations conducted at PHCs,TOTAL,0.0,0.0,0.0,0.0,0.0,0.0,0.0,0.0,0.0,0.0,0.0,0.0,0.0
West Garo Hills,9.3.1.b,Number of Mini-lap sterilizations conducted at CHCs,TOTAL,8.0,8.0,5.0,19.0,2.0,6.0,4.0,4.0,4.0,5.0,25.0,6.0,96.0
West Garo Hills,9.3.1.c,Number of Mini-lap sterilizations conducted at SDHs or DHs,TOTAL,2.0,8.0,3.0,42.0,5.0,4.0,4.0,2.0,1.0,10.0,5.0,6.0,92.0
West Garo Hills,9.3.1.d,Number of Mini-lap sterilizations conducted at other State owned public institutions,TOTAL,,,,,,,,,,,,,
West Garo Hills,9.3.1.e,"Total Number of Mini-lap sterilizations conducted at Public facilities i.e. PHC, CHC, SDH, DH and other State owned public institutions (sum of items from 9.3.1.a to 9.3.1.d)",TOTAL,10.0,16.0,8.0,61.0,7.0,10.0,8.0,6.0,5.0,15.0,30.0,12.0,188.0
West Garo Hills,9.3.2,Number of Mini-lap sterilizations conducted at Private facilities,TOTAL,0.0,0.0,0.0,0.0,0.0,0.0,0.0,0.0,0.0,0.0,0.0,0.0,0.0
West Garo Hills,9.4.1.a,Number of Post-Partum sterilizations conducted at PHCs,TOTAL,0.0,0.0,0.0,0.0,0.0,0.0,0.0,0.0,0.0,0.0,0.0,0.0,0.0
West Garo Hills,9.4.1.b,Number of Post-Partum sterilizations conducted at CHCs,TOTAL,2.0,1.0,1.0,3.0,1.0,4.0,3.0,1.0,2.0,4.0,4.0,5.0,31.0
West Garo Hills,9.4.1.c,Number of Post-Partum sterilizations conducted at SDHs or DHs,TOTAL,21.0,26.0,21.0,22.0,24.0,30.0,29.0,13.0,18.0,19.0,17.0,28.0,268.0
West Garo Hills,9.4.1.d,Number of Post-Partum sterilizations conducted at other State owned public institutions,TOTAL,,,,,,,,,,,,,
West Garo Hills,9.4.1.e,"Total Number of Post-Partum sterilizations conducted at Public facilities i.e. PHC, CHC, SDH, DH and other State owned public institutions (sum of items from 9.4.1.a to 9.4.1.d)",TOTAL,23.0,27.0,22.0,25.0,25.0,34.0,32.0,14.0,20.0,23.0,21.0,33.0,299.0
West Garo Hills,9.4.2,Number of Post-Partum sterilizations conducted at Private facilities,TOTAL,4.0,0.0,3.0,4.0,12.0,6.0,7.0,4.0,4.0,6.0,13.0,11.0,74.0
West Garo Hills,9.5.1.a,Number of IUCD Insertions conducted at SCs,TOTAL,38.0,35.0,39.0,151.0,39.0,58.0,39.0,36.0,15.0,26.0,43.0,73.0,592.0
West Garo Hills,9.5.1.b,Number of IUCD Insertions conducted at PHCs,TOTAL,46.0,25.0,28.0,47.0,43.0,20.0,27.0,32.0,27.0,29.0,36.0,47.0,407.0
West Garo Hills,9.5.1.c,Number of IUCD Insertions conducted at CHCs,TOTAL,19.0,36.0,39.0,63.0,27.0,20.0,21.0,27.0,13.0,21.0,34.0,30.0,350.0
West Garo Hills,9.5.1.d,Number of IUCD Insertions conducted at SDHs or DHs,TOTAL,18.0,18.0,34.0,36.0,31.0,20.0,19.0,33.0,18.0,27.0,23.0,25.0,302.0
West Garo Hills,9.5.1.e,Number of IUCD Insertions conducted at other State owned public institutions,TOTAL,,,,,,,,,,,,,
West Garo Hills,9.5.1.f,"Total Number of IUCD Insertions conducted at Public facilities i.e. SC, PHC, CHC, SDH, DH and other State owned public institutions (sum of items from 9.5.1.a to 9.5.1.e)",TOTAL,121.0,114.0,140.0,297.0,140.0,118.0,106.0,128.0,73.0,103.0,136.0,175.0,1651.0
West Garo Hills,9.5.1A,"Out of above total, Post Partum (within 48 hours of delivery) IUCD insertions",TOTAL,,,,,,,,0.0,0.0,0.0,0.0,0.0,0.0
West Garo Hills,9.5.2,Number of IUCD Insertions conducted at Private facilities,TOTAL,4.0,2.0,0.0,1.0,0.0,0.0,1.0,0.0,0.0,2.0,0.0,3.0,13.0
West Garo Hills,9.06,Number of IUCD removals,TOTAL,73.0,53.0,58.0,124.0,49.0,40.0,42.0,38.0,30.0,104.0,60.0,58.0,729.0
West Garo Hills,9.07,Number of Oral Pills cycles distributed,TOTAL,1570.0,1682.0,1607.0,2392.0,2188.0,1941.0,2052.0,1975.0,1763.0,1825.0,1714.0,1835.0,22544.0
West Garo Hills,9.08,Number of Condom pieces distributed,TOTAL,7302.0,7100.0,7933.0,12765.0,10232.0,7948.0,9085.0,7195.0,8961.0,9476.0,8847.0,5956.0,102800.0
West Garo Hills,9.09,Number of Centchroman (weekly) pills given,TOTAL,5.0,0.0,0.0,0.0,0.0,0.0,0.0,0.0,0.0,0.0,0.0,2.0,7.0
West Garo Hills,9.10,Number of Emergency Contraceptive Pills distributed,TOTAL,1.0,2.0,0.0,0.0,5.0,5.0,0.0,0.0,3.0,2.0,0.0,0.0,18.0
West Garo Hills,9.11.1.a,Number of cases of complications following male sterilization,TOTAL,0.0,0.0,0.0,0.0,0.0,0.0,0.0,0.0,0.0,0.0,0.0,0.0,0.0
West Garo Hills,9.11.1.b,Number of cases of complications following female sterilization,TOTAL,0.0,0.0,0.0,0.0,0.0,0.0,0.0,0.0,0.0,0.0,0.0,0.0,0.0
West Garo Hills,9.11.2.a,Number of failures following male sterilization,TOTAL,0.0,0.0,0.0,0.0,0.0,0.0,0.0,0.0,0.0,0.0,0.0,0.0,0.0
West Garo Hills,9.11.2.b,Number of failures following female sterilization,TOTAL,0.0,0.0,0.0,0.0,0.0,0.0,0.0,0.0,0.0,0.0,0.0,0.0,0.0
West Garo Hills,9.11.3.a,Number of deaths following male sterilization,TOTAL,0.0,0.0,0.0,0.0,0.0,0.0,0.0,0.0,0.0,0.0,0.0,0.0,0.0
West Garo Hills,9.11.3.b,Number of deaths following female sterilization,TOTAL,0.0,0.0,0.0,0.0,0.0,0.0,0.0,0.0,0.0,0.0,0.0,0.0,0.0
West Garo Hills,9.12,Number of Institutions having NSV trained doctors,TOTAL,1.0,2.0,1.0,1.0,1.0,3.0,1.0,2.0,5.0,4.0,2.0,2.0,-1.0
West Garo Hills,10.1.01,Number of Infants (0 to 11 months old)received BCG immunisation,TOTAL,1367.0,1541.0,1258.0,1281.0,1413.0,1412.0,1610.0,1624.0,1274.0,1564.0,1603.0,1686.0,17633.0
West Garo Hills,10.1.02,Number of Infants (0 to 11 months old) received DPT1 immunisation,TOTAL,1485.0,1618.0,1380.0,1378.0,1343.0,1308.0,1470.0,1594.0,1331.0,1653.0,1591.0,1566.0,17717.0
West Garo Hills,10.1.03,Number of Infants (0 to 11 months old) received DPT2 immunisation,TOTAL,1270.0,1616.0,1376.0,1419.0,1434.0,1325.0,1300.0,1540.0,1314.0,1611.0,1607.0,1713.0,17525.0
West Garo Hills,10.1.04,Number of Infants (0 to 11 months old) received DPT3 immunisation,TOTAL,1298.0,1459.0,1348.0,1455.0,1449.0,1368.0,1319.0,1455.0,1274.0,1514.0,1589.0,1664.0,17192.0
West Garo Hills,10.1.04A,Number of Infants (0 to 11 months old) received Pentavalent1 immunisation,TOTAL,,,,,,,,0.0,0.0,0.0,0.0,0.0,0.0
West Garo Hills,10.1.04B,Number of Infants (0 to 11 months old) received Pentavalent2 immunisation,TOTAL,,,,,,,,0.0,0.0,0.0,0.0,0.0,0.0
West Garo Hills,10.1.04C,Number of Infants (0 to 11 months old) received Pentavalent3 immunisation,TOTAL,,,,,,,,0.0,0.0,0.0,0.0,0.0,0.0
West Garo Hills,10.1.05,Number of Infants (0 to 11 months old) received OPV 0 (Birth Dose),TOTAL,523.0,438.0,424.0,460.0,524.0,542.0,660.0,603.0,618.0,600.0,509.0,583.0,6484.0
West Garo Hills,10.1.06,Number of Infants (0 to 11 months old) received OPV1 (First Dose),TOTAL,1485.0,1619.0,1380.0,1378.0,1343.0,1308.0,1470.0,1594.0,1331.0,1652.0,1593.0,1566.0,17719.0
West Garo Hills,10.1.07,Number of Infants (0 to 11 months old) received OPV2 (Second Dose),TOTAL,1270.0,1616.0,1376.0,1420.0,1434.0,1322.0,1299.0,1540.0,1314.0,1611.0,1610.0,1713.0,17525.0
West Garo Hills,10.1.08,Number of Infants (0 to 11 months old) received OPV3 (Third Dose),TOTAL,1299.0,1459.0,1348.0,1458.0,1449.0,1368.0,1319.0,1455.0,1276.0,1516.0,1581.0,1664.0,17192.0
West Garo Hills,10.1.09A,Number of Infants (upto 48 hrs of age) received Hepatitis-B0 immunisation,TOTAL,389.0,383.0,347.0,404.0,441.0,478.0,608.0,499.0,526.0,518.0,441.0,516.0,5550.0
West Garo Hills,10.1.09,Number of Infants (0 to 11 months old) received Hepatitis-B1 immunisation,TOTAL,1445.0,1584.0,1370.0,1383.0,1328.0,1311.0,1442.0,1603.0,1344.0,1640.0,1608.0,1567.0,17625.0
West Garo Hills,10.1.10,Number of Infants (0 to 11 months old) received Hepatitis-B2 immunisation,TOTAL,1272.0,1612.0,1375.0,1411.0,1393.0,1311.0,1300.0,1526.0,1295.0,1602.0,1589.0,1702.0,17388.0
West Garo Hills,10.1.11,Number of Infants (0 to 11 months old) received Hepatitis-B3 immunisation,TOTAL,1279.0,1449.0,1379.0,1452.0,1446.0,1371.0,1330.0,1448.0,1247.0,1493.0,1589.0,1671.0,17154.0
West Garo Hills,10.1.12,Number of Infants (0 to 11 months old) received Measles immunisation (First Dose),TOTAL,1059.0,1318.0,1129.0,1291.0,1418.0,1370.0,1447.0,1619.0,1199.0,1511.0,1662.0,1630.0,16653.0
West Garo Hills,10.1.12B,Number of Infants (more than 16 months old) received Measles immunisation (Second Dose),TOTAL,691.0,866.0,648.0,797.0,987.0,833.0,929.0,989.0,623.0,701.0,873.0,1043.0,9980.0
West Garo Hills,10.1A,No. of Children aged 9 to 12 months who received JE 1st dose,TOTAL,,,,,,,,0.0,0.0,0.0,0.0,0.0,0.0
West Garo Hills,10.1.13.a,Total number of male children (9 to 11 months old) fully immunised (BCG+DPT123/Pentavalent123+OPV123+Measles) during the month,TOTAL,522.0,600.0,532.0,592.0,685.0,688.0,690.0,746.0,565.0,717.0,809.0,773.0,7919.0
West Garo Hills,10.1.13.b,Total number of female children (9 to 11 months old) fully immunised (BCG+DPT123/Pentavalent123+OPV123+Measles) during the month,TOTAL,489.0,644.0,555.0,652.0,655.0,611.0,699.0,787.0,584.0,747.0,820.0,799.0,8042.0
West Garo Hills,10.1.13.c,Total number of children (9 to 11 months old) fully immunised (BCG+DPT123/Pentavalent123+OPV123+Measles) during the month (sum of items 10.1.13.a and 10.1.13.b),TOTAL,1011.0,1244.0,1087.0,1244.0,1340.0,1299.0,1389.0,1533.0,1149.0,1464.0,1629.0,1572.0,15961.0
West Garo Hills,10.2.1,Number of Infants (more than 16 months old) received DPT Booster dose,TOTAL,911.0,1159.0,874.0,1025.0,1112.0,1022.0,1100.0,1113.0,779.0,832.0,979.0,1041.0,11947.0
West Garo Hills,10.2.2,Number of Infants (more than 16 months old) received OPV Booster dose,TOTAL,911.0,1159.0,874.0,1025.0,1112.0,1022.0,1100.0,1113.0,787.0,832.0,979.0,1041.0,11955.0
West Garo Hills,10.2.3,"Number of Infants (more than 16 months old) received Measles, Mumps, Rubella (MMR) Vaccination",TOTAL,0.0,0.0,0.0,0.0,0.0,0.0,0.0,0.0,1.0,0.0,0.0,0.0,1.0
West Garo Hills,10.3.1.a,Total number of male children (12 to 23 months old) fully immunised (BCG+DPT123/Pentavalent123+OPV123+Measles) during the month,TOTAL,197.0,219.0,183.0,246.0,278.0,274.0,265.0,242.0,186.0,195.0,239.0,277.0,2801.0
West Garo Hills,10.3.1.b,Total number of female children (12 to 23 months old) fully immunised (BCG+DPT123/Pentavalent123+OPV123+Measles) during the month,TOTAL,173.0,232.0,177.0,236.0,256.0,265.0,256.0,260.0,182.0,195.0,245.0,265.0,2742.0
West Garo Hills,10.3.1.c,Total number of children (12 to 23 months old) fully immunised (BCG+DPT123+OPV123/Pentavalent123+Measles) during the month (sum of items 10.3.1.a and 10.3.1.b),TOTAL,370.0,451.0,360.0,482.0,534.0,539.0,521.0,502.0,368.0,390.0,484.0,542.0,5543.0
West Garo Hills,10.3.2,Number of children (more than 5 years old) given DT5,TOTAL,127.0,164.0,129.0,122.0,148.0,160.0,147.0,121.0,94.0,131.0,94.0,203.0,1640.0
West Garo Hills,10.3.3,Number of children (more than 10 years old) given TT10,TOTAL,2005.0,2186.0,1013.0,614.0,1011.0,1548.0,1926.0,798.0,202.0,275.0,474.0,1217.0,13269.0
West Garo Hills,10.3.4,Number of children (more than 16 years old) given TT16,TOTAL,1735.0,1770.0,1279.0,898.0,1010.0,1233.0,2050.0,949.0,408.0,561.0,809.0,954.0,13656.0
West Garo Hills,10.3.5.a,Number of cases of Abscess reported following immunisation [Adverse Event Following Immunisation (AEFI)],TOTAL,0.0,0.0,0.0,0.0,0.0,0.0,0.0,0.0,0.0,0.0,0.0,0.0,0.0
West Garo Hills,10.3.5.b,Number of cases of Death reported following immunisation [Adverse Event Following Immunisation (AEFI)],TOTAL,0.0,0.0,0.0,0.0,0.0,0.0,0.0,0.0,0.0,0.0,0.0,0.0,0.0
West Garo Hills,10.3.5.c,Number of cases of other complications reported following immunisation [Adverse Event Following Immunisation (AEFI)],TOTAL,0.0,0.0,0.0,0.0,0.0,0.0,0.0,0.0,0.0,0.0,0.0,0.0,0.0
West Garo Hills,10.4.1,Number of Immunisation sessions planned to be held during the month,TOTAL,1448.0,1472.0,1414.0,1454.0,1417.0,1481.0,1417.0,1432.0,1380.0,1448.0,1432.0,1461.0,17256.0
West Garo Hills,10.4.2,Number of Immunisation sessions held during the month,TOTAL,1113.0,1207.0,1148.0,1151.0,1151.0,1109.0,1179.0,1234.0,1075.0,1189.0,1206.0,1217.0,13979.0
West Garo Hills,10.4.3,Number of Immunisation sessions held during the month where ASHAs were present,TOTAL,1035.0,1127.0,1076.0,1074.0,1083.0,1028.0,1109.0,1164.0,1001.0,1117.0,1125.0,1152.0,13091.0
West Garo Hills,10.5.1,Number of children (more than 16 months old) received Japanese Encephalitis (JE) vaccination,TOTAL,0.0,0.0,0.0,0.0,0.0,0.0,0.0,0.0,0.0,0.0,0.0,0.0,0.0
West Garo Hills,11.1.1,Number of children (9 months to 5 years old) administered 1st dose of Vitamin A (Dose-1),TOTAL,413.0,104.0,47.0,35.0,7.0,24.0,0.0,0.0,0.0,0.0,0.0,0.0,630.0
West Garo Hills,11.1.2,Number of children (9 months to 5 years old) were administered 5th dose of Vitamin A (Dose-5),TOTAL,373.0,89.0,71.0,44.0,0.0,6.0,0.0,5.0,0.0,0.0,0.0,0.0,588.0
West Garo Hills,11.1.3,Number of children (9 months to 5 years old) administered 9th dose of Vitamin A (Dose-9),TOTAL,222.0,32.0,9.0,15.0,0.0,7.0,0.0,0.0,0.0,0.0,0.0,0.0,285.0
West Garo Hills,12.1,Number of cases of Diptheria reported in children below 5 years of age,TOTAL,0.0,0.0,0.0,0.0,0.0,0.0,0.0,0.0,0.0,0.0,0.0,0.0,0.0
West Garo Hills,12.2,Number of cases of Pertusis reported in children below 5 years of age,TOTAL,0.0,0.0,0.0,0.0,0.0,0.0,0.0,0.0,0.0,0.0,0.0,0.0,0.0
West Garo Hills,12.3,Number of cases of Tetanus neonatarum reported in children below 5 years of age,TOTAL,0.0,0.0,0.0,0.0,0.0,1.0,0.0,0.0,0.0,0.0,0.0,0.0,1.0
West Garo Hills,12.4,Number of cases of Tetanus other than neonatarum reported in children below 5 years of age,TOTAL,0.0,0.0,0.0,0.0,0.0,1.0,0.0,0.0,0.0,0.0,0.0,0.0,1.0
West Garo Hills,12.5,Number of cases of Polio reported in children below 5 years of age,TOTAL,0.0,0.0,0.0,0.0,0.0,0.0,0.0,0.0,0.0,0.0,0.0,0.0,0.0
West Garo Hills,12.6,Number of cases of Measles reported in children below 5 years of age,TOTAL,19.0,5.0,0.0,1.0,30.0,1.0,18.0,0.0,3.0,7.0,1.0,17.0,102.0
West Garo Hills,12.7,Number of cases of Diarrhoea and Dehydration reported in children below 5 years of age,TOTAL,1119.0,1110.0,1337.0,906.0,946.0,862.0,754.0,583.0,654.0,845.0,918.0,1012.0,11046.0
West Garo Hills,12.8,Number of cases of Malaria reported in children below 5 years of age,TOTAL,47.0,56.0,127.0,92.0,87.0,49.0,50.0,43.0,28.0,12.0,32.0,27.0,650.0
West Garo Hills,12.9,Number of children below 5 years of age admitted with Respiratory Infections,TOTAL,16.0,29.0,53.0,131.0,108.0,30.0,41.0,23.0,18.0,7.0,9.0,51.0,516.0
West Garo Hills,13.1,Number of Patients operated for cataract,TOTAL,22.0,5.0,26.0,31.0,31.0,17.0,11.0,31.0,22.0,42.0,79.0,48.0,365.0
West Garo Hills,13.2,Number of Intraocular Lens(IOL) implantations,TOTAL,22.0,5.0,26.0,31.0,31.0,17.0,11.0,31.0,21.0,32.0,79.0,48.0,354.0
West Garo Hills,13.3,Number of School children detected with Refractive errors,TOTAL,74.0,117.0,0.0,0.0,0.0,0.0,19.0,20.0,0.0,0.0,39.0,0.0,269.0
West Garo Hills,13.4,Number of children provided free glasses,TOTAL,38.0,14.0,0.0,0.0,0.0,0.0,10.0,12.0,0.0,0.0,4.0,0.0,78.0
West Garo Hills,13.5,Number of eyes collected through eye donation,TOTAL,0.0,0.0,0.0,0.0,0.0,0.0,0.0,0.0,0.0,0.0,0.0,0.0,0.0
West Garo Hills,13.6,Number of eyes utilised for corneal transplant,TOTAL,0.0,0.0,0.0,0.0,0.0,0.0,0.0,0.0,0.0,0.0,0.0,0.0,0.0
West Garo Hills,14.01,Number of CHC or SDH or DH functioning as First Referral units (FRUs),TOTAL,3.0,2.0,2.0,3.0,2.0,3.0,2.0,3.0,3.0,3.0,3.0,3.0,-1.0
West Garo Hills,14.02,Number of PHCs functioning 24X7 with atleast 3 Staff Nurses,TOTAL,11.0,10.0,11.0,12.0,10.0,11.0,11.0,11.0,12.0,11.0,11.0,11.0,-1.0
West Garo Hills,14.03,Number of Anganwadi centres reported to have conducted VHNDs,TOTAL,959.0,977.0,921.0,958.0,950.0,899.0,955.0,1007.0,868.0,941.0,941.0,943.0,-1.0
West Garo Hills,14.04,Number of facilities having a Rogi Kalyan Samiti (RKS),TOTAL,9.0,9.0,9.0,9.0,9.0,9.0,9.0,9.0,9.0,9.0,9.0,9.0,-1.0
West Garo Hills,14.05,Number of RKS meetings held during the month,TOTAL,4.0,2.0,3.0,5.0,8.0,11.0,14.0,8.0,8.0,4.0,7.0,7.0,81.0
West Garo Hills,14.06,Number of facilities having Ambulance services (Assured Referral Services),TOTAL,29.0,28.0,28.0,28.0,29.0,29.0,29.0,29.0,29.0,29.0,29.0,28.0,-1.0
West Garo Hills,14.07,Total Number of times the Ambulance was used for transporting patients during the month,TOTAL,157.0,125.0,143.0,132.0,179.0,195.0,255.0,250.0,190.0,146.0,123.0,185.0,2080.0
West Garo Hills,14.08,Number of Institutions having Operational Sick New Born and Child Care Units (SNCU),TOTAL,1.0,2.0,1.0,,,1.0,2.0,2.0,2.0,2.0,2.0,2.0,-1.0
West Garo Hills,14.09,Number of functional Laproscopes in CHC/SDH/DH,TOTAL,0.0,0.0,0.0,2.0,1.0,0.0,0.0,0.0,0.0,0.0,0.0,0.0,-1.0
West Garo Hills,14.10.1.a,Number of male patients admitted (Inpatients) during the month,1. Children,244.0,256.0,338.0,243.0,223.0,217.0,246.0,248.0,201.0,196.0,210.0,206.0,2828.0
West Garo Hills,14.10.1.a,Number of male patients admitted (Inpatients) during the month,2. Adults,532.0,615.0,614.0,542.0,525.0,531.0,676.0,559.0,414.0,452.0,405.0,565.0,6430.0
West Garo Hills,14.10.1.b,Number of female patients (Inpatients) admitted during the month,1. Children,270.0,356.0,333.0,252.0,294.0,244.0,217.0,220.0,207.0,265.0,219.0,357.0,3234.0
West Garo Hills,14.10.1.b,Number of female patients (Inpatients) admitted during the month,2. Adults,1403.0,1400.0,1267.0,1348.0,1238.0,1324.0,1604.0,1386.0,1247.0,1263.0,1376.0,1254.0,16110.0
West Garo Hills,14.10.1.c,Total number of patients admitted (Inpatients) during the month (sum of items 14.10.1.a and 14.10.1.b),1. Children,514.0,612.0,671.0,495.0,517.0,461.0,463.0,468.0,408.0,461.0,429.0,563.0,6062.0
West Garo Hills,14.10.1.c,Total number of patients admitted (Inpatients) during the month (sum of items 14.10.1.a and 14.10.1.b),2. Adults,1935.0,2015.0,1881.0,1890.0,1763.0,1855.0,2280.0,1945.0,1661.0,1715.0,1781.0,1819.0,22540.0
West Garo Hills,14.10.2.a,Number of death cases of Inpatient males,TOTAL,14.0,12.0,17.0,22.0,26.0,23.0,39.0,26.0,26.0,20.0,29.0,20.0,274.0
West Garo Hills,14.10.2.b,Number of death cases of Inpatient females,TOTAL,18.0,23.0,14.0,15.0,23.0,19.0,25.0,27.0,9.0,28.0,15.0,11.0,227.0
West Garo Hills,14.10.2.c,Number of cases of death of Inpatients (sum of items 14.10.2.a and 14.10.2.b),TOTAL,32.0,35.0,31.0,37.0,49.0,42.0,64.0,53.0,35.0,48.0,44.0,31.0,501.0
West Garo Hills,14.11,In-Patient Head Count at midnight,TOTAL,1569.0,1467.0,1419.0,1474.0,1294.0,1450.0,1653.0,1451.0,1422.0,1339.0,1590.0,6602.0,22730.0
West Garo Hills,14.12.1,OPD attendance (All),TOTAL,47939.0,54755.0,57613.0,54218.0,44706.0,41472.0,45171.0,43661.0,32064.0,33200.0,35602.0,43398.0,533799.0
West Garo Hills,14.13.1,Number of major operations carried out using general or spinal anaesthesia,TOTAL,145.0,129.0,85.0,129.0,112.0,83.0,142.0,127.0,90.0,128.0,215.0,143.0,1528.0
West Garo Hills,14.13.1A,"Out of 14.13.1,Gynecology- Hysterectomy surgeries",TOTAL,,,,,,,,0.0,0.0,0.0,0.0,0.0,0.0
West Garo Hills,14.13.2,Number of minor operations carried out without anaesthesia or using local anaesthesia,TOTAL,119.0,121.0,109.0,154.0,177.0,123.0,141.0,136.0,122.0,138.0,135.0,163.0,1638.0
West Garo Hills,14.14.a,Number of patients given AYUSH treatment,TOTAL,4075.0,5115.0,4743.0,5046.0,3859.0,3879.0,3526.0,3957.0,3652.0,3460.0,3153.0,3532.0,47997.0
West Garo Hills,14.14.b,Number of patients on whom Dental Procedure was conducted,TOTAL,605.0,837.0,714.0,984.0,877.0,705.0,697.0,725.0,366.0,636.0,661.0,733.0,8540.0
West Garo Hills,14.14.c,Number of Adolescents counselled,TOTAL,118.0,114.0,117.0,83.0,114.0,74.0,92.0,95.0,56.0,56.0,93.0,113.0,1125.0
West Garo Hills,15.1.1.a,Number of Haemoglobin (Hb) tests conducted,TOTAL,3219.0,3797.0,3094.0,3782.0,3929.0,3268.0,3531.0,3456.0,2863.0,3322.0,3491.0,3393.0,41145.0
West Garo Hills,15.1.1.b,"Out of the total number of Hb tests conducted, number of cases having Hb less than 7gm/dl",TOTAL,153.0,118.0,96.0,192.0,217.0,194.0,133.0,133.0,131.0,149.0,211.0,182.0,1909.0
West Garo Hills,15.1.2.a,Number of HIV tests conducted on males,1. Number tested,120.0,21.0,130.0,131.0,128.0,170.0,86.0,83.0,61.0,120.0,92.0,179.0,1321.0
West Garo Hills,15.1.2.a,Number of HIV tests conducted on males,2. Number Positive,1.0,0.0,0.0,0.0,0.0,1.0,0.0,1.0,0.0,1.0,0.0,3.0,7.0
West Garo Hills,15.1.2.b,Number of HIV tests conducted on Female-Non ANC (i.e. non pregnant females),1. Number tested,121.0,233.0,121.0,231.0,150.0,82.0,112.0,163.0,47.0,122.0,128.0,156.0,1666.0
West Garo Hills,15.1.2.b,Number of HIV tests conducted on Female-Non ANC (i.e. non pregnant females),2. Number Positive,0.0,0.0,0.0,0.0,0.0,0.0,0.0,0.0,0.0,0.0,0.0,2.0,2.0
West Garo Hills,15.1.2.c,Number of HIV tests conducted on Female with ANC (i.e. pregnant females),1. Number tested,326.0,298.0,229.0,294.0,285.0,247.0,238.0,234.0,191.0,208.0,314.0,427.0,3291.0
West Garo Hills,15.1.2.c,Number of HIV tests conducted on Female with ANC (i.e. pregnant females),2. Number Positive,0.0,0.0,0.0,0.0,0.0,0.0,3.0,0.0,0.0,0.0,0.0,0.0,3.0
West Garo Hills,15.1.2.d,Total number of HIV tests conducted (sum of items 15.1.2.a to 15.1.2.c),1. Number tested,567.0,552.0,480.0,656.0,563.0,499.0,436.0,480.0,299.0,450.0,534.0,762.0,6278.0
West Garo Hills,15.1.2.d,Total number of HIV tests conducted (sum of items 15.1.2.a to 15.1.2.c),2. Number Positive,1.0,0.0,0.0,0.0,0.0,1.0,3.0,1.0,0.0,1.0,0.0,5.0,12.0
West Garo Hills,15.2,Number of Widal tests conducted,Number tested,517.0,564.0,553.0,522.0,515.0,356.0,539.0,671.0,654.0,278.0,336.0,492.0,5997.0
West Garo Hills,15.3.a,Number of VDRL tests conducted on males,Number tested,117.0,121.0,119.0,128.0,153.0,158.0,73.0,87.0,174.0,134.0,76.0,161.0,1501.0
West Garo Hills,15.3.b,Number of VDRL tests conducted on Female-Non ANC (i.e. non pregnant females),Number tested,138.0,122.0,129.0,182.0,303.0,157.0,159.0,210.0,105.0,197.0,205.0,247.0,2154.0
West Garo Hills,15.3.c,Number of VDRL tests conducted on Female with ANC (i.e. pregnant females),Number tested,527.0,528.0,354.0,537.0,666.0,544.0,584.0,523.0,435.0,533.0,516.0,699.0,6446.0
West Garo Hills,15.3.d,Total number of VDRL tests conducted (sum of items 15.3.a to 15.3.c),Number tested,782.0,771.0,602.0,847.0,1122.0,859.0,816.0,820.0,714.0,864.0,797.0,1107.0,10101.0
West Garo Hills,15.4.1,Number of blood smears examined for Malaria,TOTAL,9212.0,12292.0,14460.0,15076.0,11376.0,9695.0,9667.0,9107.0,5498.0,5829.0,7518.0,9084.0,118814.0
West Garo Hills,15.4.2,"Out of blood smears examined for malaria, number of blood smears tested positive for Plasmodium Vivax",TOTAL,7.0,33.0,62.0,10.0,8.0,3.0,9.0,13.0,8.0,3.0,6.0,10.0,172.0
West Garo Hills,15.4.3,"Out of blood smears examined for malaria, number of blood smears tested positive for Plasmodium Falciparum",TOTAL,223.0,326.0,574.0,602.0,508.0,302.0,404.0,289.0,94.0,85.0,138.0,233.0,3778.0
West Garo Hills,16.1.1,Stock position of DPT vaccines,1. Balance From Previous Month,1560.0,965.0,4273.0,3692.0,3630.0,2935.0,2372.0,2731.0,2049.0,1603.0,3039.0,2403.0,31252.0
West Garo Hills,16.1.1,Stock position of DPT vaccines,2. Stocks Received,0.0,4000.0,0.0,500.0,0.0,0.0,1000.0,0.0,0.0,2000.0,0.0,1500.0,9000.0
West Garo Hills,16.1.1,Stock position of DPT vaccines,3. Unusable Stock,0.0,0.0,0.0,0.0,0.0,0.0,0.0,0.0,0.0,0.0,0.0,0.0,0.0
West Garo Hills,16.1.1,Stock position of DPT vaccines,4. Stock Distributed,595.0,692.0,581.0,562.0,695.0,563.0,641.0,682.0,446.0,564.0,636.0,735.0,7392.0
West Garo Hills,16.1.1,Stock position of DPT vaccines,5. Total Stock,965.0,4273.0,3692.0,3630.0,2935.0,2372.0,2731.0,2049.0,1603.0,3039.0,2403.0,3168.0,32860.0
West Garo Hills,16.1.1A,Stock Position of Pentavalent,1. Balance From Previous Month,,,,,,,,,,,,,
West Garo Hills,16.1.1A,Stock Position of Pentavalent,2. Stocks Received,,,,,,,,,,,,,
West Garo Hills,16.1.1A,Stock Position of Pentavalent,3. Unusable Stock,,,,,,,,,,,,,
West Garo Hills,16.1.1A,Stock Position of Pentavalent,4. Stock Distributed,,,,,,,,,,,,,
West Garo Hills,16.1.1A,Stock Position of Pentavalent,5. Total Stock,0.0,0.0,0.0,0.0,0.0,0.0,0.0,0.0,0.0,0.0,0.0,0.0,0.0
West Garo Hills,16.1.2,Stock position of OPV vaccines,1. Balance From Previous Month,1133.0,789.0,2290.0,1826.0,2948.0,2380.0,1993.0,2574.0,2072.0,1727.0,2346.0,2002.0,24080.0
West Garo Hills,16.1.2,Stock position of OPV vaccines,2. Stocks Received,0.0,2000.0,0.0,1500.0,0.0,0.0,1000.0,0.0,0.0,1000.0,0.0,500.0,6000.0
West Garo Hills,16.1.2,Stock position of OPV vaccines,3. Unusable Stock,0.0,0.0,0.0,0.0,0.0,0.0,0.0,0.0,0.0,0.0,0.0,0.0,0.0
West Garo Hills,16.1.2,Stock position of OPV vaccines,4. Stock Distributed,344.0,499.0,464.0,378.0,568.0,387.0,419.0,502.0,345.0,381.0,344.0,437.0,5068.0
West Garo Hills,16.1.2,Stock position of OPV vaccines,5. Total Stock,789.0,2290.0,1826.0,2948.0,2380.0,1993.0,2574.0,2072.0,1727.0,2346.0,2002.0,2065.0,25012.0
West Garo Hills,16.1.3,Stock position of TT vaccines,1. Balance From Previous Month,1736.0,1020.0,2109.0,1395.0,2360.0,1687.0,1071.0,401.0,141.0,297.0,2038.0,1417.0,15672.0
West Garo Hills,16.1.3,Stock position of TT vaccines,2. Stocks Received,0.0,2000.0,0.0,1500.0,0.0,0.0,0.0,0.0,500.0,2000.0,0.0,2000.0,8000.0
West Garo Hills,16.1.3,Stock position of TT vaccines,3. Unusable Stock,0.0,0.0,0.0,0.0,0.0,0.0,0.0,0.0,0.0,0.0,0.0,0.0,0.0
West Garo Hills,16.1.3,Stock position of TT vaccines,4. Stock Distributed,716.0,911.0,714.0,535.0,673.0,616.0,670.0,260.0,344.0,259.0,621.0,771.0,7090.0
West Garo Hills,16.1.3,Stock position of TT vaccines,5. Total Stock,1020.0,2109.0,1395.0,2360.0,1687.0,1071.0,401.0,141.0,297.0,2038.0,1417.0,2646.0,16582.0
West Garo Hills,16.1.4,Stock position of DT vaccines,1. Balance From Previous Month,0.0,0.0,0.0,0.0,0.0,0.0,0.0,0.0,0.0,0.0,0.0,0.0,0.0
West Garo Hills,16.1.4,Stock position of DT vaccines,2. Stocks Received,0.0,0.0,0.0,0.0,0.0,0.0,0.0,0.0,0.0,0.0,0.0,0.0,0.0
West Garo Hills,16.1.4,Stock position of DT vaccines,3. Unusable Stock,0.0,0.0,0.0,0.0,0.0,0.0,0.0,0.0,0.0,0.0,0.0,0.0,0.0
West Garo Hills,16.1.4,Stock position of DT vaccines,4. Stock Distributed,0.0,0.0,0.0,0.0,0.0,0.0,0.0,0.0,0.0,0.0,0.0,0.0,0.0
West Garo Hills,16.1.4,Stock position of DT vaccines,5. Total Stock,0.0,0.0,0.0,0.0,0.0,0.0,0.0,0.0,0.0,0.0,0.0,0.0,0.0
West Garo Hills,16.1.5,Stock position of BCG vaccines,1. Balance From Previous Month,793.0,440.0,567.0,601.0,1804.0,1399.0,1023.0,1670.0,1204.0,898.0,1566.0,1153.0,13118.0
West Garo Hills,16.1.5,Stock position of BCG vaccines,2. Stocks Received,0.0,600.0,400.0,1500.0,0.0,0.0,1000.0,0.0,0.0,1000.0,0.0,800.0,5300.0
West Garo Hills,16.1.5,Stock position of BCG vaccines,3. Unusable Stock,0.0,0.0,0.0,0.0,0.0,0.0,0.0,0.0,0.0,0.0,0.0,0.0,0.0
West Garo Hills,16.1.5,Stock position of BCG vaccines,4. Stock Distributed,353.0,473.0,366.0,297.0,405.0,376.0,353.0,466.0,306.0,332.0,413.0,447.0,4587.0
West Garo Hills,16.1.5,Stock position of BCG vaccines,5. Total Stock,440.0,567.0,601.0,1804.0,1399.0,1023.0,1670.0,1204.0,898.0,1566.0,1153.0,1506.0,13831.0
West Garo Hills,16.1.6,Stock position of Measles vaccines,1. Balance From Previous Month,1384.0,935.0,2234.0,1713.0,2218.0,1487.0,881.0,1306.0,616.0,610.0,2065.0,1456.0,16905.0
West Garo Hills,16.1.6,Stock position of Measles vaccines,2. Stocks Received,0.0,2000.0,0.0,1000.0,0.0,0.0,1000.0,0.0,500.0,2000.0,0.0,2000.0,8500.0
West Garo Hills,16.1.6,Stock position of Measles vaccines,3. Unusable Stock,0.0,0.0,0.0,0.0,0.0,0.0,0.0,0.0,0.0,0.0,0.0,0.0,0.0
West Garo Hills,16.1.6,Stock position of Measles vaccines,4. Stock Distributed,449.0,701.0,521.0,495.0,731.0,606.0,575.0,690.0,506.0,545.0,609.0,675.0,7103.0
West Garo Hills,16.1.6,Stock position of Measles vaccines,5. Total Stock,935.0,2234.0,1713.0,2218.0,1487.0,881.0,1306.0,616.0,610.0,2065.0,1456.0,2781.0,18302.0
West Garo Hills,16.1.7,Stock position of JE vaccines,1. Balance From Previous Month,0.0,0.0,0.0,0.0,0.0,0.0,0.0,0.0,0.0,0.0,0.0,0.0,0.0
West Garo Hills,16.1.7,Stock position of JE vaccines,2. Stocks Received,0.0,0.0,0.0,0.0,0.0,0.0,0.0,0.0,0.0,0.0,0.0,0.0,0.0
West Garo Hills,16.1.7,Stock position of JE vaccines,3. Unusable Stock,0.0,0.0,0.0,0.0,0.0,0.0,0.0,0.0,0.0,0.0,0.0,0.0,0.0
West Garo Hills,16.1.7,Stock position of JE vaccines,4. Stock Distributed,0.0,0.0,0.0,0.0,0.0,0.0,0.0,0.0,0.0,0.0,0.0,0.0,0.0
West Garo Hills,16.1.7,Stock position of JE vaccines,5. Total Stock,0.0,0.0,0.0,0.0,0.0,0.0,0.0,0.0,0.0,0.0,0.0,0.0,0.0
West Garo Hills,16.1.8,Stock position of Hepatitis B vaccines,1. Balance From Previous Month,2735.0,2235.0,2181.0,1652.0,2244.0,1671.0,1207.0,1695.0,1090.0,729.0,1237.0,653.0,19329.0
West Garo Hills,16.1.8,Stock position of Hepatitis B vaccines,2. Stocks Received,0.0,500.0,0.0,1000.0,0.0,0.0,1000.0,0.0,0.0,1000.0,0.0,1900.0,5400.0
West Garo Hills,16.1.8,Stock position of Hepatitis B vaccines,3. Unusable Stock,0.0,0.0,0.0,0.0,0.0,0.0,0.0,0.0,0.0,0.0,0.0,0.0,0.0
West Garo Hills,16.1.8,Stock position of Hepatitis B vaccines,4. Stock Distributed,500.0,554.0,529.0,408.0,573.0,464.0,512.0,605.0,361.0,492.0,584.0,604.0,6186.0
West Garo Hills,16.1.8,Stock position of Hepatitis B vaccines,5. Total Stock,2235.0,2181.0,1652.0,2244.0,1671.0,1207.0,1695.0,1090.0,729.0,1237.0,653.0,1949.0,18543.0
West Garo Hills,16.2.1,Stock Position of IU 380 A (to be used for Family Planning),1. Balance From Previous Month,1362.0,1232.0,2852.0,2662.0,1992.0,1622.0,1522.0,1873.0,1793.0,1718.0,1478.0,1338.0,21444.0
West Garo Hills,16.2.1,Stock Position of IU 380 A (to be used for Family Planning),2. Stocks Received,0.0,1800.0,0.0,0.0,0.0,0.0,550.0,0.0,0.0,0.0,0.0,600.0,2950.0
West Garo Hills,16.2.1,Stock Position of IU 380 A (to be used for Family Planning),3. Unusable Stock,0.0,0.0,0.0,0.0,0.0,0.0,0.0,0.0,0.0,0.0,0.0,0.0,0.0
West Garo Hills,16.2.1,Stock Position of IU 380 A (to be used for Family Planning),4. Stock Distributed,130.0,180.0,190.0,670.0,370.0,100.0,199.0,80.0,75.0,240.0,140.0,100.0,2474.0
West Garo Hills,16.2.1,Stock Position of IU 380 A (to be used for Family Planning),5. Total Stock,1232.0,2852.0,2662.0,1992.0,1622.0,1522.0,1873.0,1793.0,1718.0,1478.0,1338.0,1838.0,21920.0
West Garo Hills,16.2.2,Stock Position of Condoms (to be used for Family Planning),1. Balance From Previous Month,0.0,0.0,3500.0,0.0,0.0,0.0,36000.0,25500.0,13500.0,7400.0,0.0,0.0,85900.0
West Garo Hills,16.2.2,Stock Position of Condoms (to be used for Family Planning),2. Stocks Received,0.0,10000.0,0.0,0.0,0.0,60000.0,3000.0,0.0,0.0,0.0,0.0,0.0,73000.0
West Garo Hills,16.2.2,Stock Position of Condoms (to be used for Family Planning),3. Unusable Stock,0.0,0.0,0.0,0.0,0.0,0.0,0.0,0.0,0.0,0.0,0.0,0.0,0.0
West Garo Hills,16.2.2,Stock Position of Condoms (to be used for Family Planning),4. Stock Distributed,0.0,6500.0,3500.0,0.0,0.0,24000.0,13500.0,12000.0,6100.0,7400.0,0.0,0.0,73000.0
West Garo Hills,16.2.2,Stock Position of Condoms (to be used for Family Planning),5. Total Stock,0.0,3500.0,0.0,0.0,0.0,36000.0,25500.0,13500.0,7400.0,0.0,0.0,0.0,85900.0
West Garo Hills,16.2.3,Stock Position of Oral Contraceptive (to be used for Family Planning),1. Balance From Previous Month,3700.0,2300.0,2100.0,420.0,5507.0,4707.0,1907.0,17107.0,15207.0,14587.0,12087.0,8387.0,88016.0
West Garo Hills,16.2.3,Stock Position of Oral Contraceptive (to be used for Family Planning),2. Stocks Received,0.0,0.0,0.0,7487.0,0.0,0.0,18000.0,0.0,0.0,0.0,0.0,0.0,25487.0
West Garo Hills,16.2.3,Stock Position of Oral Contraceptive (to be used for Family Planning),3. Unusable Stock,0.0,0.0,0.0,0.0,0.0,0.0,0.0,0.0,0.0,0.0,0.0,0.0,0.0
West Garo Hills,16.2.3,Stock Position of Oral Contraceptive (to be used for Family Planning),4. Stock Distributed,1400.0,200.0,1680.0,2400.0,800.0,2800.0,2800.0,1900.0,620.0,2500.0,3700.0,1400.0,22200.0
West Garo Hills,16.2.3,Stock Position of Oral Contraceptive (to be used for Family Planning),5. Total Stock,2300.0,2100.0,420.0,5507.0,4707.0,1907.0,17107.0,15207.0,14587.0,12087.0,8387.0,6987.0,91303.0
West Garo Hills,16.2.4,Stock Position of Emergency Contraceptive (to be used for Family Planning),1. Balance From Previous Month,1600.0,0.0,0.0,1350.0,1550.0,1500.0,500.0,5200.0,4600.0,4580.0,3630.0,1430.0,25940.0
West Garo Hills,16.2.4,Stock Position of Emergency Contraceptive (to be used for Family Planning),2. Stocks Received,0.0,0.0,2000.0,2000.0,0.0,0.0,5000.0,0.0,0.0,0.0,0.0,0.0,9000.0
West Garo Hills,16.2.4,Stock Position of Emergency Contraceptive (to be used for Family Planning),3. Unusable Stock,0.0,0.0,0.0,0.0,0.0,0.0,0.0,0.0,0.0,0.0,0.0,0.0,0.0
West Garo Hills,16.2.4,Stock Position of Emergency Contraceptive (to be used for Family Planning),4. Stock Distributed,1600.0,0.0,650.0,1800.0,50.0,1000.0,300.0,600.0,20.0,950.0,2200.0,0.0,9170.0
West Garo Hills,16.2.4,Stock Position of Emergency Contraceptive (to be used for Family Planning),5. Total Stock,0.0,0.0,1350.0,1550.0,1500.0,500.0,5200.0,4600.0,4580.0,3630.0,1430.0,1430.0,25770.0
West Garo Hills,16.2.5,Stock Position of Tubal Rings (to be used for Family Planning),1. Balance From Previous Month,0.0,0.0,0.0,0.0,0.0,0.0,0.0,0.0,0.0,0.0,0.0,0.0,0.0
West Garo Hills,16.2.5,Stock Position of Tubal Rings (to be used for Family Planning),2. Stocks Received,0.0,0.0,0.0,0.0,0.0,0.0,0.0,0.0,0.0,0.0,0.0,0.0,0.0
West Garo Hills,16.2.5,Stock Position of Tubal Rings (to be used for Family Planning),3. Unusable Stock,0.0,0.0,0.0,0.0,0.0,0.0,0.0,0.0,0.0,0.0,0.0,0.0,0.0
West Garo Hills,16.2.5,Stock Position of Tubal Rings (to be used for Family Planning),4. Stock Distributed,0.0,0.0,0.0,0.0,0.0,0.0,0.0,0.0,0.0,0.0,0.0,0.0,0.0
West Garo Hills,16.2.5,Stock Position of Tubal Rings (to be used for Family Planning),5. Total Stock,0.0,0.0,0.0,0.0,0.0,0.0,0.0,0.0,0.0,0.0,0.0,0.0,0.0
West Garo Hills,16.3.01,Stock Position of Oxytocin Injection,1. Balance From Previous Month,8620.0,0.0,0.0,0.0,0.0,0.0,0.0,0.0,0.0,0.0,0.0,0.0,8620.0
West Garo Hills,16.3.01,Stock Position of Oxytocin Injection,2. Stocks Received,0.0,0.0,0.0,0.0,0.0,0.0,0.0,0.0,0.0,0.0,0.0,0.0,0.0
West Garo Hills,16.3.01,Stock Position of Oxytocin Injection,3. Unusable Stock,8620.0,0.0,0.0,0.0,0.0,0.0,0.0,0.0,0.0,0.0,0.0,0.0,8620.0
West Garo Hills,16.3.01,Stock Position of Oxytocin Injection,4. Stock Distributed,0.0,0.0,0.0,0.0,0.0,0.0,0.0,0.0,0.0,0.0,0.0,0.0,0.0
West Garo Hills,16.3.01,Stock Position of Oxytocin Injection,5. Total Stock,0.0,0.0,0.0,0.0,0.0,0.0,0.0,0.0,0.0,0.0,0.0,0.0,0.0
West Garo Hills,16.3.02,Stock Position of Gloves,1. Balance From Previous Month,0.0,0.0,0.0,0.0,0.0,0.0,0.0,0.0,0.0,0.0,0.0,0.0,0.0
West Garo Hills,16.3.02,Stock Position of Gloves,2. Stocks Received,0.0,0.0,0.0,0.0,0.0,0.0,0.0,0.0,0.0,0.0,0.0,0.0,0.0
West Garo Hills,16.3.02,Stock Position of Gloves,3. Unusable Stock,0.0,0.0,0.0,0.0,0.0,0.0,0.0,0.0,0.0,0.0,0.0,0.0,0.0
West Garo Hills,16.3.02,Stock Position of Gloves,4. Stock Distributed,0.0,0.0,0.0,0.0,0.0,0.0,0.0,0.0,0.0,0.0,0.0,0.0,0.0
West Garo Hills,16.3.02,Stock Position of Gloves,5. Total Stock,0.0,0.0,0.0,0.0,0.0,0.0,0.0,0.0,0.0,0.0,0.0,0.0,0.0
West Garo Hills,16.3.03,Stock Position of MVA Syringes,1. Balance From Previous Month,0.0,0.0,0.0,0.0,0.0,0.0,0.0,0.0,0.0,0.0,0.0,0.0,0.0
West Garo Hills,16.3.03,Stock Position of MVA Syringes,2. Stocks Received,0.0,0.0,0.0,0.0,0.0,0.0,0.0,0.0,0.0,0.0,0.0,0.0,0.0
West Garo Hills,16.3.03,Stock Position of MVA Syringes,3. Unusable Stock,0.0,0.0,0.0,0.0,0.0,0.0,0.0,0.0,0.0,0.0,0.0,0.0,0.0
West Garo Hills,16.3.03,Stock Position of MVA Syringes,4. Stock Distributed,0.0,0.0,0.0,0.0,0.0,0.0,0.0,0.0,0.0,0.0,0.0,0.0,0.0
West Garo Hills,16.3.03,Stock Position of MVA Syringes,5. Total Stock,0.0,0.0,0.0,0.0,0.0,0.0,0.0,0.0,0.0,0.0,0.0,0.0,0.0
West Garo Hills,16.3.04,Stock Position of Fluconazole Tablets,1. Balance From Previous Month,0.0,0.0,0.0,0.0,0.0,0.0,0.0,0.0,0.0,0.0,0.0,0.0,0.0
West Garo Hills,16.3.04,Stock Position of Fluconazole Tablets,2. Stocks Received,0.0,0.0,0.0,0.0,0.0,0.0,0.0,0.0,0.0,0.0,0.0,0.0,0.0
West Garo Hills,16.3.04,Stock Position of Fluconazole Tablets,3. Unusable Stock,0.0,0.0,0.0,0.0,0.0,0.0,0.0,0.0,0.0,0.0,0.0,0.0,0.0
West Garo Hills,16.3.04,Stock Position of Fluconazole Tablets,4. Stock Distributed,0.0,0.0,0.0,0.0,0.0,0.0,0.0,0.0,0.0,0.0,0.0,0.0,0.0
West Garo Hills,16.3.04,Stock Position of Fluconazole Tablets,5. Total Stock,0.0,0.0,0.0,0.0,0.0,0.0,0.0,0.0,0.0,0.0,0.0,0.0,0.0
West Garo Hills,16.3.05,Stock Position of Blood Transfusion Sets,1. Balance From Previous Month,0.0,0.0,0.0,0.0,0.0,0.0,0.0,0.0,0.0,0.0,0.0,0.0,0.0
West Garo Hills,16.3.05,Stock Position of Blood Transfusion Sets,2. Stocks Received,0.0,0.0,0.0,0.0,0.0,0.0,0.0,0.0,0.0,0.0,0.0,0.0,0.0
West Garo Hills,16.3.05,Stock Position of Blood Transfusion Sets,3. Unusable Stock,0.0,0.0,0.0,0.0,0.0,0.0,0.0,0.0,0.0,0.0,0.0,0.0,0.0
West Garo Hills,16.3.05,Stock Position of Blood Transfusion Sets,4. Stock Distributed,0.0,0.0,0.0,0.0,0.0,0.0,0.0,0.0,0.0,0.0,0.0,0.0,0.0
West Garo Hills,16.3.05,Stock Position of Blood Transfusion Sets,5. Total Stock,0.0,0.0,0.0,0.0,0.0,0.0,0.0,0.0,0.0,0.0,0.0,0.0,0.0
West Garo Hills,16.3.06,Stock Position of Gluteraldehyde solution of 2% concentration,1. Balance From Previous Month,0.0,0.0,0.0,0.0,0.0,0.0,0.0,0.0,0.0,0.0,0.0,0.0,0.0
West Garo Hills,16.3.06,Stock Position of Gluteraldehyde solution of 2% concentration,2. Stocks Received,0.0,0.0,0.0,0.0,0.0,0.0,0.0,0.0,0.0,0.0,0.0,0.0,0.0
West Garo Hills,16.3.06,Stock Position of Gluteraldehyde solution of 2% concentration,3. Unusable Stock,0.0,0.0,0.0,0.0,0.0,0.0,0.0,0.0,0.0,0.0,0.0,0.0,0.0
West Garo Hills,16.3.06,Stock Position of Gluteraldehyde solution of 2% concentration,4. Stock Distributed,0.0,0.0,0.0,0.0,0.0,0.0,0.0,0.0,0.0,0.0,0.0,0.0,0.0
West Garo Hills,16.3.06,Stock Position of Gluteraldehyde solution of 2% concentration,5. Total Stock,0.0,0.0,0.0,0.0,0.0,0.0,0.0,0.0,0.0,0.0,0.0,0.0,0.0
West Garo Hills,16.3.07,Stock Position of IFA Tablets,1. Balance From Previous Month,100000.0,0.0,0.0,0.0,0.0,0.0,0.0,0.0,0.0,0.0,0.0,0.0,100000.0
West Garo Hills,16.3.07,Stock Position of IFA Tablets,2. Stocks Received,0.0,0.0,0.0,0.0,0.0,0.0,0.0,0.0,0.0,0.0,0.0,0.0,0.0
West Garo Hills,16.3.07,Stock Position of IFA Tablets,3. Unusable Stock,0.0,0.0,0.0,0.0,0.0,0.0,0.0,0.0,0.0,0.0,0.0,0.0,0.0
West Garo Hills,16.3.07,Stock Position of IFA Tablets,4. Stock Distributed,0.0,0.0,0.0,0.0,0.0,0.0,0.0,0.0,0.0,0.0,0.0,0.0,0.0
West Garo Hills,16.3.07,Stock Position of IFA Tablets,5. Total Stock,100000.0,0.0,0.0,0.0,0.0,0.0,0.0,0.0,0.0,0.0,0.0,0.0,100000.0
West Garo Hills,16.3.08,Stock Position of IFA Syrup (Paediatric),1. Balance From Previous Month,0.0,0.0,0.0,0.0,0.0,0.0,0.0,0.0,0.0,0.0,0.0,0.0,0.0
West Garo Hills,16.3.08,Stock Position of IFA Syrup (Paediatric),2. Stocks Received,0.0,0.0,0.0,0.0,0.0,0.0,0.0,0.0,0.0,0.0,0.0,0.0,0.0
West Garo Hills,16.3.08,Stock Position of IFA Syrup (Paediatric),3. Unusable Stock,0.0,0.0,0.0,0.0,0.0,0.0,0.0,0.0,0.0,0.0,0.0,0.0,0.0
West Garo Hills,16.3.08,Stock Position of IFA Syrup (Paediatric),4. Stock Distributed,0.0,0.0,0.0,0.0,0.0,0.0,0.0,0.0,0.0,0.0,0.0,0.0,0.0
West Garo Hills,16.3.08,Stock Position of IFA Syrup (Paediatric),5. Total Stock,0.0,0.0,0.0,0.0,0.0,0.0,0.0,0.0,0.0,0.0,0.0,0.0,0.0
West Garo Hills,16.3.09,Stock Position of Paediatrics Antibiotics (Cotrimaxozole and Injectable Gentamicin),1. Balance From Previous Month,0.0,0.0,0.0,0.0,0.0,0.0,0.0,0.0,0.0,0.0,0.0,0.0,0.0
West Garo Hills,16.3.09,Stock Position of Paediatrics Antibiotics (Cotrimaxozole and Injectable Gentamicin),2. Stocks Received,0.0,0.0,0.0,0.0,0.0,0.0,0.0,0.0,0.0,0.0,0.0,0.0,0.0
West Garo Hills,16.3.09,Stock Position of Paediatrics Antibiotics (Cotrimaxozole and Injectable Gentamicin),3. Unusable Stock,0.0,0.0,0.0,0.0,0.0,0.0,0.0,0.0,0.0,0.0,0.0,0.0,0.0
West Garo Hills,16.3.09,Stock Position of Paediatrics Antibiotics (Cotrimaxozole and Injectable Gentamicin),4. Stock Distributed,0.0,0.0,0.0,0.0,0.0,0.0,0.0,0.0,0.0,0.0,0.0,0.0,0.0
West Garo Hills,16.3.09,Stock Position of Paediatrics Antibiotics (Cotrimaxozole and Injectable Gentamicin),5. Total Stock,0.0,0.0,0.0,0.0,0.0,0.0,0.0,0.0,0.0,0.0,0.0,0.0,0.0
West Garo Hills,16.3.10,Stock Position of Vitamin A solution,1. Balance From Previous Month,0.0,0.0,0.0,0.0,0.0,0.0,0.0,0.0,0.0,0.0,0.0,0.0,0.0
West Garo Hills,16.3.10,Stock Position of Vitamin A solution,2. Stocks Received,0.0,0.0,0.0,0.0,0.0,0.0,0.0,0.0,0.0,0.0,0.0,0.0,0.0
West Garo Hills,16.3.10,Stock Position of Vitamin A solution,3. Unusable Stock,0.0,0.0,0.0,0.0,0.0,0.0,0.0,0.0,0.0,0.0,0.0,0.0,0.0
West Garo Hills,16.3.10,Stock Position of Vitamin A solution,4. Stock Distributed,0.0,0.0,0.0,0.0,0.0,0.0,0.0,0.0,0.0,0.0,0.0,0.0,0.0
West Garo Hills,16.3.10,Stock Position of Vitamin A solution,5. Total Stock,0.0,0.0,0.0,0.0,0.0,0.0,0.0,0.0,0.0,0.0,0.0,0.0,0.0
West Garo Hills,16.3.11,Stock of ORS (New WHO formulation),1. Balance From Previous Month,0.0,0.0,0.0,0.0,0.0,0.0,0.0,0.0,0.0,0.0,0.0,0.0,0.0
West Garo Hills,16.3.11,Stock of ORS (New WHO formulation),2. Stocks Received,0.0,0.0,0.0,0.0,0.0,0.0,0.0,0.0,0.0,0.0,0.0,0.0,0.0
West Garo Hills,16.3.11,Stock of ORS (New WHO formulation),3. Unusable Stock,0.0,0.0,0.0,0.0,0.0,0.0,0.0,0.0,0.0,0.0,0.0,0.0,0.0
West Garo Hills,16.3.11,Stock of ORS (New WHO formulation),4. Stock Distributed,0.0,0.0,0.0,0.0,0.0,0.0,0.0,0.0,0.0,0.0,0.0,0.0,0.0
West Garo Hills,16.3.11,Stock of ORS (New WHO formulation),5. Total Stock,0.0,0.0,0.0,0.0,0.0,0.0,0.0,0.0,0.0,0.0,0.0,0.0,0.0
West Garo Hills,16.4.1,Stock Position of 0.1 ml Syringes(AD),1. Balance From Previous Month,490.0,4960.0,5745.0,4500.0,9235.0,7453.0,5826.0,7085.0,5289.0,3852.0,4528.0,2838.0,61801.0
West Garo Hills,16.4.1,Stock Position of 0.1 ml Syringes(AD),2. Stocks Received,6000.0,3000.0,0.0,6000.0,0.0,0.0,3000.0,0.0,0.0,2000.0,0.0,6000.0,26000.0
West Garo Hills,16.4.1,Stock Position of 0.1 ml Syringes(AD),3. Unusable Stock,0.0,0.0,0.0,0.0,0.0,0.0,0.0,0.0,0.0,0.0,0.0,0.0,0.0
West Garo Hills,16.4.1,Stock Position of 0.1 ml Syringes(AD),4. Stock Distributed,1530.0,2215.0,1245.0,1265.0,1782.0,1627.0,1741.0,1796.0,1437.0,1324.0,1690.0,2055.0,19707.0
West Garo Hills,16.4.1,Stock Position of 0.1 ml Syringes(AD),5. Total Stock,4960.0,5745.0,4500.0,9235.0,7453.0,5826.0,7085.0,5289.0,3852.0,4528.0,2838.0,6783.0,68094.0
West Garo Hills,16.4.2,Stock Position of 0.5 ml Syringes(AD),1. Balance From Previous Month,40318.0,23518.0,50718.0,31518.0,62518.0,44600.0,27900.0,39900.0,19950.0,6250.0,70350.0,52700.0,470240.0
West Garo Hills,16.4.2,Stock Position of 0.5 ml Syringes(AD),2. Stocks Received,0.0,48000.0,0.0,48000.0,0.0,0.0,30000.0,0.0,0.0,75000.0,0.0,40000.0,241000.0
West Garo Hills,16.4.2,Stock Position of 0.5 ml Syringes(AD),3. Unusable Stock,0.0,0.0,0.0,0.0,0.0,0.0,0.0,0.0,0.0,0.0,0.0,0.0,0.0
West Garo Hills,16.4.2,Stock Position of 0.5 ml Syringes(AD),4. Stock Distributed,16800.0,20800.0,19200.0,17000.0,17918.0,16700.0,18000.0,19950.0,13700.0,10900.0,17650.0,19900.0,208518.0
West Garo Hills,16.4.2,Stock Position of 0.5 ml Syringes(AD),5. Total Stock,23518.0,50718.0,31518.0,62518.0,44600.0,27900.0,39900.0,19950.0,6250.0,70350.0,52700.0,72800.0,502722.0
West Garo Hills,16.4.3,Stock Position of 5.0 ml Syringes(Disposable),1. Balance From Previous Month,1112.0,2302.0,3137.0,2539.0,5782.0,4735.0,3740.0,4756.0,3577.0,2790.0,3430.0,2477.0,40377.0
West Garo Hills,16.4.3,Stock Position of 5.0 ml Syringes(Disposable),2. Stocks Received,2000.0,2000.0,0.0,4000.0,0.0,0.0,2000.0,0.0,0.0,1500.0,0.0,2000.0,13500.0
West Garo Hills,16.4.3,Stock Position of 5.0 ml Syringes(Disposable),3. Unusable Stock,0.0,0.0,0.0,0.0,0.0,0.0,0.0,0.0,0.0,0.0,0.0,0.0,0.0
West Garo Hills,16.4.3,Stock Position of 5.0 ml Syringes(Disposable),4. Stock Distributed,810.0,1165.0,598.0,757.0,1047.0,995.0,984.0,1179.0,787.0,860.0,953.0,1099.0,11234.0
West Garo Hills,16.4.3,Stock Position of 5.0 ml Syringes(Disposable),5. Total Stock,2302.0,3137.0,2539.0,5782.0,4735.0,3740.0,4756.0,3577.0,2790.0,3430.0,2477.0,3378.0,42643.0
West Garo Hills,17.1,Number of cases of Infant deaths within 24 hrs of birth,TOTAL,9.0,5.0,9.0,3.0,9.0,3.0,5.0,6.0,2.0,7.0,2.0,4.0,64.0
West Garo Hills,17.2.1,Number of cases of Infant deaths 24 hours to 4 weeks of birth with the probable cause being Sepsis,1. Up to 1 Weeks of Birth,1.0,1.0,1.0,,,,2.0,,2.0,,1.0,,8.0
West Garo Hills,17.2.1,Number of cases of Infant deaths 24 hours to 4 weeks of birth with the probable cause being Sepsis,2. Between 1 week & 4 weeks of birth,,,,,,,,,,,,,
West Garo Hills,17.2.1,Number of cases of Infant deaths 24 hours to 4 weeks of birth with the probable cause being Sepsis,3. Total,1.0,1.0,1.0,,,,2.0,,2.0,,1.0,,8.0
West Garo Hills,17.2.2,Number of cases of Infant deaths 24 hours to 4 weeks of birth with the probable cause being Asphyxia,1. Up to 1 Weeks of Birth,3.0,1.0,2.0,1.0,1.0,,1.0,,,1.0,,,10.0
West Garo Hills,17.2.2,Number of cases of Infant deaths 24 hours to 4 weeks of birth with the probable cause being Asphyxia,2. Between 1 week & 4 weeks of birth,2.0,,,,,,,,,,,,2.0
West Garo Hills,17.2.2,Number of cases of Infant deaths 24 hours to 4 weeks of birth with the probable cause being Asphyxia,3. Total,5.0,1.0,2.0,1.0,1.0,,1.0,,,1.0,,,12.0
West Garo Hills,17.2.3,Number of cases of Infant deaths 24 hours to 4 weeks of birth with the probable cause being LBW,1. Up to 1 Weeks of Birth,7.0,1.0,,1.0,5.0,1.0,1.0,,,,1.0,,17.0
West Garo Hills,17.2.3,Number of cases of Infant deaths 24 hours to 4 weeks of birth with the probable cause being LBW,2. Between 1 week & 4 weeks of birth,,,,1.0,,,,,,,,,1.0
West Garo Hills,17.2.3,Number of cases of Infant deaths 24 hours to 4 weeks of birth with the probable cause being LBW,3. Total,7.0,1.0,,2.0,5.0,1.0,1.0,,,,1.0,,18.0
West Garo Hills,17.2.4,"Number of cases of Infant deaths 24 hours to 4 weeks of birth with the probable cause being other than Sepsis, Asphyxia and LBW",1. Up to 1 Weeks of Birth,4.0,1.0,2.0,2.0,3.0,3.0,2.0,2.0,5.0,5.0,3.0,2.0,34.0
West Garo Hills,17.2.4,"Number of cases of Infant deaths 24 hours to 4 weeks of birth with the probable cause being other than Sepsis, Asphyxia and LBW",2. Between 1 week & 4 weeks of birth,,,,,1.0,,,1.0,,1.0,1.0,,4.0
West Garo Hills,17.2.4,"Number of cases of Infant deaths 24 hours to 4 weeks of birth with the probable cause being other than Sepsis, Asphyxia and LBW",3. Total,4.0,1.0,2.0,2.0,4.0,3.0,2.0,3.0,5.0,6.0,4.0,2.0,38.0
West Garo Hills,17.3.1,Number of cases of Infant or Child deaths between 1 month to 5 years of age with the probable cause being Pneumonia,1. Between 1 month and 11 months,13.0,12.0,11.0,5.0,2.0,8.0,9.0,7.0,11.0,7.0,5.0,5.0,95.0
West Garo Hills,17.3.1,Number of cases of Infant or Child deaths between 1 month to 5 years of age with the probable cause being Pneumonia,2. Between 1 year & 5 years,,,,,1.0,1.0,,3.0,1.0,1.0,1.0,,8.0
West Garo Hills,17.3.1,Number of cases of Infant or Child deaths between 1 month to 5 years of age with the probable cause being Pneumonia,3. Total,13.0,12.0,11.0,5.0,3.0,9.0,9.0,10.0,12.0,8.0,6.0,5.0,103.0
West Garo Hills,17.3.2,Number of cases of Infant or Child deaths between 1 month to 5 years of age with the probable cause being Diarrhoea,1. Between 1 month and 11 months,,,,,,1.0,,1.0,,,2.0,,4.0
West Garo Hills,17.3.2,Number of cases of Infant or Child deaths between 1 month to 5 years of age with the probable cause being Diarrhoea,2. Between 1 year & 5 years,,,1.0,,,1.0,,1.0,,,,1.0,4.0
West Garo Hills,17.3.2,Number of cases of Infant or Child deaths between 1 month to 5 years of age with the probable cause being Diarrhoea,3. Total,,,1.0,,,2.0,,2.0,,,2.0,1.0,8.0
West Garo Hills,17.3.3,Number of cases of Infant or Child deaths between 1 month to 5 years of age with the probable cause being Fever related,1. Between 1 month and 11 months,8.0,12.0,11.0,2.0,6.0,3.0,7.0,5.0,9.0,6.0,5.0,2.0,76.0
West Garo Hills,17.3.3,Number of cases of Infant or Child deaths between 1 month to 5 years of age with the probable cause being Fever related,2. Between 1 year & 5 years,3.0,3.0,3.0,4.0,2.0,,,,,1.0,,1.0,17.0
West Garo Hills,17.3.3,Number of cases of Infant or Child deaths between 1 month to 5 years of age with the probable cause being Fever related,3. Total,11.0,15.0,14.0,6.0,8.0,3.0,7.0,5.0,9.0,7.0,5.0,3.0,93.0
West Garo Hills,17.3.4,Number of cases of Infant or Child deaths between 1 month to 5 years of age with the probable cause being Measles,1. Between 1 month and 11 months,,,,,,,,,,,,,
West Garo Hills,17.3.4,Number of cases of Infant or Child deaths between 1 month to 5 years of age with the probable cause being Measles,2. Between 1 year & 5 years,,,,,,,,,,,,,
West Garo Hills,17.3.4,Number of cases of Infant or Child deaths between 1 month to 5 years of age with the probable cause being Measles,3. Total,,,,,,,,,,,,,
West Garo Hills,17.3.5,"Number of cases of Infant or Child deaths between 1 month to 5 years of age with the probable cause being other than Pneumonia, Diarrhoea, Fever related and Measles",1. Between 1 month and 11 months,8.0,8.0,3.0,5.0,5.0,4.0,10.0,3.0,3.0,11.0,8.0,1.0,69.0
West Garo Hills,17.3.5,"Number of cases of Infant or Child deaths between 1 month to 5 years of age with the probable cause being other than Pneumonia, Diarrhoea, Fever related and Measles",2. Between 1 year & 5 years,6.0,3.0,5.0,3.0,1.0,5.0,3.0,5.0,4.0,5.0,2.0,2.0,44.0
West Garo Hills,17.3.5,"Number of cases of Infant or Child deaths between 1 month to 5 years of age with the probable cause being other than Pneumonia, Diarrhoea, Fever related and Measles",3. Total,14.0,11.0,8.0,8.0,6.0,9.0,13.0,8.0,7.0,16.0,10.0,3.0,113.0
West Garo Hills,17.4.1,Number of cases of Adolescent or Adult deaths (age 6 years & above) with the probable cause being Diarrhoeal diseases,1. 6-14 yrs,,,,,,1.0,,,,,1.0,,2.0
West Garo Hills,17.4.1,Number of cases of Adolescent or Adult deaths (age 6 years & above) with the probable cause being Diarrhoeal diseases,2. 15-55 yrs.,,1.0,2.0,1.0,2.0,,,1.0,,,1.0,,8.0
West Garo Hills,17.4.1,Number of cases of Adolescent or Adult deaths (age 6 years & above) with the probable cause being Diarrhoeal diseases,3. Above 55 yrs.,1.0,2.0,,1.0,1.0,,,1.0,,1.0,,1.0,8.0
West Garo Hills,17.4.1,Number of cases of Adolescent or Adult deaths (age 6 years & above) with the probable cause being Diarrhoeal diseases,4. Total,1.0,3.0,2.0,2.0,3.0,1.0,,2.0,,1.0,2.0,1.0,18.0
West Garo Hills,17.4.2,Number of cases of Adolescent or Adult deaths (age 6 years & above) with the probable cause being Tuberculosis,1. 6-14 yrs,,,,,,,,,,,,,
West Garo Hills,17.4.2,Number of cases of Adolescent or Adult deaths (age 6 years & above) with the probable cause being Tuberculosis,2. 15-55 yrs.,,2.0,,1.0,1.0,1.0,,1.0,,2.0,2.0,,10.0
West Garo Hills,17.4.2,Number of cases of Adolescent or Adult deaths (age 6 years & above) with the probable cause being Tuberculosis,3. Above 55 yrs.,,1.0,1.0,2.0,2.0,2.0,,1.0,,,1.0,1.0,11.0
West Garo Hills,17.4.2,Number of cases of Adolescent or Adult deaths (age 6 years & above) with the probable cause being Tuberculosis,4. Total,,3.0,1.0,3.0,3.0,3.0,,2.0,,2.0,3.0,1.0,21.0
West Garo Hills,17.4.3,Number of cases of Adolescent or Adult deaths (age 6 years & above) with the probable cause being Respiratory diseases including infections,1. 6-14 yrs,3.0,,1.0,,1.0,1.0,2.0,1.0,,,,1.0,10.0
West Garo Hills,17.4.3,Number of cases of Adolescent or Adult deaths (age 6 years & above) with the probable cause being Respiratory diseases including infections,2. 15-55 yrs.,3.0,2.0,3.0,5.0,5.0,1.0,3.0,1.0,4.0,4.0,3.0,3.0,37.0
West Garo Hills,17.4.3,Number of cases of Adolescent or Adult deaths (age 6 years & above) with the probable cause being Respiratory diseases including infections,3. Above 55 yrs.,3.0,8.0,4.0,9.0,7.0,5.0,4.0,8.0,8.0,10.0,7.0,11.0,84.0
West Garo Hills,17.4.3,Number of cases of Adolescent or Adult deaths (age 6 years & above) with the probable cause being Respiratory diseases including infections,4. Total,9.0,10.0,8.0,14.0,13.0,7.0,9.0,10.0,12.0,14.0,10.0,15.0,131.0
West Garo Hills,17.4.4,Number of cases of Adolescent or Adult deaths (age 6 years & above) with the probable cause being Malaria,1. 6-14 yrs,,,,,1.0,,1.0,2.0,1.0,,,,5.0
West Garo Hills,17.4.4,Number of cases of Adolescent or Adult deaths (age 6 years & above) with the probable cause being Malaria,2. 15-55 yrs.,,,,,1.0,1.0,2.0,4.0,3.0,1.0,1.0,,13.0
West Garo Hills,17.4.4,Number of cases of Adolescent or Adult deaths (age 6 years & above) with the probable cause being Malaria,3. Above 55 yrs.,,,,,,,,,1.0,,1.0,,2.0
West Garo Hills,17.4.4,Number of cases of Adolescent or Adult deaths (age 6 years & above) with the probable cause being Malaria,4. Total,,,,,2.0,1.0,3.0,6.0,5.0,1.0,2.0,,20.0
West Garo Hills,17.4.5,Number of cases of Adolescent or Adult deaths (age 6 years & above) with the probable cause being other Fever related,1. 6-14 yrs,4.0,2.0,8.0,1.0,1.0,,4.0,3.0,3.0,3.0,1.0,1.0,31.0
West Garo Hills,17.4.5,Number of cases of Adolescent or Adult deaths (age 6 years & above) with the probable cause being other Fever related,2. 15-55 yrs.,9.0,8.0,10.0,11.0,13.0,13.0,16.0,8.0,10.0,19.0,16.0,5.0,138.0
West Garo Hills,17.4.5,Number of cases of Adolescent or Adult deaths (age 6 years & above) with the probable cause being other Fever related,3. Above 55 yrs.,11.0,17.0,21.0,20.0,16.0,11.0,12.0,8.0,9.0,20.0,21.0,14.0,180.0
West Garo Hills,17.4.5,Number of cases of Adolescent or Adult deaths (age 6 years & above) with the probable cause being other Fever related,4. Total,24.0,27.0,39.0,32.0,30.0,24.0,32.0,19.0,22.0,42.0,38.0,20.0,349.0
West Garo Hills,17.4.6,Number of cases of Adolescent or Adult deaths (age 6 years & above) with the probable cause being HIV/AIDS,1. 6-14 yrs,,,,,,,,,,,,,
West Garo Hills,17.4.6,Number of cases of Adolescent or Adult deaths (age 6 years & above) with the probable cause being HIV/AIDS,2. 15-55 yrs.,,1.0,,,,,,,,,,,1.0
West Garo Hills,17.4.6,Number of cases of Adolescent or Adult deaths (age 6 years & above) with the probable cause being HIV/AIDS,3. Above 55 yrs.,,,,,,,,,,,,,
West Garo Hills,17.4.6,Number of cases of Adolescent or Adult deaths (age 6 years & above) with the probable cause being HIV/AIDS,4. Total,,1.0,,,,,,,,,,,1.0
West Garo Hills,17.4.7,Number of cases of Adolescent or Adult deaths (age 6 years & above) with the probable cause being Heart disease or related to Hypertension,1. 6-14 yrs,,,,,,,,,,,,,
West Garo Hills,17.4.7,Number of cases of Adolescent or Adult deaths (age 6 years & above) with the probable cause being Heart disease or related to Hypertension,2. 15-55 yrs.,3.0,,2.0,4.0,6.0,1.0,5.0,5.0,3.0,6.0,5.0,2.0,42.0
West Garo Hills,17.4.7,Number of cases of Adolescent or Adult deaths (age 6 years & above) with the probable cause being Heart disease or related to Hypertension,3. Above 55 yrs.,5.0,5.0,4.0,7.0,7.0,5.0,4.0,7.0,6.0,3.0,6.0,6.0,65.0
West Garo Hills,17.4.7,Number of cases of Adolescent or Adult deaths (age 6 years & above) with the probable cause being Heart disease or related to Hypertension,4. Total,8.0,5.0,6.0,11.0,13.0,6.0,9.0,12.0,9.0,9.0,11.0,8.0,107.0
West Garo Hills,17.4.8,Number of cases of Adolescent or Adult deaths (age 6 years & above) with the probable cause being Neurological disease including strokes,1. 6-14 yrs,,,,,1.0,1.0,1.0,,1.0,,,,4.0
West Garo Hills,17.4.8,Number of cases of Adolescent or Adult deaths (age 6 years & above) with the probable cause being Neurological disease including strokes,2. 15-55 yrs.,4.0,4.0,3.0,1.0,4.0,3.0,5.0,3.0,5.0,5.0,5.0,3.0,45.0
West Garo Hills,17.4.8,Number of cases of Adolescent or Adult deaths (age 6 years & above) with the probable cause being Neurological disease including strokes,3. Above 55 yrs.,4.0,6.0,7.0,3.0,4.0,4.0,3.0,3.0,4.0,10.0,9.0,4.0,61.0
West Garo Hills,17.4.8,Number of cases of Adolescent or Adult deaths (age 6 years & above) with the probable cause being Neurological disease including strokes,4. Total,8.0,10.0,10.0,4.0,9.0,8.0,9.0,6.0,10.0,15.0,14.0,7.0,110.0
West Garo Hills,17.4.9(a),Number of cases of Maternal deaths (age 15-49 years) with the probable cause being Abortion,1. 6-14 yrs,,,,,,,,,,,,,
West Garo Hills,17.4.9(a),Number of cases of Maternal deaths (age 15-49 years) with the probable cause being Abortion,2. 15-49 yrs,,,,,,2.0,,,,,,,2.0
West Garo Hills,17.4.9(a),Number of cases of Maternal deaths (age 15-49 years) with the probable cause being Abortion,3. Above 49 yrs.,,,,,,,,,,,,,
West Garo Hills,17.4.9(a),Number of cases of Maternal deaths (age 15-49 years) with the probable cause being Abortion,4. Total,,,,,,2.0,,,,,,,2.0
West Garo Hills,17.4.9(b),Number of cases of Maternal deaths (age 15-49 years) with the probable cause being Obstructed or prolonged labour,1. 6-14 yrs,,,,,,,,,,,,,
West Garo Hills,17.4.9(b),Number of cases of Maternal deaths (age 15-49 years) with the probable cause being Obstructed or prolonged labour,2. 15-49 yrs,2.0,4.0,,,1.0,2.0,1.0,1.0,,,,1.0,12.0
West Garo Hills,17.4.9(b),Number of cases of Maternal deaths (age 15-49 years) with the probable cause being Obstructed or prolonged labour,3. Above 49 yrs.,,,,,,,,,,,,,
West Garo Hills,17.4.9(b),Number of cases of Maternal deaths (age 15-49 years) with the probable cause being Obstructed or prolonged labour,4. Total,2.0,4.0,,,1.0,2.0,1.0,1.0,,,,1.0,12.0
West Garo Hills,17.4.9(c),Number of cases of Maternal deaths (age 15-49 years) with the probable cause being Severe hypertesnion or fits,1. 6-14 yrs,,,,,,,,,,,,,
West Garo Hills,17.4.9(c),Number of cases of Maternal deaths (age 15-49 years) with the probable cause being Severe hypertesnion or fits,2. 15-49 yrs,1.0,1.0,1.0,,,,,,,3.0,,,6.0
West Garo Hills,17.4.9(c),Number of cases of Maternal deaths (age 15-49 years) with the probable cause being Severe hypertesnion or fits,3. Above 49 yrs.,,,,,,,,,,,,,
West Garo Hills,17.4.9(c),Number of cases of Maternal deaths (age 15-49 years) with the probable cause being Severe hypertesnion or fits,4. Total,1.0,1.0,1.0,,,,,,,3.0,,,6.0
West Garo Hills,17.4.9(d),Number of cases of Maternal deaths (age 15-49 years) with the probable cause being Bleeding,1. 6-14 yrs,,,,,,,,,,,,,
West Garo Hills,17.4.9(d),Number of cases of Maternal deaths (age 15-49 years) with the probable cause being Bleeding,2. 15-49 yrs,3.0,2.0,1.0,,,5.0,1.0,1.0,,1.0,,1.0,15.0
West Garo Hills,17.4.9(d),Number of cases of Maternal deaths (age 15-49 years) with the probable cause being Bleeding,3. Above 49 yrs.,,,,,,,,,,,,,
West Garo Hills,17.4.9(d),Number of cases of Maternal deaths (age 15-49 years) with the probable cause being Bleeding,4. Total,3.0,2.0,1.0,,,5.0,1.0,1.0,,1.0,,1.0,15.0
West Garo Hills,17.4.9(e),Number of cases of Maternal deaths (age 15-49 years) with the probable cause being High Fever,1. 6-14 yrs,,,,,,,,,,,,,
West Garo Hills,17.4.9(e),Number of cases of Maternal deaths (age 15-49 years) with the probable cause being High Fever,2. 15-49 yrs,3.0,4.0,,1.0,,,,,,,,,8.0
West Garo Hills,17.4.9(e),Number of cases of Maternal deaths (age 15-49 years) with the probable cause being High Fever,3. Above 49 yrs.,,,,,,,,,,,,,
West Garo Hills,17.4.9(e),Number of cases of Maternal deaths (age 15-49 years) with the probable cause being High Fever,4. Total,3.0,4.0,,1.0,,,,,,,,,8.0
West Garo Hills,17.4.9(f),Number of cases of Maternal deaths (age 15-49 years) with the probable cause being other causes (excluding abortion; obstructed or prolonged labour; severe hypertension or fits;,1. 6-14 yrs,,,,,,,,,,,,,
West Garo Hills,17.4.9(f),Number of cases of Maternal deaths (age 15-49 years) with the probable cause being other causes (excluding abortion; obstructed or prolonged labour; severe hypertension or fits;,2. 15-49 yrs,4.0,3.0,,1.0,1.0,3.0,6.0,3.0,2.0,5.0,5.0,3.0,36.0
West Garo Hills,17.4.9(f),Number of cases of Maternal deaths (age 15-49 years) with the probable cause being other causes (excluding abortion; obstructed or prolonged labour; severe hypertension or fits;,3. Above 49 yrs.,,,,,,,,,,,,,
West Garo Hills,17.4.9(f),Number of cases of Maternal deaths (age 15-49 years) with the probable cause being other causes (excluding abortion; obstructed or prolonged labour; severe hypertension or fits;,4. Total,4.0,3.0,,1.0,1.0,3.0,6.0,3.0,2.0,5.0,5.0,3.0,36.0
West Garo Hills,17.4.10,Number of cases of Adolescent or Adult deaths (age 6 years & above) with the probable cause being Trauma or Accidents or Burn cases,1. 6-14 yrs,,2.0,1.0,1.0,3.0,,2.0,2.0,,1.0,,,12.0
West Garo Hills,17.4.10,Number of cases of Adolescent or Adult deaths (age 6 years & above) with the probable cause being Trauma or Accidents or Burn cases,2. 15-55 yrs.,6.0,6.0,8.0,3.0,6.0,8.0,6.0,2.0,5.0,6.0,10.0,2.0,68.0
West Garo Hills,17.4.10,Number of cases of Adolescent or Adult deaths (age 6 years & above) with the probable cause being Trauma or Accidents or Burn cases,3. Above 55 yrs.,,,3.0,1.0,,1.0,6.0,,3.0,1.0,1.0,,16.0
West Garo Hills,17.4.10,Number of cases of Adolescent or Adult deaths (age 6 years & above) with the probable cause being Trauma or Accidents or Burn cases,4. Total,6.0,8.0,12.0,5.0,9.0,9.0,14.0,4.0,8.0,8.0,11.0,2.0,96.0
West Garo Hills,17.4.11,Number of cases of Adolescent or Adult deaths (age 6 years & above) with the probable cause being suicide,1. 6-14 yrs,,,,1.0,,,1.0,1.0,1.0,,1.0,,5.0
West Garo Hills,17.4.11,Number of cases of Adolescent or Adult deaths (age 6 years & above) with the probable cause being suicide,2. 15-55 yrs.,5.0,4.0,5.0,3.0,4.0,4.0,4.0,4.0,,5.0,2.0,2.0,42.0
West Garo Hills,17.4.11,Number of cases of Adolescent or Adult deaths (age 6 years & above) with the probable cause being suicide,3. Above 55 yrs.,1.0,1.0,1.0,,2.0,,,,,2.0,1.0,1.0,9.0
West Garo Hills,17.4.11,Number of cases of Adolescent or Adult deaths (age 6 years & above) with the probable cause being suicide,4. Total,6.0,5.0,6.0,4.0,6.0,4.0,5.0,5.0,1.0,7.0,4.0,3.0,56.0
West Garo Hills,17.4.12,Number of cases of Adolescent or Adult deaths (age 6 years & above) with the probable cause being Animal bites and stings,1. 6-14 yrs,,,,,,,,,,,,,
West Garo Hills,17.4.12,Number of cases of Adolescent or Adult deaths (age 6 years & above) with the probable cause being Animal bites and stings,2. 15-55 yrs.,,,,,,,,,,,,,
West Garo Hills,17.4.12,Number of cases of Adolescent or Adult deaths (age 6 years & above) with the probable cause being Animal bites and stings,3. Above 55 yrs.,,,,,1.0,,,,,,,,1.0
West Garo Hills,17.4.12,Number of cases of Adolescent or Adult deaths (age 6 years & above) with the probable cause being Animal bites and stings,4. Total,,,,,1.0,,,,,,,,1.0
West Garo Hills,17.4.13(a),Number of cases of Adolescent or Adult deaths (age 6 years & above) with the probable cause being Known Acute disease,1. 6-14 yrs,1.0,,,,1.0,1.0,,,,1.0,,,4.0
West Garo Hills,17.4.13(a),Number of cases of Adolescent or Adult deaths (age 6 years & above) with the probable cause being Known Acute disease,2. 15-55 yrs.,6.0,2.0,4.0,7.0,8.0,6.0,11.0,4.0,4.0,5.0,2.0,,59.0
West Garo Hills,17.4.13(a),Number of cases of Adolescent or Adult deaths (age 6 years & above) with the probable cause being Known Acute disease,3. Above 55 yrs.,7.0,3.0,3.0,4.0,8.0,4.0,7.0,3.0,2.0,9.0,3.0,3.0,56.0
West Garo Hills,17.4.13(a),Number of cases of Adolescent or Adult deaths (age 6 years & above) with the probable cause being Known Acute disease,4. Total,14.0,5.0,7.0,11.0,17.0,11.0,18.0,7.0,6.0,15.0,5.0,3.0,119.0
West Garo Hills,17.4.13(b),Number of cases of Adolescent or Adult deaths (age 6 years & above) with the probable cause being Known Chronic disease,1. 6-14 yrs,,1.0,,1.0,,,,,,,1.0,,3.0
West Garo Hills,17.4.13(b),Number of cases of Adolescent or Adult deaths (age 6 years & above) with the probable cause being Known Chronic disease,2. 15-55 yrs.,10.0,14.0,14.0,10.0,17.0,11.0,13.0,15.0,4.0,12.0,9.0,8.0,137.0
West Garo Hills,17.4.13(b),Number of cases of Adolescent or Adult deaths (age 6 years & above) with the probable cause being Known Chronic disease,3. Above 55 yrs.,11.0,18.0,23.0,22.0,19.0,12.0,10.0,10.0,14.0,19.0,16.0,10.0,184.0
West Garo Hills,17.4.13(b),Number of cases of Adolescent or Adult deaths (age 6 years & above) with the probable cause being Known Chronic disease,4. Total,21.0,33.0,37.0,33.0,36.0,23.0,23.0,25.0,18.0,31.0,26.0,18.0,324.0
West Garo Hills,17.4.13(c),Number of cases of Adolescent or Adult deaths (age 6 years & above) where the cause was not known,1. 6-14 yrs,1.0,6.0,4.0,1.0,1.0,2.0,2.0,2.0,3.0,2.0,5.0,2.0,31.0
West Garo Hills,17.4.13(c),Number of cases of Adolescent or Adult deaths (age 6 years & above) where the cause was not known,2. 15-55 yrs.,16.0,30.0,27.0,34.0,24.0,36.0,33.0,37.0,19.0,34.0,29.0,19.0,338.0
West Garo Hills,17.4.13(c),Number of cases of Adolescent or Adult deaths (age 6 years & above) where the cause was not known,3. Above 55 yrs.,67.0,46.0,54.0,57.0,35.0,56.0,61.0,61.0,51.0,87.0,53.0,53.0,681.0
West Garo Hills,17.4.13(c),Number of cases of Adolescent or Adult deaths (age 6 years & above) where the cause was not known,4. Total,84.0,82.0,85.0,92.0,60.0,94.0,96.0,100.0,73.0,123.0,87.0,74.0,1050.0
West Jaintia Hills,1.1,Total number of pregnant women Registered for ANC,TOTAL,1477.0,1536.0,1327.0,1544.0,1567.0,1332.0,1166.0,1375.0,973.0,1261.0,1231.0,1391.0,16180.0
West Jaintia Hills,1.1.1,Of which Number registered within first trimester (within 12 weeks),TOTAL,435.0,442.0,305.0,419.0,365.0,331.0,309.0,364.0,255.0,289.0,292.0,376.0,4182.0
West Jaintia Hills,1.2,Number of Pregnant women registered under JSY,TOTAL,384.0,435.0,532.0,573.0,733.0,696.0,623.0,690.0,527.0,588.0,587.0,678.0,7046.0
West Jaintia Hills,1.3,Number of pregnant women received 3 ANC check ups during pregnancy,TOTAL,393.0,374.0,389.0,432.0,452.0,489.0,453.0,463.0,379.0,428.0,381.0,436.0,5069.0
West Jaintia Hills,1.4.1,Number of pregnant women given TT1 during current pregnancy,TOTAL,609.0,708.0,622.0,728.0,716.0,670.0,490.0,651.0,457.0,584.0,568.0,650.0,7453.0
West Jaintia Hills,1.4.2,Number of pregnant women given TT2 or Booster during current pregnancy,TOTAL,1018.0,1159.0,955.0,1079.0,1094.0,1035.0,855.0,1025.0,782.0,894.0,780.0,1039.0,11715.0
West Jaintia Hills,1.5,Total number of pregnant women given 100 IFA tablets,TOTAL,153.0,198.0,68.0,110.0,116.0,122.0,107.0,97.0,54.0,52.0,84.0,67.0,1228.0
West Jaintia Hills,1.6.1,Number of new cases of Hypertension (BP>140/90) detected in Pregnant women at the institution,TOTAL,76.0,83.0,42.0,26.0,25.0,35.0,36.0,60.0,33.0,57.0,27.0,27.0,527.0
West Jaintia Hills,1.6.2,Number of Eclampsia cases managed during delivery,TOTAL,3.0,3.0,2.0,0.0,0.0,3.0,5.0,1.0,2.0,0.0,0.0,2.0,21.0
West Jaintia Hills,1.7.1,Number of Pregnant women with anaemia i.e. Hb level<11 (tested cases),TOTAL,782.0,751.0,715.0,955.0,898.0,939.0,778.0,970.0,713.0,847.0,716.0,879.0,9943.0
West Jaintia Hills,1.7.2,Number of Pregnant women having severe anaemia (Hb<7) treated at institution,TOTAL,54.0,47.0,152.0,61.0,37.0,6.0,24.0,41.0,51.0,56.0,34.0,45.0,608.0
West Jaintia Hills,1.8,Number of pregnancy test kits used at SC level,TOTAL,,,,,,,,,0.0,,,,0.0
West Jaintia Hills,2.1.1.a,Number of deliveries conducted at Home and attended by trained SBA(i.e. Doctor or Nurse or ANM),TOTAL,48.0,42.0,39.0,34.0,50.0,67.0,37.0,58.0,54.0,49.0,48.0,42.0,568.0
West Jaintia Hills,2.1.1.b,Number of deliveries conducted at Home and attended by non trained SBA (i.e. trained TBA or Relatives etc.),TOTAL,543.0,464.0,439.0,475.0,518.0,540.0,546.0,647.0,443.0,677.0,483.0,587.0,6362.0
West Jaintia Hills,2.1.1.c,Total number of deliveries conducted at Home and attended by trained or non-trained SBA (i.e. sum of 2.1.1.a and 2.1.1.b),TOTAL,591.0,506.0,478.0,509.0,568.0,607.0,583.0,705.0,497.0,726.0,531.0,629.0,6930.0
West Jaintia Hills,2.1.2,Number of newborns visited within 24 hours of delivery for deliveries conducted at home,TOTAL,82.0,139.0,151.0,172.0,210.0,192.0,146.0,226.0,148.0,182.0,175.0,194.0,2017.0
West Jaintia Hills,2.1.3,Number of mothers paid JSY incentive for deliveries conducted at home,TOTAL,17.0,37.0,13.0,46.0,33.0,32.0,23.0,19.0,20.0,59.0,78.0,45.0,422.0
West Jaintia Hills,2.2,Deliveries conducted at Public Institutions (Including C-Sections),TOTAL,332.0,369.0,309.0,307.0,233.0,280.0,303.0,304.0,314.0,318.0,323.0,372.0,3764.0
West Jaintia Hills,2.2.1,"Out of 2.2, Number discharged under 48 hours of delivery",TOTAL,299.0,339.0,289.0,294.0,216.0,255.0,176.0,281.0,288.0,287.0,282.0,339.0,3345.0
West Jaintia Hills,2.2.2.a,Number of mothers paid JSY Incentive for deliveries conducted at Public Institutions,TOTAL,36.0,145.0,181.0,122.0,104.0,94.0,119.0,113.0,109.0,116.0,234.0,327.0,1700.0
West Jaintia Hills,2.2.2.b,Number of ASHAs paid JSY Incentive for deliveries conducted at Public Institutions,TOTAL,16.0,24.0,16.0,34.0,43.0,23.0,38.0,50.0,25.0,58.0,26.0,35.0,388.0
West Jaintia Hills,2.2.2.c,Number of cases of deliveries conducted at Public Institutions where JSY incentive was paid to ANMs or AWWs [only for High Performing States (HPS)],TOTAL,0.0,0.0,0.0,0.0,0.0,0.0,0.0,0.0,0.0,0.0,0.0,0.0,0.0
West Jaintia Hills,2.3,Deliveries conducted at Private Institutions (Including C-Sections),TOTAL,131.0,140.0,112.0,136.0,213.0,179.0,179.0,194.0,196.0,151.0,157.0,181.0,1969.0
West Jaintia Hills,2.3.1.a,Number of mothers paid JSY Incentive for deliveries conducted at accredited Private Institutions,TOTAL,55.0,76.0,61.0,76.0,76.0,110.0,0.0,95.0,105.0,85.0,76.0,75.0,890.0
West Jaintia Hills,2.3.1.b,Number of ASHAs paid JSY Incentive for deliveries conducted at accredited Private Institutions,TOTAL,0.0,0.0,0.0,0.0,0.0,0.0,0.0,0.0,0.0,0.0,0.0,0.0,0.0
West Jaintia Hills,2.3.1.c,Number of cases of deliveries conducted at accredited Private Institutions where JSY incentive was paid to ANMs or AWWs [only for High Performing States (HPS)],TOTAL,0.0,0.0,0.0,0.0,0.0,0.0,0.0,0.0,0.0,0.0,0.0,0.0,0.0
West Jaintia Hills,3.1.1,Number of Caesarean (C-Section) deliveries performed at PHCs (Primary Health Centre),TOTAL,0.0,0.0,0.0,0.0,0.0,0.0,0.0,0.0,0.0,0.0,0.0,0.0,0.0
West Jaintia Hills,3.1.2,Number of Caesarean (C-Section) deliveries performed at CHCs (Community Health Centre),TOTAL,0.0,0.0,0.0,0.0,0.0,0.0,0.0,0.0,0.0,0.0,0.0,0.0,0.0
West Jaintia Hills,3.1.3,Number of Caesarean (C-Section) deliveries performed at SDHs (Sub-divisional Hospital) or DHs (District Hospital),TOTAL,15.0,11.0,8.0,2.0,4.0,0.0,0.0,2.0,3.0,0.0,11.0,0.0,56.0
West Jaintia Hills,3.1.4,Number of Caesarean (C-Section) deliveries performed at other State owned public institutions,TOTAL,,,,,,,,,,,,,
West Jaintia Hills,3.1.5,"Total Number of Caesarean (C-Section) deliveries performed at Public facilities i.e. PHC, CHC, SDH, DH and other State owned public institutions (sum of items from 3.1.1 to 3.1.4)",TOTAL,15.0,11.0,8.0,2.0,4.0,0.0,0.0,2.0,3.0,0.0,11.0,0.0,56.0
West Jaintia Hills,3.2,No. of C-section deliveries performed at Private facilities,TOTAL,28.0,42.0,24.0,41.0,52.0,40.0,44.0,36.0,62.0,44.0,38.0,48.0,499.0
West Jaintia Hills,4.1.1.a,Number of male live births,TOTAL,512.0,503.0,441.0,484.0,492.0,531.0,583.0,627.0,517.0,610.0,498.0,595.0,6393.0
West Jaintia Hills,4.1.1.b,Number of female live births,TOTAL,524.0,505.0,444.0,444.0,510.0,523.0,465.0,561.0,469.0,575.0,493.0,571.0,6084.0
West Jaintia Hills,4.1.1.c,Total number of male and female live births (4.1.1.a and 4.1.1.b),TOTAL,1036.0,1008.0,885.0,928.0,1002.0,1054.0,1048.0,1188.0,986.0,1185.0,991.0,1166.0,12477.0
West Jaintia Hills,4.1.2,Number of still births,TOTAL,25.0,22.0,25.0,42.0,27.0,22.0,23.0,29.0,28.0,22.0,26.0,29.0,320.0
West Jaintia Hills,4.1.3,Number of Abortions (spontaneous or induced),TOTAL,14.0,59.0,52.0,61.0,70.0,46.0,19.0,36.0,34.0,19.0,21.0,42.0,473.0
West Jaintia Hills,4.2.1,Number of Newborns weighed at birth,TOTAL,842.0,836.0,753.0,761.0,778.0,833.0,822.0,952.0,802.0,928.0,815.0,984.0,10106.0
West Jaintia Hills,4.2.2,Number of Newborns having weight less than 2.5 kg,TOTAL,42.0,61.0,48.0,69.0,60.0,69.0,42.0,58.0,83.0,47.0,55.0,55.0,689.0
West Jaintia Hills,4.3,Number of Newborns breast fed within 1 hour of birth,TOTAL,937.0,947.0,786.0,835.0,915.0,970.0,931.0,1174.0,894.0,1048.0,934.0,946.0,11317.0
West Jaintia Hills,5.1.1,Number of cases of pregnant women with Obstetric Complications and attended at PHCs,TOTAL,6.0,20.0,20.0,10.0,14.0,20.0,17.0,19.0,17.0,26.0,25.0,11.0,205.0
West Jaintia Hills,5.1.2,Number of cases of pregnant women with Obstetric Complications and attended at CHCs,TOTAL,19.0,38.0,23.0,26.0,40.0,50.0,18.0,27.0,37.0,17.0,32.0,63.0,390.0
West Jaintia Hills,5.1.3,Number of cases of pregnant women with Obstetric Complications and attended at SDHs or DHs,TOTAL,39.0,20.0,17.0,10.0,9.0,15.0,73.0,67.0,98.0,25.0,,64.0,437.0
West Jaintia Hills,5.1.4,Number of cases of pregnant women with Obstetric Complications and attended at other State owned public institutions,TOTAL,,,,,,,,,,,,,
West Jaintia Hills,5.1.5,"Number of cases of pregnant women with Obstetric Complications and attended at Public facilities i.e. PHC, CHC, SDH, DH and other State owned public institutions (sum of items from 5.1.1 to 5.1.4)",TOTAL,64.0,78.0,60.0,46.0,63.0,85.0,108.0,113.0,152.0,68.0,57.0,138.0,1032.0
West Jaintia Hills,5.2,Number of cases of pregnant women with Obstetric Complications and attended at Private facilities,TOTAL,5.0,3.0,4.0,3.0,0.0,0.0,11.0,1.0,0.0,0.0,0.0,3.0,30.0
West Jaintia Hills,5.3.1,Number of cases of complicated pregnancies treated with IV antibiotics,TOTAL,40.0,49.0,44.0,36.0,46.0,43.0,74.0,59.0,73.0,31.0,44.0,30.0,569.0
West Jaintia Hills,5.3.2,Number of cases of complicated pregnancies treated with IV Antihypertensive/Magsulph injection,TOTAL,8.0,8.0,1.0,1.0,0.0,0.0,7.0,1.0,2.0,1.0,2.0,5.0,36.0
West Jaintia Hills,5.3.3,Number of cases of complicated pregnancies treated with IV Oxytocis,TOTAL,18.0,47.0,45.0,36.0,36.0,42.0,54.0,50.0,71.0,34.0,69.0,80.0,582.0
West Jaintia Hills,5.3.4,Number of cases of complicated pregnancies treated with Blood Transfusion,TOTAL,10.0,2.0,8.0,6.0,11.0,0.0,5.0,3.0,5.0,2.0,2.0,1.0,55.0
West Jaintia Hills,6.1,Women getting post partum check-up within 48 hours after delivery,TOTAL,639.0,668.0,592.0,603.0,614.0,679.0,628.0,419.0,640.0,655.0,633.0,561.0,7331.0
West Jaintia Hills,6.2,Women getting a post partum check up between 48 hours and 14 days after delivery,TOTAL,312.0,329.0,321.0,356.0,392.0,386.0,335.0,410.0,351.0,451.0,340.0,520.0,4503.0
West Jaintia Hills,6.3,PNC maternal complications attended,TOTAL,26.0,2.0,12.0,20.0,4.0,0.0,2.0,4.0,2.0,19.0,15.0,6.0,112.0
West Jaintia Hills,7.1.1,Number of MTPs conducted at Public Institutions up to 12 weeks of pregnancy,TOTAL,2.0,0.0,0.0,2.0,0.0,0.0,0.0,1.0,0.0,0.0,0.0,2.0,7.0
West Jaintia Hills,7.1.2,Number of MTPs conducted at Public Institutions for more than 12 weeks of pregnancy,TOTAL,0.0,0.0,0.0,0.0,0.0,0.0,0.0,0.0,0.0,0.0,0.0,0.0,0.0
West Jaintia Hills,7.1.3,Total number of MTPs conducted at Public Institutions (sum of items 7.1.1 and 7.1.2),TOTAL,2.0,0.0,0.0,2.0,0.0,0.0,0.0,1.0,0.0,0.0,0.0,2.0,7.0
West Jaintia Hills,7.2,Number of MTPs conducted at Private Facilities,TOTAL,0.0,0.0,0.0,0.0,0.0,0.0,0.0,0.0,0.0,0.0,0.0,0.0,0.0
West Jaintia Hills,8.1.a,Number of new cases of RTI/STI in males for which treatment was initiated,TOTAL,27.0,32.0,35.0,22.0,33.0,9.0,28.0,21.0,21.0,28.0,20.0,26.0,302.0
West Jaintia Hills,8.1.b,Number of new cases of RTI/STI in females for which treatment was initiated,TOTAL,153.0,191.0,125.0,165.0,127.0,137.0,119.0,149.0,114.0,155.0,104.0,159.0,1698.0
West Jaintia Hills,8.1.c,Total number of new cases of RTI/STI in males and females for which treatment was initiated (sum of items 8.1.a and 8.1.b),TOTAL,180.0,223.0,160.0,187.0,160.0,146.0,147.0,170.0,135.0,183.0,124.0,185.0,2000.0
West Jaintia Hills,8.2,Number of suspected RTI/STI cases for whom wet mount test was conducted,TOTAL,43.0,0.0,0.0,5.0,17.0,6.0,13.0,15.0,6.0,8.0,18.0,13.0,144.0
West Jaintia Hills,9.1.1.a,Number of NSV (No Scalpel Vasectomy) or Conventional Vasectomy conducted at PHCs,TOTAL,0.0,0.0,0.0,0.0,0.0,0.0,0.0,0.0,0.0,0.0,0.0,0.0,0.0
West Jaintia Hills,9.1.1.b,Number of NSV or Conventional Vasectomy conducted at CHCs,TOTAL,0.0,0.0,0.0,0.0,0.0,0.0,0.0,0.0,0.0,0.0,0.0,0.0,0.0
West Jaintia Hills,9.1.1.c,Number of NSV or Conventional Vasectomy conducted at SDHs or DHs,TOTAL,0.0,0.0,0.0,0.0,0.0,0.0,0.0,0.0,0.0,0.0,0.0,0.0,0.0
West Jaintia Hills,9.1.1.d,Number of NSV or Conventional Vasectomy conducted at other State owned public institutions,TOTAL,,,,,,,,,,,,,
West Jaintia Hills,9.1.1.e,"Total Number of NSV or Conventional Vasectomy conducted at Public facilities i.e. PHC, CHC, SDH, DH and other State owned public institutions (sum of items from 9.1.1.a to 9.1.1.d)",TOTAL,0.0,0.0,0.0,0.0,0.0,0.0,0.0,0.0,0.0,0.0,0.0,0.0,0.0
West Jaintia Hills,9.1.2,Number of NSV or Conventional Vasectomy conducted at Private facilities,TOTAL,0.0,0.0,0.0,0.0,0.0,0.0,0.0,0.0,0.0,0.0,0.0,0.0,0.0
West Jaintia Hills,9.2.1.a,Number of Laparoscopic sterilizations conducted at PHCs,TOTAL,0.0,0.0,0.0,0.0,0.0,0.0,0.0,0.0,0.0,0.0,0.0,0.0,0.0
West Jaintia Hills,9.2.1.b,Number of Laparoscopic sterilizations conducted at CHCs,TOTAL,0.0,0.0,0.0,0.0,0.0,0.0,0.0,0.0,0.0,0.0,0.0,0.0,0.0
West Jaintia Hills,9.2.1.c,Number of Laparoscopic sterilizations conducted at SDHs or DHs,TOTAL,0.0,0.0,0.0,0.0,0.0,0.0,0.0,0.0,0.0,0.0,0.0,0.0,0.0
West Jaintia Hills,9.2.1.d,Number of Laparoscopic sterilizations conducted at other State owned public institutions,TOTAL,,,,,,,,,,,,,
West Jaintia Hills,9.2.1.e,"Total Number of Laparoscopic sterilizations conducted at Public facilities i.e. PHC, CHC, SDH, DH and other State owned public institutions (sum of items from 9.2.1.a to 9.2.1.d)",TOTAL,0.0,0.0,0.0,0.0,0.0,0.0,0.0,0.0,0.0,0.0,0.0,0.0,0.0
West Jaintia Hills,9.2.2,Number of Laparoscopic sterilizations conducted at Private facilities,TOTAL,0.0,0.0,0.0,0.0,0.0,0.0,0.0,0.0,0.0,0.0,0.0,0.0,0.0
West Jaintia Hills,9.3.1.a,Number of Mini-lap sterilizations conducted at PHCs,TOTAL,0.0,0.0,0.0,0.0,0.0,0.0,0.0,0.0,0.0,0.0,0.0,0.0,0.0
West Jaintia Hills,9.3.1.b,Number of Mini-lap sterilizations conducted at CHCs,TOTAL,0.0,0.0,0.0,0.0,0.0,0.0,0.0,0.0,0.0,0.0,0.0,0.0,0.0
West Jaintia Hills,9.3.1.c,Number of Mini-lap sterilizations conducted at SDHs or DHs,TOTAL,2.0,0.0,0.0,0.0,0.0,0.0,0.0,0.0,0.0,0.0,0.0,0.0,2.0
West Jaintia Hills,9.3.1.d,Number of Mini-lap sterilizations conducted at other State owned public institutions,TOTAL,,,,,,,,,,,,,
West Jaintia Hills,9.3.1.e,"Total Number of Mini-lap sterilizations conducted at Public facilities i.e. PHC, CHC, SDH, DH and other State owned public institutions (sum of items from 9.3.1.a to 9.3.1.d)",TOTAL,2.0,0.0,0.0,0.0,0.0,0.0,0.0,0.0,0.0,0.0,0.0,0.0,2.0
West Jaintia Hills,9.3.2,Number of Mini-lap sterilizations conducted at Private facilities,TOTAL,0.0,0.0,0.0,0.0,0.0,0.0,0.0,0.0,0.0,0.0,0.0,0.0,0.0
West Jaintia Hills,9.4.1.a,Number of Post-Partum sterilizations conducted at PHCs,TOTAL,0.0,0.0,0.0,0.0,0.0,0.0,0.0,0.0,0.0,0.0,0.0,0.0,0.0
West Jaintia Hills,9.4.1.b,Number of Post-Partum sterilizations conducted at CHCs,TOTAL,0.0,0.0,0.0,0.0,0.0,0.0,0.0,0.0,0.0,0.0,0.0,0.0,0.0
West Jaintia Hills,9.4.1.c,Number of Post-Partum sterilizations conducted at SDHs or DHs,TOTAL,14.0,11.0,9.0,11.0,8.0,0.0,0.0,1.0,6.0,7.0,3.0,0.0,70.0
West Jaintia Hills,9.4.1.d,Number of Post-Partum sterilizations conducted at other State owned public institutions,TOTAL,,,,,,,,,,,,,
West Jaintia Hills,9.4.1.e,"Total Number of Post-Partum sterilizations conducted at Public facilities i.e. PHC, CHC, SDH, DH and other State owned public institutions (sum of items from 9.4.1.a to 9.4.1.d)",TOTAL,14.0,11.0,9.0,11.0,8.0,0.0,0.0,1.0,6.0,7.0,3.0,0.0,70.0
West Jaintia Hills,9.4.2,Number of Post-Partum sterilizations conducted at Private facilities,TOTAL,14.0,9.0,8.0,15.0,14.0,15.0,17.0,10.0,22.0,0.0,16.0,0.0,140.0
West Jaintia Hills,9.5.1.a,Number of IUCD Insertions conducted at SCs,TOTAL,1.0,1.0,2.0,4.0,3.0,4.0,3.0,3.0,2.0,2.0,2.0,3.0,30.0
West Jaintia Hills,9.5.1.b,Number of IUCD Insertions conducted at PHCs,TOTAL,13.0,6.0,7.0,15.0,10.0,13.0,5.0,5.0,1.0,9.0,6.0,12.0,102.0
West Jaintia Hills,9.5.1.c,Number of IUCD Insertions conducted at CHCs,TOTAL,5.0,4.0,3.0,9.0,10.0,7.0,5.0,11.0,6.0,12.0,9.0,10.0,91.0
West Jaintia Hills,9.5.1.d,Number of IUCD Insertions conducted at SDHs or DHs,TOTAL,13.0,19.0,17.0,24.0,12.0,2.0,5.0,6.0,2.0,10.0,2.0,4.0,116.0
West Jaintia Hills,9.5.1.e,Number of IUCD Insertions conducted at other State owned public institutions,TOTAL,,,,,,,,,,,,,
West Jaintia Hills,9.5.1.f,"Total Number of IUCD Insertions conducted at Public facilities i.e. SC, PHC, CHC, SDH, DH and other State owned public institutions (sum of items from 9.5.1.a to 9.5.1.e)",TOTAL,32.0,30.0,29.0,52.0,35.0,26.0,18.0,25.0,11.0,33.0,19.0,29.0,339.0
West Jaintia Hills,9.5.1A,"Out of above total, Post Partum (within 48 hours of delivery) IUCD insertions",TOTAL,,,,,,,,,0.0,,,,0.0
West Jaintia Hills,9.5.2,Number of IUCD Insertions conducted at Private facilities,TOTAL,0.0,2.0,4.0,2.0,4.0,1.0,5.0,3.0,4.0,0.0,7.0,0.0,32.0
West Jaintia Hills,9.06,Number of IUCD removals,TOTAL,17.0,15.0,47.0,14.0,12.0,12.0,9.0,17.0,8.0,8.0,9.0,17.0,185.0
West Jaintia Hills,9.07,Number of Oral Pills cycles distributed,TOTAL,1266.0,1281.0,1544.0,1549.0,1316.0,1375.0,1618.0,1591.0,1595.0,1083.0,785.0,789.0,15792.0
West Jaintia Hills,9.08,Number of Condom pieces distributed,TOTAL,4290.0,5000.0,4490.0,13979.0,4812.0,4623.0,4170.0,3954.0,4661.0,4451.0,4522.0,5191.0,64143.0
West Jaintia Hills,9.09,Number of Centchroman (weekly) pills given,TOTAL,0.0,0.0,0.0,0.0,0.0,0.0,0.0,0.0,0.0,0.0,90.0,0.0,90.0
West Jaintia Hills,9.10,Number of Emergency Contraceptive Pills distributed,TOTAL,0.0,0.0,0.0,1.0,0.0,0.0,0.0,0.0,0.0,2.0,2.0,0.0,5.0
West Jaintia Hills,9.11.1.a,Number of cases of complications following male sterilization,TOTAL,0.0,0.0,0.0,0.0,0.0,0.0,0.0,0.0,0.0,0.0,0.0,0.0,0.0
West Jaintia Hills,9.11.1.b,Number of cases of complications following female sterilization,TOTAL,0.0,0.0,0.0,0.0,0.0,0.0,0.0,0.0,0.0,0.0,0.0,0.0,0.0
West Jaintia Hills,9.11.2.a,Number of failures following male sterilization,TOTAL,0.0,0.0,0.0,0.0,0.0,0.0,0.0,0.0,0.0,0.0,0.0,0.0,0.0
West Jaintia Hills,9.11.2.b,Number of failures following female sterilization,TOTAL,0.0,0.0,0.0,0.0,0.0,0.0,0.0,0.0,0.0,0.0,0.0,0.0,0.0
West Jaintia Hills,9.11.3.a,Number of deaths following male sterilization,TOTAL,0.0,0.0,0.0,0.0,0.0,0.0,0.0,0.0,0.0,0.0,0.0,0.0,0.0
West Jaintia Hills,9.11.3.b,Number of deaths following female sterilization,TOTAL,0.0,0.0,0.0,0.0,0.0,0.0,0.0,0.0,0.0,0.0,0.0,0.0,0.0
West Jaintia Hills,9.12,Number of Institutions having NSV trained doctors,TOTAL,1.0,1.0,1.0,2.0,4.0,1.0,1.0,1.0,1.0,1.0,1.0,1.0,-1.0
West Jaintia Hills,10.1.01,Number of Infants (0 to 11 months old)received BCG immunisation,TOTAL,1122.0,1344.0,1033.0,1069.0,1350.0,1161.0,970.0,1315.0,940.0,1200.0,1236.0,1219.0,13959.0
West Jaintia Hills,10.1.02,Number of Infants (0 to 11 months old) received DPT1 immunisation,TOTAL,1232.0,1341.0,1110.0,1315.0,1204.0,1167.0,1091.0,1212.0,918.0,1323.0,1356.0,1165.0,14434.0
West Jaintia Hills,10.1.03,Number of Infants (0 to 11 months old) received DPT2 immunisation,TOTAL,1058.0,1269.0,1201.0,1263.0,1189.0,1205.0,927.0,1221.0,902.0,1119.0,1094.0,1358.0,13806.0
West Jaintia Hills,10.1.04,Number of Infants (0 to 11 months old) received DPT3 immunisation,TOTAL,1041.0,1121.0,1155.0,1211.0,1246.0,1199.0,937.0,1085.0,870.0,1046.0,969.0,1113.0,12993.0
West Jaintia Hills,10.1.04A,Number of Infants (0 to 11 months old) received Pentavalent1 immunisation,TOTAL,,,,,,,,,,,,,
West Jaintia Hills,10.1.04B,Number of Infants (0 to 11 months old) received Pentavalent2 immunisation,TOTAL,,,,,,,,,,,,,
West Jaintia Hills,10.1.04C,Number of Infants (0 to 11 months old) received Pentavalent3 immunisation,TOTAL,,,,,,,,,,,,,
West Jaintia Hills,10.1.05,Number of Infants (0 to 11 months old) received OPV 0 (Birth Dose),TOTAL,372.0,427.0,321.0,343.0,479.0,377.0,311.0,387.0,292.0,319.0,353.0,351.0,4332.0
West Jaintia Hills,10.1.06,Number of Infants (0 to 11 months old) received OPV1 (First Dose),TOTAL,1232.0,1341.0,1110.0,1315.0,1204.0,1167.0,1101.0,1212.0,918.0,1300.0,1653.0,1169.0,14722.0
West Jaintia Hills,10.1.07,Number of Infants (0 to 11 months old) received OPV2 (Second Dose),TOTAL,1058.0,1269.0,1201.0,1263.0,1189.0,1205.0,920.0,1221.0,902.0,1105.0,1094.0,1352.0,13779.0
West Jaintia Hills,10.1.08,Number of Infants (0 to 11 months old) received OPV3 (Third Dose),TOTAL,1041.0,1121.0,1155.0,1211.0,1246.0,1199.0,932.0,1085.0,870.0,1027.0,969.0,1114.0,12970.0
West Jaintia Hills,10.1.09A,Number of Infants (upto 48 hrs of age) received Hepatitis-B0 immunisation,TOTAL,297.0,345.0,267.0,272.0,257.0,272.0,271.0,217.0,227.0,214.0,230.0,249.0,3118.0
West Jaintia Hills,10.1.09,Number of Infants (0 to 11 months old) received Hepatitis-B1 immunisation,TOTAL,1239.0,1341.0,1114.0,1308.0,1206.0,1177.0,1159.0,1203.0,904.0,1330.0,1339.0,1178.0,14498.0
West Jaintia Hills,10.1.10,Number of Infants (0 to 11 months old) received Hepatitis-B2 immunisation,TOTAL,1060.0,1287.0,1188.0,1267.0,1171.0,1224.0,936.0,1221.0,897.0,1129.0,1096.0,1361.0,13837.0
West Jaintia Hills,10.1.11,Number of Infants (0 to 11 months old) received Hepatitis-B3 immunisation,TOTAL,1046.0,1134.0,1122.0,1209.0,1207.0,1217.0,945.0,1076.0,849.0,1065.0,973.0,1111.0,12954.0
West Jaintia Hills,10.1.12,Number of Infants (0 to 11 months old) received Measles immunisation (First Dose),TOTAL,826.0,1099.0,837.0,1199.0,1282.0,1163.0,929.0,1138.0,855.0,987.0,1053.0,1006.0,12374.0
West Jaintia Hills,10.1.12B,Number of Infants (more than 16 months old) received Measles immunisation (Second Dose),TOTAL,634.0,1040.0,589.0,926.0,1120.0,926.0,664.0,828.0,554.0,719.0,779.0,749.0,9528.0
West Jaintia Hills,10.1A,No. of Children aged 9 to 12 months who received JE 1st dose,TOTAL,,,,,,,,,0.0,,,,0.0
West Jaintia Hills,10.1.13.a,Total number of male children (9 to 11 months old) fully immunised (BCG+DPT123/Pentavalent123+OPV123+Measles) during the month,TOTAL,398.0,519.0,401.0,530.0,586.0,562.0,435.0,563.0,412.0,474.0,529.0,506.0,5915.0
West Jaintia Hills,10.1.13.b,Total number of female children (9 to 11 months old) fully immunised (BCG+DPT123/Pentavalent123+OPV123+Measles) during the month,TOTAL,407.0,510.0,398.0,512.0,600.0,551.0,440.0,540.0,405.0,495.0,507.0,479.0,5844.0
West Jaintia Hills,10.1.13.c,Total number of children (9 to 11 months old) fully immunised (BCG+DPT123/Pentavalent123+OPV123+Measles) during the month (sum of items 10.1.13.a and 10.1.13.b),TOTAL,805.0,1029.0,799.0,1042.0,1186.0,1113.0,875.0,1103.0,817.0,969.0,1036.0,985.0,11759.0
West Jaintia Hills,10.2.1,Number of Infants (more than 16 months old) received DPT Booster dose,TOTAL,841.0,917.0,725.0,985.0,1144.0,941.0,692.0,886.0,564.0,744.0,835.0,768.0,10042.0
West Jaintia Hills,10.2.2,Number of Infants (more than 16 months old) received OPV Booster dose,TOTAL,841.0,917.0,725.0,985.0,1144.0,941.0,686.0,886.0,561.0,714.0,835.0,770.0,10005.0
West Jaintia Hills,10.2.3,"Number of Infants (more than 16 months old) received Measles, Mumps, Rubella (MMR) Vaccination",TOTAL,0.0,0.0,0.0,0.0,0.0,0.0,0.0,0.0,6.0,0.0,0.0,0.0,6.0
West Jaintia Hills,10.3.1.a,Total number of male children (12 to 23 months old) fully immunised (BCG+DPT123/Pentavalent123+OPV123+Measles) during the month,TOTAL,132.0,103.0,60.0,75.0,161.0,109.0,55.0,104.0,74.0,79.0,121.0,89.0,1162.0
West Jaintia Hills,10.3.1.b,Total number of female children (12 to 23 months old) fully immunised (BCG+DPT123/Pentavalent123+OPV123+Measles) during the month,TOTAL,102.0,104.0,55.0,73.0,152.0,130.0,55.0,95.0,75.0,66.0,89.0,96.0,1092.0
West Jaintia Hills,10.3.1.c,Total number of children (12 to 23 months old) fully immunised (BCG+DPT123+OPV123/Pentavalent123+Measles) during the month (sum of items 10.3.1.a and 10.3.1.b),TOTAL,234.0,207.0,115.0,148.0,313.0,239.0,110.0,199.0,149.0,145.0,210.0,185.0,2254.0
West Jaintia Hills,10.3.2,Number of children (more than 5 years old) given DT5,TOTAL,819.0,865.0,587.0,750.0,1081.0,835.0,458.0,492.0,360.0,451.0,419.0,484.0,7601.0
West Jaintia Hills,10.3.3,Number of children (more than 10 years old) given TT10,TOTAL,950.0,1182.0,1039.0,926.0,1070.0,1192.0,656.0,364.0,247.0,265.0,256.0,284.0,8431.0
West Jaintia Hills,10.3.4,Number of children (more than 16 years old) given TT16,TOTAL,218.0,293.0,480.0,423.0,621.0,260.0,204.0,135.0,65.0,105.0,136.0,155.0,3095.0
West Jaintia Hills,10.3.5.a,Number of cases of Abscess reported following immunisation [Adverse Event Following Immunisation (AEFI)],TOTAL,0.0,0.0,0.0,1.0,0.0,0.0,0.0,0.0,0.0,0.0,0.0,0.0,1.0
West Jaintia Hills,10.3.5.b,Number of cases of Death reported following immunisation [Adverse Event Following Immunisation (AEFI)],TOTAL,0.0,0.0,0.0,0.0,0.0,0.0,0.0,0.0,0.0,0.0,0.0,0.0,0.0
West Jaintia Hills,10.3.5.c,Number of cases of other complications reported following immunisation [Adverse Event Following Immunisation (AEFI)],TOTAL,0.0,0.0,0.0,0.0,0.0,0.0,0.0,0.0,0.0,0.0,0.0,0.0,0.0
West Jaintia Hills,10.4.1,Number of Immunisation sessions planned to be held during the month,TOTAL,817.0,901.0,827.0,838.0,883.0,894.0,851.0,874.0,807.0,793.0,808.0,777.0,10070.0
West Jaintia Hills,10.4.2,Number of Immunisation sessions held during the month,TOTAL,719.0,815.0,747.0,756.0,818.0,835.0,761.0,820.0,686.0,701.0,700.0,688.0,9046.0
West Jaintia Hills,10.4.3,Number of Immunisation sessions held during the month where ASHAs were present,TOTAL,283.0,354.0,324.0,335.0,365.0,384.0,326.0,330.0,313.0,340.0,293.0,318.0,3965.0
West Jaintia Hills,10.5.1,Number of children (more than 16 months old) received Japanese Encephalitis (JE) vaccination,TOTAL,0.0,0.0,0.0,0.0,0.0,0.0,0.0,0.0,0.0,0.0,0.0,0.0,0.0
West Jaintia Hills,11.1.1,Number of children (9 months to 5 years old) administered 1st dose of Vitamin A (Dose-1),TOTAL,368.0,35.0,13.0,3.0,7.0,0.0,0.0,0.0,0.0,0.0,0.0,0.0,426.0
West Jaintia Hills,11.1.2,Number of children (9 months to 5 years old) were administered 5th dose of Vitamin A (Dose-5),TOTAL,170.0,6.0,1.0,2.0,0.0,0.0,0.0,0.0,0.0,0.0,0.0,0.0,179.0
West Jaintia Hills,11.1.3,Number of children (9 months to 5 years old) administered 9th dose of Vitamin A (Dose-9),TOTAL,46.0,8.0,0.0,0.0,0.0,4.0,0.0,0.0,0.0,0.0,0.0,0.0,58.0
West Jaintia Hills,12.1,Number of cases of Diptheria reported in children below 5 years of age,TOTAL,0.0,0.0,0.0,0.0,0.0,0.0,0.0,0.0,0.0,0.0,0.0,0.0,0.0
West Jaintia Hills,12.2,Number of cases of Pertusis reported in children below 5 years of age,TOTAL,0.0,0.0,0.0,0.0,0.0,0.0,0.0,0.0,0.0,0.0,0.0,0.0,0.0
West Jaintia Hills,12.3,Number of cases of Tetanus neonatarum reported in children below 5 years of age,TOTAL,0.0,0.0,0.0,0.0,0.0,0.0,0.0,0.0,0.0,0.0,0.0,0.0,0.0
West Jaintia Hills,12.4,Number of cases of Tetanus other than neonatarum reported in children below 5 years of age,TOTAL,0.0,0.0,0.0,0.0,0.0,0.0,0.0,0.0,0.0,0.0,0.0,0.0,0.0
West Jaintia Hills,12.5,Number of cases of Polio reported in children below 5 years of age,TOTAL,0.0,0.0,0.0,0.0,0.0,0.0,0.0,0.0,0.0,0.0,0.0,0.0,0.0
West Jaintia Hills,12.6,Number of cases of Measles reported in children below 5 years of age,TOTAL,2.0,15.0,10.0,6.0,5.0,2.0,2.0,110.0,3.0,12.0,1.0,8.0,176.0
West Jaintia Hills,12.7,Number of cases of Diarrhoea and Dehydration reported in children below 5 years of age,TOTAL,2764.0,3109.0,2309.0,2016.0,1815.0,1782.0,1699.0,1652.0,1718.0,2087.0,1473.0,1853.0,24277.0
West Jaintia Hills,12.8,Number of cases of Malaria reported in children below 5 years of age,TOTAL,5.0,7.0,14.0,8.0,14.0,17.0,65.0,57.0,38.0,30.0,3.0,12.0,270.0
West Jaintia Hills,12.9,Number of children below 5 years of age admitted with Respiratory Infections,TOTAL,148.0,74.0,132.0,92.0,120.0,78.0,60.0,94.0,35.0,49.0,68.0,78.0,1028.0
West Jaintia Hills,13.1,Number of Patients operated for cataract,TOTAL,0.0,0.0,0.0,0.0,0.0,0.0,0.0,0.0,0.0,0.0,0.0,0.0,0.0
West Jaintia Hills,13.2,Number of Intraocular Lens(IOL) implantations,TOTAL,0.0,0.0,0.0,0.0,0.0,0.0,0.0,0.0,0.0,0.0,0.0,0.0,0.0
West Jaintia Hills,13.3,Number of School children detected with Refractive errors,TOTAL,0.0,7.0,12.0,0.0,0.0,0.0,0.0,0.0,0.0,0.0,0.0,0.0,19.0
West Jaintia Hills,13.4,Number of children provided free glasses,TOTAL,0.0,0.0,0.0,0.0,0.0,0.0,0.0,0.0,0.0,0.0,0.0,0.0,0.0
West Jaintia Hills,13.5,Number of eyes collected through eye donation,TOTAL,0.0,0.0,0.0,0.0,0.0,0.0,0.0,0.0,0.0,0.0,0.0,0.0,0.0
West Jaintia Hills,13.6,Number of eyes utilised for corneal transplant,TOTAL,0.0,0.0,0.0,0.0,0.0,0.0,0.0,0.0,0.0,0.0,0.0,0.0,0.0
West Jaintia Hills,14.01,Number of CHC or SDH or DH functioning as First Referral units (FRUs),TOTAL,1.0,1.0,1.0,1.0,1.0,1.0,2.0,2.0,2.0,2.0,2.0,2.0,-1.0
West Jaintia Hills,14.02,Number of PHCs functioning 24X7 with atleast 3 Staff Nurses,TOTAL,6.0,6.0,6.0,6.0,6.0,6.0,5.0,6.0,6.0,6.0,6.0,6.0,-1.0
West Jaintia Hills,14.03,Number of Anganwadi centres reported to have conducted VHNDs,TOTAL,277.0,342.0,337.0,349.0,330.0,321.0,328.0,361.0,303.0,327.0,310.0,317.0,-1.0
West Jaintia Hills,14.04,Number of facilities having a Rogi Kalyan Samiti (RKS),TOTAL,7.0,7.0,7.0,7.0,7.0,7.0,7.0,7.0,7.0,7.0,7.0,7.0,-1.0
West Jaintia Hills,14.05,Number of RKS meetings held during the month,TOTAL,7.0,7.0,6.0,3.0,3.0,3.0,3.0,4.0,3.0,3.0,3.0,5.0,50.0
West Jaintia Hills,14.06,Number of facilities having Ambulance services (Assured Referral Services),TOTAL,16.0,15.0,16.0,17.0,17.0,18.0,17.0,16.0,16.0,17.0,17.0,17.0,-1.0
West Jaintia Hills,14.07,Total Number of times the Ambulance was used for transporting patients during the month,TOTAL,6.0,8.0,5.0,9.0,9.0,18.0,19.0,22.0,20.0,8.0,18.0,23.0,165.0
West Jaintia Hills,14.08,Number of Institutions having Operational Sick New Born and Child Care Units (SNCU),TOTAL,4.0,4.0,4.0,4.0,2.0,3.0,2.0,2.0,2.0,2.0,2.0,2.0,-1.0
West Jaintia Hills,14.09,Number of functional Laproscopes in CHC/SDH/DH,TOTAL,1.0,1.0,0.0,1.0,1.0,0.0,0.0,0.0,0.0,0.0,0.0,0.0,-1.0
West Jaintia Hills,14.10.1.a,Number of male patients admitted (Inpatients) during the month,1. Children,583.0,746.0,754.0,530.0,474.0,436.0,517.0,720.0,646.0,795.0,484.0,476.0,7161.0
West Jaintia Hills,14.10.1.a,Number of male patients admitted (Inpatients) during the month,2. Adults,555.0,589.0,643.0,609.0,514.0,494.0,603.0,552.0,389.0,363.0,379.0,450.0,6140.0
West Jaintia Hills,14.10.1.b,Number of female patients (Inpatients) admitted during the month,1. Children,997.0,798.0,743.0,474.0,516.0,386.0,531.0,637.0,614.0,674.0,486.0,461.0,7317.0
West Jaintia Hills,14.10.1.b,Number of female patients (Inpatients) admitted during the month,2. Adults,908.0,1419.0,1287.0,1286.0,1171.0,1102.0,1239.0,1381.0,1034.0,1069.0,871.0,1301.0,14068.0
West Jaintia Hills,14.10.1.c,Total number of patients admitted (Inpatients) during the month (sum of items 14.10.1.a and 14.10.1.b),1. Children,1580.0,1544.0,1497.0,1004.0,990.0,822.0,1048.0,1357.0,1260.0,1469.0,970.0,937.0,14478.0
West Jaintia Hills,14.10.1.c,Total number of patients admitted (Inpatients) during the month (sum of items 14.10.1.a and 14.10.1.b),2. Adults,1463.0,2008.0,1930.0,1895.0,1685.0,1596.0,1842.0,1933.0,1423.0,1432.0,1250.0,1751.0,20208.0
West Jaintia Hills,14.10.2.a,Number of death cases of Inpatient males,TOTAL,13.0,34.0,14.0,27.0,23.0,13.0,26.0,23.0,16.0,13.0,14.0,23.0,239.0
West Jaintia Hills,14.10.2.b,Number of death cases of Inpatient females,TOTAL,10.0,13.0,12.0,11.0,24.0,12.0,14.0,25.0,10.0,9.0,14.0,12.0,166.0
West Jaintia Hills,14.10.2.c,Number of cases of death of Inpatients (sum of items 14.10.2.a and 14.10.2.b),TOTAL,23.0,47.0,26.0,38.0,47.0,25.0,40.0,48.0,26.0,22.0,28.0,35.0,405.0
West Jaintia Hills,14.11,In-Patient Head Count at midnight,TOTAL,743.0,965.0,1118.0,729.0,1021.0,1044.0,3245.0,1229.0,1082.0,1097.0,911.0,1110.0,14294.0
West Jaintia Hills,14.12.1,OPD attendance (All),TOTAL,42481.0,43914.0,36023.0,34039.0,30844.0,32063.0,30959.0,26415.0,20730.0,25334.0,20955.0,28938.0,372695.0
West Jaintia Hills,14.13.1,Number of major operations carried out using general or spinal anaesthesia,TOTAL,70.0,74.0,50.0,100.0,8.0,66.0,84.0,52.0,82.0,78.0,68.0,115.0,847.0
West Jaintia Hills,14.13.1A,"Out of 14.13.1,Gynecology- Hysterectomy surgeries",TOTAL,,,,,,,,,,,,,
West Jaintia Hills,14.13.2,Number of minor operations carried out without anaesthesia or using local anaesthesia,TOTAL,243.0,247.0,221.0,257.0,139.0,253.0,274.0,223.0,273.0,219.0,241.0,280.0,2870.0
West Jaintia Hills,14.14.a,Number of patients given AYUSH treatment,TOTAL,2394.0,3316.0,2614.0,2498.0,2709.0,1303.0,1496.0,1865.0,886.0,1585.0,1508.0,2545.0,24719.0
West Jaintia Hills,14.14.b,Number of patients on whom Dental Procedure was conducted,TOTAL,323.0,356.0,351.0,419.0,443.0,322.0,163.0,148.0,86.0,236.0,180.0,173.0,3200.0
West Jaintia Hills,14.14.c,Number of Adolescents counselled,TOTAL,24.0,131.0,89.0,80.0,83.0,81.0,64.0,57.0,70.0,56.0,64.0,85.0,884.0
West Jaintia Hills,15.1.1.a,Number of Haemoglobin (Hb) tests conducted,TOTAL,1793.0,1789.0,1563.0,2021.0,2299.0,1940.0,2062.0,2634.0,1646.0,1934.0,1668.0,2319.0,23668.0
West Jaintia Hills,15.1.1.b,"Out of the total number of Hb tests conducted, number of cases having Hb less than 7gm/dl",TOTAL,175.0,160.0,82.0,192.0,84.0,72.0,63.0,106.0,86.0,99.0,72.0,76.0,1267.0
West Jaintia Hills,15.1.2.a,Number of HIV tests conducted on males,1. Number tested,191.0,56.0,107.0,79.0,165.0,85.0,126.0,150.0,92.0,186.0,153.0,313.0,1703.0
West Jaintia Hills,15.1.2.a,Number of HIV tests conducted on males,2. Number Positive,3.0,4.0,1.0,1.0,3.0,1.0,1.0,4.0,1.0,1.0,1.0,6.0,27.0
West Jaintia Hills,15.1.2.b,Number of HIV tests conducted on Female-Non ANC (i.e. non pregnant females),1. Number tested,66.0,91.0,61.0,75.0,66.0,81.0,60.0,75.0,74.0,113.0,89.0,164.0,1015.0
West Jaintia Hills,15.1.2.b,Number of HIV tests conducted on Female-Non ANC (i.e. non pregnant females),2. Number Positive,4.0,4.0,0.0,3.0,6.0,1.0,0.0,4.0,7.0,2.0,1.0,2.0,34.0
West Jaintia Hills,15.1.2.c,Number of HIV tests conducted on Female with ANC (i.e. pregnant females),1. Number tested,374.0,510.0,471.0,293.0,509.0,303.0,334.0,362.0,366.0,462.0,425.0,598.0,5007.0
West Jaintia Hills,15.1.2.c,Number of HIV tests conducted on Female with ANC (i.e. pregnant females),2. Number Positive,1.0,3.0,3.0,4.0,4.0,4.0,5.0,8.0,3.0,2.0,2.0,5.0,44.0
West Jaintia Hills,15.1.2.d,Total number of HIV tests conducted (sum of items 15.1.2.a to 15.1.2.c),1. Number tested,631.0,657.0,639.0,447.0,740.0,469.0,520.0,587.0,532.0,761.0,667.0,1075.0,7725.0
West Jaintia Hills,15.1.2.d,Total number of HIV tests conducted (sum of items 15.1.2.a to 15.1.2.c),2. Number Positive,8.0,11.0,4.0,8.0,13.0,6.0,6.0,16.0,11.0,5.0,4.0,13.0,105.0
West Jaintia Hills,15.2,Number of Widal tests conducted,Number tested,586.0,730.0,859.0,718.0,463.0,363.0,720.0,882.0,439.0,288.0,309.0,530.0,6887.0
West Jaintia Hills,15.3.a,Number of VDRL tests conducted on males,Number tested,160.0,58.0,99.0,148.0,147.0,78.0,116.0,159.0,105.0,173.0,139.0,250.0,1632.0
West Jaintia Hills,15.3.b,Number of VDRL tests conducted on Female-Non ANC (i.e. non pregnant females),Number tested,83.0,76.0,88.0,113.0,106.0,24.0,89.0,100.0,102.0,133.0,111.0,179.0,1204.0
West Jaintia Hills,15.3.c,Number of VDRL tests conducted on Female with ANC (i.e. pregnant females),Number tested,546.0,619.0,725.0,731.0,641.0,599.0,554.0,672.0,558.0,557.0,481.0,639.0,7322.0
West Jaintia Hills,15.3.d,Total number of VDRL tests conducted (sum of items 15.3.a to 15.3.c),Number tested,789.0,753.0,912.0,992.0,894.0,701.0,759.0,931.0,765.0,863.0,731.0,1068.0,10158.0
West Jaintia Hills,15.4.1,Number of blood smears examined for Malaria,TOTAL,3057.0,3455.0,4614.0,3183.0,3116.0,2865.0,4114.0,4009.0,1720.0,1870.0,1857.0,2417.0,36277.0
West Jaintia Hills,15.4.2,"Out of blood smears examined for malaria, number of blood smears tested positive for Plasmodium Vivax",TOTAL,1.0,4.0,12.0,11.0,13.0,10.0,69.0,35.0,23.0,23.0,8.0,11.0,220.0
West Jaintia Hills,15.4.3,"Out of blood smears examined for malaria, number of blood smears tested positive for Plasmodium Falciparum",TOTAL,9.0,27.0,63.0,40.0,30.0,30.0,130.0,100.0,17.0,28.0,12.0,10.0,496.0
West Jaintia Hills,16.1.1,Stock position of DPT vaccines,1. Balance From Previous Month,25.0,,,163.0,83.0,8.0,176.0,593.0,495.0,152.0,,154.0,1849.0
West Jaintia Hills,16.1.1,Stock position of DPT vaccines,2. Stocks Received,500.0,,,500.0,500.0,700.0,900.0,400.0,0.0,900.0,,400.0,4800.0
West Jaintia Hills,16.1.1,Stock position of DPT vaccines,3. Unusable Stock,0.0,,,0.0,0.0,,,,,,,,0.0
West Jaintia Hills,16.1.1,Stock position of DPT vaccines,4. Stock Distributed,522.0,,,580.0,575.0,532.0,483.0,498.0,343.0,359.0,,477.0,4369.0
West Jaintia Hills,16.1.1,Stock position of DPT vaccines,5. Total Stock,3.0,0.0,0.0,83.0,8.0,176.0,593.0,495.0,152.0,693.0,0.0,77.0,2280.0
West Jaintia Hills,16.1.1A,Stock Position of Pentavalent,1. Balance From Previous Month,,,,,,,,,,,541.0,,541.0
West Jaintia Hills,16.1.1A,Stock Position of Pentavalent,2. Stocks Received,,,,,,,,,,,,,
West Jaintia Hills,16.1.1A,Stock Position of Pentavalent,3. Unusable Stock,,,,,,,,,,,,,
West Jaintia Hills,16.1.1A,Stock Position of Pentavalent,4. Stock Distributed,,,,,,,,,,,387.0,,387.0
West Jaintia Hills,16.1.1A,Stock Position of Pentavalent,5. Total Stock,0.0,0.0,0.0,0.0,0.0,0.0,0.0,0.0,0.0,0.0,154.0,0.0,154.0
West Jaintia Hills,16.1.2,Stock position of OPV vaccines,1. Balance From Previous Month,268.0,,,338.0,463.0,119.0,126.0,385.0,219.0,,243.0,57.0,2218.0
West Jaintia Hills,16.1.2,Stock position of OPV vaccines,2. Stocks Received,300.0,,,500.0,100.0,400.0,400.0,300.0,0.0,5400.0,,5400.0,12800.0
West Jaintia Hills,16.1.2,Stock position of OPV vaccines,3. Unusable Stock,0.0,,,0.0,0.0,,,,,,,,0.0
West Jaintia Hills,16.1.2,Stock position of OPV vaccines,4. Stock Distributed,344.0,,,375.0,444.0,393.0,141.0,466.0,219.0,5147.0,186.0,5249.0,12964.0
West Jaintia Hills,16.1.2,Stock position of OPV vaccines,5. Total Stock,224.0,0.0,0.0,463.0,119.0,126.0,385.0,219.0,0.0,253.0,57.0,208.0,2054.0
West Jaintia Hills,16.1.3,Stock position of TT vaccines,1. Balance From Previous Month,343.0,,,0.0,0.0,210.0,232.0,444.0,495.0,257.0,879.0,532.0,3392.0
West Jaintia Hills,16.1.3,Stock position of TT vaccines,2. Stocks Received,200.0,,,0.0,500.0,500.0,500.0,400.0,0.0,900.0,,100.0,3100.0
West Jaintia Hills,16.1.3,Stock position of TT vaccines,3. Unusable Stock,0.0,,,0.0,0.0,,,,,,,,0.0
West Jaintia Hills,16.1.3,Stock position of TT vaccines,4. Stock Distributed,480.0,,,0.0,290.0,503.0,288.0,349.0,238.0,278.0,347.0,321.0,3094.0
West Jaintia Hills,16.1.3,Stock position of TT vaccines,5. Total Stock,63.0,0.0,0.0,0.0,210.0,207.0,444.0,495.0,257.0,879.0,532.0,311.0,3398.0
West Jaintia Hills,16.1.4,Stock position of DT vaccines,1. Balance From Previous Month,0.0,,,0.0,0.0,,,,,,,,0.0
West Jaintia Hills,16.1.4,Stock position of DT vaccines,2. Stocks Received,0.0,,,0.0,0.0,,,,,,,,0.0
West Jaintia Hills,16.1.4,Stock position of DT vaccines,3. Unusable Stock,0.0,,,0.0,0.0,,,,,,,,0.0
West Jaintia Hills,16.1.4,Stock position of DT vaccines,4. Stock Distributed,0.0,,,0.0,0.0,,,,,,,,0.0
West Jaintia Hills,16.1.4,Stock position of DT vaccines,5. Total Stock,0.0,0.0,0.0,0.0,0.0,0.0,0.0,0.0,0.0,0.0,0.0,0.0,0.0
West Jaintia Hills,16.1.5,Stock position of BCG vaccines,1. Balance From Previous Month,314.0,,,190.0,27.0,134.0,307.0,687.0,595.0,448.0,739.0,486.0,3927.0
West Jaintia Hills,16.1.5,Stock position of BCG vaccines,2. Stocks Received,200.0,,,0.0,400.0,500.0,600.0,200.0,0.0,500.0,,100.0,2500.0
West Jaintia Hills,16.1.5,Stock position of BCG vaccines,3. Unusable Stock,0.0,,,0.0,0.0,,,,,,,,0.0
West Jaintia Hills,16.1.5,Stock position of BCG vaccines,4. Stock Distributed,320.0,,,163.0,293.0,327.0,220.0,292.0,147.0,209.0,253.0,247.0,2471.0
West Jaintia Hills,16.1.5,Stock position of BCG vaccines,5. Total Stock,194.0,0.0,0.0,27.0,134.0,307.0,687.0,595.0,448.0,739.0,486.0,339.0,3956.0
West Jaintia Hills,16.1.6,Stock position of Measles vaccines,1. Balance From Previous Month,45.0,,,102.0,157.0,31.0,193.0,729.0,496.0,183.0,680.0,201.0,2817.0
West Jaintia Hills,16.1.6,Stock position of Measles vaccines,2. Stocks Received,500.0,,,600.0,400.0,800.0,1000.0,300.0,0.0,900.0,,500.0,5000.0
West Jaintia Hills,16.1.6,Stock position of Measles vaccines,3. Unusable Stock,0.0,,,0.0,0.0,,,,,,,,0.0
West Jaintia Hills,16.1.6,Stock position of Measles vaccines,4. Stock Distributed,486.0,,,545.0,526.0,638.0,464.0,533.0,313.0,220.0,479.0,474.0,4678.0
West Jaintia Hills,16.1.6,Stock position of Measles vaccines,5. Total Stock,59.0,0.0,0.0,157.0,31.0,193.0,729.0,496.0,183.0,863.0,201.0,227.0,3139.0
West Jaintia Hills,16.1.7,Stock position of JE vaccines,1. Balance From Previous Month,0.0,,,0.0,0.0,,,,,,,,0.0
West Jaintia Hills,16.1.7,Stock position of JE vaccines,2. Stocks Received,0.0,,,0.0,0.0,,,,,,,,0.0
West Jaintia Hills,16.1.7,Stock position of JE vaccines,3. Unusable Stock,0.0,,,0.0,0.0,,,,,,,,0.0
West Jaintia Hills,16.1.7,Stock position of JE vaccines,4. Stock Distributed,0.0,,,0.0,0.0,,,,,,,,0.0
West Jaintia Hills,16.1.7,Stock position of JE vaccines,5. Total Stock,0.0,0.0,0.0,0.0,0.0,0.0,0.0,0.0,0.0,0.0,0.0,0.0,0.0
West Jaintia Hills,16.1.8,Stock position of Hepatitis B vaccines,1. Balance From Previous Month,171.0,,,176.0,141.0,75.0,236.0,788.0,632.0,389.0,802.0,440.0,3850.0
West Jaintia Hills,16.1.8,Stock position of Hepatitis B vaccines,2. Stocks Received,500.0,,,400.0,400.0,600.0,900.0,200.0,0.0,800.0,,100.0,3900.0
West Jaintia Hills,16.1.8,Stock position of Hepatitis B vaccines,3. Unusable Stock,0.0,,,0.0,0.0,,,,,,,,0.0
West Jaintia Hills,16.1.8,Stock position of Hepatitis B vaccines,4. Stock Distributed,469.0,,,435.0,466.0,439.0,348.0,356.0,243.0,387.0,362.0,371.0,3876.0
West Jaintia Hills,16.1.8,Stock position of Hepatitis B vaccines,5. Total Stock,202.0,0.0,0.0,141.0,75.0,236.0,788.0,632.0,389.0,802.0,440.0,169.0,3874.0
West Jaintia Hills,16.2.1,Stock Position of IU 380 A (to be used for Family Planning),1. Balance From Previous Month,0.0,,,2110.0,1940.0,1840.0,,1810.0,1810.0,1800.0,1790.0,1670.0,14770.0
West Jaintia Hills,16.2.1,Stock Position of IU 380 A (to be used for Family Planning),2. Stocks Received,0.0,,,0.0,0.0,0.0,,0.0,0.0,0.0,,0.0,0.0
West Jaintia Hills,16.2.1,Stock Position of IU 380 A (to be used for Family Planning),3. Unusable Stock,0.0,,,0.0,0.0,,,,,,,450.0,450.0
West Jaintia Hills,16.2.1,Stock Position of IU 380 A (to be used for Family Planning),4. Stock Distributed,0.0,,,170.0,100.0,2700.0,,0.0,10.0,10.0,120.0,20.0,3130.0
West Jaintia Hills,16.2.1,Stock Position of IU 380 A (to be used for Family Planning),5. Total Stock,0.0,0.0,0.0,1940.0,1840.0,-860.0,0.0,1810.0,1800.0,1790.0,1670.0,1200.0,11190.0
West Jaintia Hills,16.2.2,Stock Position of Condoms (to be used for Family Planning),1. Balance From Previous Month,10100.0,,,4900.0,407.0,9907.0,1840.0,5007.0,1893.0,,8683.0,3683.0,46420.0
West Jaintia Hills,16.2.2,Stock Position of Condoms (to be used for Family Planning),2. Stocks Received,0.0,,,6307.0,12000.0,0.0,0.0,0.0,0.0,11800.0,,0.0,30107.0
West Jaintia Hills,16.2.2,Stock Position of Condoms (to be used for Family Planning),3. Unusable Stock,0.0,,,0.0,0.0,,,,,,,,0.0
West Jaintia Hills,16.2.2,Stock Position of Condoms (to be used for Family Planning),4. Stock Distributed,1800.0,,,10800.0,2500.0,500.0,30.0,3114.0,1893.0,3117.0,5000.0,3683.0,32437.0
West Jaintia Hills,16.2.2,Stock Position of Condoms (to be used for Family Planning),5. Total Stock,8300.0,0.0,0.0,407.0,9907.0,9407.0,1810.0,1893.0,0.0,8683.0,3683.0,0.0,44090.0
West Jaintia Hills,16.2.3,Stock Position of Oral Contraceptive (to be used for Family Planning),1. Balance From Previous Month,5400.0,,,2280.0,1680.0,2880.0,7207.0,880.0,280.0,0.0,0.0,0.0,20607.0
West Jaintia Hills,16.2.3,Stock Position of Oral Contraceptive (to be used for Family Planning),2. Stocks Received,0.0,,,2000.0,1500.0,0.0,0.0,0.0,0.0,0.0,,,3500.0
West Jaintia Hills,16.2.3,Stock Position of Oral Contraceptive (to be used for Family Planning),3. Unusable Stock,0.0,,,0.0,0.0,,,,,,,,0.0
West Jaintia Hills,16.2.3,Stock Position of Oral Contraceptive (to be used for Family Planning),4. Stock Distributed,1300.0,,,2600.0,300.0,,2200.0,600.0,280.0,0.0,,,7280.0
West Jaintia Hills,16.2.3,Stock Position of Oral Contraceptive (to be used for Family Planning),5. Total Stock,4100.0,0.0,0.0,1680.0,2880.0,2880.0,5007.0,280.0,0.0,0.0,0.0,0.0,16827.0
West Jaintia Hills,16.2.4,Stock Position of Emergency Contraceptive (to be used for Family Planning),1. Balance From Previous Month,0.0,,,0.0,0.0,,2380.0,,,,,,2380.0
West Jaintia Hills,16.2.4,Stock Position of Emergency Contraceptive (to be used for Family Planning),2. Stocks Received,0.0,,,0.0,0.0,,0.0,,,,,,0.0
West Jaintia Hills,16.2.4,Stock Position of Emergency Contraceptive (to be used for Family Planning),3. Unusable Stock,0.0,,,0.0,0.0,,,,,,,,0.0
West Jaintia Hills,16.2.4,Stock Position of Emergency Contraceptive (to be used for Family Planning),4. Stock Distributed,0.0,,,0.0,0.0,,1500.0,,,,,,1500.0
West Jaintia Hills,16.2.4,Stock Position of Emergency Contraceptive (to be used for Family Planning),5. Total Stock,0.0,0.0,0.0,0.0,0.0,0.0,880.0,0.0,0.0,0.0,0.0,0.0,880.0
West Jaintia Hills,16.2.5,Stock Position of Tubal Rings (to be used for Family Planning),1. Balance From Previous Month,0.0,,,0.0,0.0,,,,,,,,0.0
West Jaintia Hills,16.2.5,Stock Position of Tubal Rings (to be used for Family Planning),2. Stocks Received,0.0,,,0.0,0.0,,,,,,,,0.0
West Jaintia Hills,16.2.5,Stock Position of Tubal Rings (to be used for Family Planning),3. Unusable Stock,0.0,,,0.0,0.0,,,,,,,,0.0
West Jaintia Hills,16.2.5,Stock Position of Tubal Rings (to be used for Family Planning),4. Stock Distributed,0.0,,,0.0,0.0,,,,,,,,0.0
West Jaintia Hills,16.2.5,Stock Position of Tubal Rings (to be used for Family Planning),5. Total Stock,0.0,0.0,0.0,0.0,0.0,0.0,0.0,0.0,0.0,0.0,0.0,0.0,0.0
West Jaintia Hills,16.3.01,Stock Position of Oxytocin Injection,1. Balance From Previous Month,0.0,,,0.0,0.0,0.0,,0.0,0.0,,,,0.0
West Jaintia Hills,16.3.01,Stock Position of Oxytocin Injection,2. Stocks Received,0.0,,,0.0,0.0,0.0,,0.0,0.0,,,,0.0
West Jaintia Hills,16.3.01,Stock Position of Oxytocin Injection,3. Unusable Stock,0.0,,,0.0,0.0,0.0,,0.0,0.0,,,,0.0
West Jaintia Hills,16.3.01,Stock Position of Oxytocin Injection,4. Stock Distributed,0.0,,,0.0,0.0,0.0,,0.0,0.0,,,,0.0
West Jaintia Hills,16.3.01,Stock Position of Oxytocin Injection,5. Total Stock,0.0,0.0,0.0,0.0,0.0,0.0,0.0,0.0,0.0,0.0,0.0,0.0,0.0
West Jaintia Hills,16.3.02,Stock Position of Gloves,1. Balance From Previous Month,0.0,,,0.0,0.0,0.0,,0.0,0.0,,,29200.0,29200.0
West Jaintia Hills,16.3.02,Stock Position of Gloves,2. Stocks Received,0.0,,,0.0,0.0,0.0,,0.0,0.0,,32500.0,,32500.0
West Jaintia Hills,16.3.02,Stock Position of Gloves,3. Unusable Stock,0.0,,,0.0,0.0,0.0,,0.0,0.0,,,,0.0
West Jaintia Hills,16.3.02,Stock Position of Gloves,4. Stock Distributed,0.0,,,0.0,0.0,0.0,,0.0,0.0,,3300.0,12950.0,16250.0
West Jaintia Hills,16.3.02,Stock Position of Gloves,5. Total Stock,0.0,0.0,0.0,0.0,0.0,0.0,0.0,0.0,0.0,0.0,29200.0,16250.0,45450.0
West Jaintia Hills,16.3.03,Stock Position of MVA Syringes,1. Balance From Previous Month,0.0,,,0.0,0.0,0.0,,0.0,0.0,,,,0.0
West Jaintia Hills,16.3.03,Stock Position of MVA Syringes,2. Stocks Received,0.0,,,0.0,0.0,0.0,,0.0,0.0,,,,0.0
West Jaintia Hills,16.3.03,Stock Position of MVA Syringes,3. Unusable Stock,0.0,,,0.0,0.0,0.0,,0.0,0.0,,,,0.0
West Jaintia Hills,16.3.03,Stock Position of MVA Syringes,4. Stock Distributed,0.0,,,0.0,0.0,0.0,,0.0,0.0,,,,0.0
West Jaintia Hills,16.3.03,Stock Position of MVA Syringes,5. Total Stock,0.0,0.0,0.0,0.0,0.0,0.0,0.0,0.0,0.0,0.0,0.0,0.0,0.0
West Jaintia Hills,16.3.04,Stock Position of Fluconazole Tablets,1. Balance From Previous Month,0.0,,,0.0,0.0,0.0,,0.0,0.0,,,,0.0
West Jaintia Hills,16.3.04,Stock Position of Fluconazole Tablets,2. Stocks Received,0.0,,,0.0,0.0,0.0,,0.0,0.0,,,,0.0
West Jaintia Hills,16.3.04,Stock Position of Fluconazole Tablets,3. Unusable Stock,0.0,,,0.0,0.0,0.0,,0.0,0.0,,,,0.0
West Jaintia Hills,16.3.04,Stock Position of Fluconazole Tablets,4. Stock Distributed,0.0,,,0.0,0.0,0.0,,0.0,0.0,,,,0.0
West Jaintia Hills,16.3.04,Stock Position of Fluconazole Tablets,5. Total Stock,0.0,0.0,0.0,0.0,0.0,0.0,0.0,0.0,0.0,0.0,0.0,0.0,0.0
West Jaintia Hills,16.3.05,Stock Position of Blood Transfusion Sets,1. Balance From Previous Month,0.0,,,0.0,0.0,0.0,,0.0,0.0,,,,0.0
West Jaintia Hills,16.3.05,Stock Position of Blood Transfusion Sets,2. Stocks Received,0.0,,,0.0,0.0,0.0,,0.0,0.0,,,,0.0
West Jaintia Hills,16.3.05,Stock Position of Blood Transfusion Sets,3. Unusable Stock,0.0,,,0.0,0.0,0.0,,0.0,0.0,,,,0.0
West Jaintia Hills,16.3.05,Stock Position of Blood Transfusion Sets,4. Stock Distributed,0.0,,,0.0,0.0,0.0,,0.0,0.0,,,,0.0
West Jaintia Hills,16.3.05,Stock Position of Blood Transfusion Sets,5. Total Stock,0.0,0.0,0.0,0.0,0.0,0.0,0.0,0.0,0.0,0.0,0.0,0.0,0.0
West Jaintia Hills,16.3.06,Stock Position of Gluteraldehyde solution of 2% concentration,1. Balance From Previous Month,0.0,,,0.0,0.0,0.0,,0.0,0.0,,,,0.0
West Jaintia Hills,16.3.06,Stock Position of Gluteraldehyde solution of 2% concentration,2. Stocks Received,0.0,,,0.0,0.0,0.0,,0.0,0.0,,,,0.0
West Jaintia Hills,16.3.06,Stock Position of Gluteraldehyde solution of 2% concentration,3. Unusable Stock,0.0,,,0.0,0.0,0.0,,0.0,0.0,,,,0.0
West Jaintia Hills,16.3.06,Stock Position of Gluteraldehyde solution of 2% concentration,4. Stock Distributed,0.0,,,0.0,0.0,0.0,,0.0,0.0,,,,0.0
West Jaintia Hills,16.3.06,Stock Position of Gluteraldehyde solution of 2% concentration,5. Total Stock,0.0,0.0,0.0,0.0,0.0,0.0,0.0,0.0,0.0,0.0,0.0,0.0,0.0
West Jaintia Hills,16.3.07,Stock Position of IFA Tablets,1. Balance From Previous Month,0.0,,,0.0,0.0,0.0,,0.0,0.0,,,,0.0
West Jaintia Hills,16.3.07,Stock Position of IFA Tablets,2. Stocks Received,0.0,,,0.0,0.0,0.0,,0.0,0.0,,,,0.0
West Jaintia Hills,16.3.07,Stock Position of IFA Tablets,3. Unusable Stock,0.0,,,0.0,0.0,0.0,,0.0,0.0,,,,0.0
West Jaintia Hills,16.3.07,Stock Position of IFA Tablets,4. Stock Distributed,0.0,,,0.0,0.0,0.0,,0.0,0.0,,,,0.0
West Jaintia Hills,16.3.07,Stock Position of IFA Tablets,5. Total Stock,0.0,0.0,0.0,0.0,0.0,0.0,0.0,0.0,0.0,0.0,0.0,0.0,0.0
West Jaintia Hills,16.3.08,Stock Position of IFA Syrup (Paediatric),1. Balance From Previous Month,0.0,,,0.0,0.0,0.0,,0.0,0.0,,,,0.0
West Jaintia Hills,16.3.08,Stock Position of IFA Syrup (Paediatric),2. Stocks Received,0.0,,,0.0,0.0,0.0,,0.0,0.0,,,,0.0
West Jaintia Hills,16.3.08,Stock Position of IFA Syrup (Paediatric),3. Unusable Stock,0.0,,,0.0,0.0,0.0,,0.0,0.0,,,,0.0
West Jaintia Hills,16.3.08,Stock Position of IFA Syrup (Paediatric),4. Stock Distributed,0.0,,,0.0,0.0,0.0,,0.0,0.0,,,,0.0
West Jaintia Hills,16.3.08,Stock Position of IFA Syrup (Paediatric),5. Total Stock,0.0,0.0,0.0,0.0,0.0,0.0,0.0,0.0,0.0,0.0,0.0,0.0,0.0
West Jaintia Hills,16.3.09,Stock Position of Paediatrics Antibiotics (Cotrimaxozole and Injectable Gentamicin),1. Balance From Previous Month,0.0,,,0.0,0.0,0.0,,0.0,0.0,,,,0.0
West Jaintia Hills,16.3.09,Stock Position of Paediatrics Antibiotics (Cotrimaxozole and Injectable Gentamicin),2. Stocks Received,0.0,,,0.0,0.0,0.0,,0.0,0.0,,,,0.0
West Jaintia Hills,16.3.09,Stock Position of Paediatrics Antibiotics (Cotrimaxozole and Injectable Gentamicin),3. Unusable Stock,0.0,,,0.0,0.0,0.0,,0.0,0.0,,,,0.0
West Jaintia Hills,16.3.09,Stock Position of Paediatrics Antibiotics (Cotrimaxozole and Injectable Gentamicin),4. Stock Distributed,0.0,,,0.0,0.0,0.0,,0.0,0.0,,,,0.0
West Jaintia Hills,16.3.09,Stock Position of Paediatrics Antibiotics (Cotrimaxozole and Injectable Gentamicin),5. Total Stock,0.0,0.0,0.0,0.0,0.0,0.0,0.0,0.0,0.0,0.0,0.0,0.0,0.0
West Jaintia Hills,16.3.10,Stock Position of Vitamin A solution,1. Balance From Previous Month,0.0,,,0.0,0.0,0.0,,0.0,0.0,,,,0.0
West Jaintia Hills,16.3.10,Stock Position of Vitamin A solution,2. Stocks Received,0.0,,,0.0,0.0,0.0,,0.0,0.0,,,,0.0
West Jaintia Hills,16.3.10,Stock Position of Vitamin A solution,3. Unusable Stock,0.0,,,0.0,0.0,0.0,,0.0,0.0,,,,0.0
West Jaintia Hills,16.3.10,Stock Position of Vitamin A solution,4. Stock Distributed,0.0,,,0.0,0.0,0.0,,0.0,0.0,,,,0.0
West Jaintia Hills,16.3.10,Stock Position of Vitamin A solution,5. Total Stock,0.0,0.0,0.0,0.0,0.0,0.0,0.0,0.0,0.0,0.0,0.0,0.0,0.0
West Jaintia Hills,16.3.11,Stock of ORS (New WHO formulation),1. Balance From Previous Month,0.0,,,0.0,0.0,0.0,,0.0,0.0,,,,0.0
West Jaintia Hills,16.3.11,Stock of ORS (New WHO formulation),2. Stocks Received,0.0,,,0.0,0.0,0.0,,0.0,0.0,,,,0.0
West Jaintia Hills,16.3.11,Stock of ORS (New WHO formulation),3. Unusable Stock,0.0,,,0.0,0.0,0.0,,0.0,0.0,,,,0.0
West Jaintia Hills,16.3.11,Stock of ORS (New WHO formulation),4. Stock Distributed,0.0,,,0.0,0.0,0.0,,0.0,0.0,,,,0.0
West Jaintia Hills,16.3.11,Stock of ORS (New WHO formulation),5. Total Stock,0.0,0.0,0.0,0.0,0.0,0.0,0.0,0.0,0.0,0.0,0.0,0.0,0.0
West Jaintia Hills,16.4.1,Stock Position of 0.1 ml Syringes(AD),1. Balance From Previous Month,285.0,,,975.0,0.0,1370.0,1600.0,2354.0,1000.0,,1616.0,318.0,9518.0
West Jaintia Hills,16.4.1,Stock Position of 0.1 ml Syringes(AD),2. Stocks Received,3000.0,,,0.0,3000.0,3000.0,2000.0,0.0,0.0,2000.0,,2000.0,15000.0
West Jaintia Hills,16.4.1,Stock Position of 0.1 ml Syringes(AD),3. Unusable Stock,0.0,,,0.0,0.0,,,,,,,,0.0
West Jaintia Hills,16.4.1,Stock Position of 0.1 ml Syringes(AD),4. Stock Distributed,1543.0,,,975.0,1630.0,2770.0,1246.0,1354.0,1000.0,384.0,1298.0,1271.0,13471.0
West Jaintia Hills,16.4.1,Stock Position of 0.1 ml Syringes(AD),5. Total Stock,1742.0,0.0,0.0,0.0,1370.0,1600.0,2354.0,1000.0,0.0,1616.0,318.0,1047.0,11047.0
West Jaintia Hills,16.4.2,Stock Position of 0.5 ml Syringes(AD),1. Balance From Previous Month,31165.0,,,5514.0,0.0,3400.0,2800.0,9800.0,2500.0,,38400.0,27400.0,120979.0
West Jaintia Hills,16.4.2,Stock Position of 0.5 ml Syringes(AD),2. Stocks Received,0.0,,,0.0,12000.0,12000.0,15000.0,0.0,0.0,51000.0,,20000.0,110000.0
West Jaintia Hills,16.4.2,Stock Position of 0.5 ml Syringes(AD),3. Unusable Stock,0.0,,,0.0,0.0,,,,,,,,0.0
West Jaintia Hills,16.4.2,Stock Position of 0.5 ml Syringes(AD),4. Stock Distributed,16200.0,,,5514.0,8600.0,12600.0,8000.0,7300.0,2500.0,12600.0,11000.0,15620.0,99934.0
West Jaintia Hills,16.4.2,Stock Position of 0.5 ml Syringes(AD),5. Total Stock,14965.0,0.0,0.0,0.0,3400.0,2800.0,9800.0,2500.0,0.0,38400.0,27400.0,31780.0,131045.0
West Jaintia Hills,16.4.3,Stock Position of 5.0 ml Syringes(Disposable),1. Balance From Previous Month,1568.0,,,1397.0,1087.0,467.0,767.0,75.0,0.0,,1300.0,2125.0,8786.0
West Jaintia Hills,16.4.3,Stock Position of 5.0 ml Syringes(Disposable),2. Stocks Received,0.0,,,0.0,0.0,1000.0,0.0,0.0,0.0,2000.0,1500.0,0.0,4500.0
West Jaintia Hills,16.4.3,Stock Position of 5.0 ml Syringes(Disposable),3. Unusable Stock,0.0,,,0.0,0.0,,,,,,,,0.0
West Jaintia Hills,16.4.3,Stock Position of 5.0 ml Syringes(Disposable),4. Stock Distributed,526.0,,,310.0,620.0,700.0,692.0,75.0,0.0,700.0,675.0,1200.0,5498.0
West Jaintia Hills,16.4.3,Stock Position of 5.0 ml Syringes(Disposable),5. Total Stock,1042.0,0.0,0.0,1087.0,467.0,767.0,75.0,0.0,0.0,1300.0,2125.0,925.0,7788.0
West Jaintia Hills,17.1,Number of cases of Infant deaths within 24 hrs of birth,TOTAL,2.0,,4.0,3.0,2.0,4.0,2.0,4.0,4.0,2.0,9.0,2.0,38.0
West Jaintia Hills,17.2.1,Number of cases of Infant deaths 24 hours to 4 weeks of birth with the probable cause being Sepsis,1. Up to 1 Weeks of Birth,4.0,8.0,3.0,4.0,2.0,,,3.0,1.0,3.0,3.0,1.0,32.0
West Jaintia Hills,17.2.1,Number of cases of Infant deaths 24 hours to 4 weeks of birth with the probable cause being Sepsis,2. Between 1 week & 4 weeks of birth,,1.0,,,,,,,1.0,,,,2.0
West Jaintia Hills,17.2.1,Number of cases of Infant deaths 24 hours to 4 weeks of birth with the probable cause being Sepsis,3. Total,4.0,9.0,3.0,4.0,2.0,,,3.0,2.0,3.0,3.0,1.0,34.0
West Jaintia Hills,17.2.2,Number of cases of Infant deaths 24 hours to 4 weeks of birth with the probable cause being Asphyxia,1. Up to 1 Weeks of Birth,,6.0,4.0,3.0,1.0,5.0,2.0,8.0,1.0,7.0,3.0,5.0,45.0
West Jaintia Hills,17.2.2,Number of cases of Infant deaths 24 hours to 4 weeks of birth with the probable cause being Asphyxia,2. Between 1 week & 4 weeks of birth,,,,,,,,,,,,,
West Jaintia Hills,17.2.2,Number of cases of Infant deaths 24 hours to 4 weeks of birth with the probable cause being Asphyxia,3. Total,,6.0,4.0,3.0,1.0,5.0,2.0,8.0,1.0,7.0,3.0,5.0,45.0
West Jaintia Hills,17.2.3,Number of cases of Infant deaths 24 hours to 4 weeks of birth with the probable cause being LBW,1. Up to 1 Weeks of Birth,,2.0,2.0,3.0,8.0,1.0,3.0,13.0,3.0,2.0,2.0,2.0,41.0
West Jaintia Hills,17.2.3,Number of cases of Infant deaths 24 hours to 4 weeks of birth with the probable cause being LBW,2. Between 1 week & 4 weeks of birth,,,,,,,,,,1.0,,,1.0
West Jaintia Hills,17.2.3,Number of cases of Infant deaths 24 hours to 4 weeks of birth with the probable cause being LBW,3. Total,,2.0,2.0,3.0,8.0,1.0,3.0,13.0,3.0,3.0,2.0,2.0,42.0
West Jaintia Hills,17.2.4,"Number of cases of Infant deaths 24 hours to 4 weeks of birth with the probable cause being other than Sepsis, Asphyxia and LBW",1. Up to 1 Weeks of Birth,1.0,6.0,2.0,4.0,4.0,1.0,5.0,1.0,6.0,3.0,1.0,3.0,37.0
West Jaintia Hills,17.2.4,"Number of cases of Infant deaths 24 hours to 4 weeks of birth with the probable cause being other than Sepsis, Asphyxia and LBW",2. Between 1 week & 4 weeks of birth,,,,,,,,,,,1.0,,1.0
West Jaintia Hills,17.2.4,"Number of cases of Infant deaths 24 hours to 4 weeks of birth with the probable cause being other than Sepsis, Asphyxia and LBW",3. Total,1.0,6.0,2.0,4.0,4.0,1.0,5.0,1.0,6.0,3.0,2.0,3.0,38.0
West Jaintia Hills,17.3.1,Number of cases of Infant or Child deaths between 1 month to 5 years of age with the probable cause being Pneumonia,1. Between 1 month and 11 months,,4.0,,5.0,3.0,3.0,1.0,5.0,2.0,2.0,,3.0,28.0
West Jaintia Hills,17.3.1,Number of cases of Infant or Child deaths between 1 month to 5 years of age with the probable cause being Pneumonia,2. Between 1 year & 5 years,1.0,3.0,3.0,,,2.0,1.0,,,,,,10.0
West Jaintia Hills,17.3.1,Number of cases of Infant or Child deaths between 1 month to 5 years of age with the probable cause being Pneumonia,3. Total,1.0,7.0,3.0,5.0,3.0,5.0,2.0,5.0,2.0,2.0,,3.0,38.0
West Jaintia Hills,17.3.2,Number of cases of Infant or Child deaths between 1 month to 5 years of age with the probable cause being Diarrhoea,1. Between 1 month and 11 months,1.0,2.0,,1.0,2.0,,,3.0,6.0,2.0,4.0,1.0,22.0
West Jaintia Hills,17.3.2,Number of cases of Infant or Child deaths between 1 month to 5 years of age with the probable cause being Diarrhoea,2. Between 1 year & 5 years,,,,,2.0,1.0,,,1.0,,,1.0,5.0
West Jaintia Hills,17.3.2,Number of cases of Infant or Child deaths between 1 month to 5 years of age with the probable cause being Diarrhoea,3. Total,1.0,2.0,,1.0,4.0,1.0,,3.0,7.0,2.0,4.0,2.0,27.0
West Jaintia Hills,17.3.3,Number of cases of Infant or Child deaths between 1 month to 5 years of age with the probable cause being Fever related,1. Between 1 month and 11 months,,1.0,1.0,,2.0,1.0,,,,1.0,,,6.0
West Jaintia Hills,17.3.3,Number of cases of Infant or Child deaths between 1 month to 5 years of age with the probable cause being Fever related,2. Between 1 year & 5 years,1.0,,,,,1.0,1.0,,1.0,,,1.0,5.0
West Jaintia Hills,17.3.3,Number of cases of Infant or Child deaths between 1 month to 5 years of age with the probable cause being Fever related,3. Total,1.0,1.0,1.0,,2.0,2.0,1.0,,1.0,1.0,,1.0,11.0
West Jaintia Hills,17.3.4,Number of cases of Infant or Child deaths between 1 month to 5 years of age with the probable cause being Measles,1. Between 1 month and 11 months,,,,,,,,,,,,,
West Jaintia Hills,17.3.4,Number of cases of Infant or Child deaths between 1 month to 5 years of age with the probable cause being Measles,2. Between 1 year & 5 years,,,,,,,,,,,,,
West Jaintia Hills,17.3.4,Number of cases of Infant or Child deaths between 1 month to 5 years of age with the probable cause being Measles,3. Total,,,,,,,,,,,,,
West Jaintia Hills,17.3.5,"Number of cases of Infant or Child deaths between 1 month to 5 years of age with the probable cause being other than Pneumonia, Diarrhoea, Fever related and Measles",1. Between 1 month and 11 months,5.0,6.0,3.0,5.0,4.0,5.0,1.0,3.0,10.0,7.0,3.0,3.0,55.0
West Jaintia Hills,17.3.5,"Number of cases of Infant or Child deaths between 1 month to 5 years of age with the probable cause being other than Pneumonia, Diarrhoea, Fever related and Measles",2. Between 1 year & 5 years,8.0,2.0,4.0,6.0,5.0,10.0,2.0,2.0,3.0,9.0,1.0,3.0,55.0
West Jaintia Hills,17.3.5,"Number of cases of Infant or Child deaths between 1 month to 5 years of age with the probable cause being other than Pneumonia, Diarrhoea, Fever related and Measles",3. Total,13.0,8.0,7.0,11.0,9.0,15.0,3.0,5.0,13.0,16.0,4.0,6.0,110.0
West Jaintia Hills,17.4.1,Number of cases of Adolescent or Adult deaths (age 6 years & above) with the probable cause being Diarrhoeal diseases,1. 6-14 yrs,,1.0,,,,,,,,1.0,,,2.0
West Jaintia Hills,17.4.1,Number of cases of Adolescent or Adult deaths (age 6 years & above) with the probable cause being Diarrhoeal diseases,2. 15-55 yrs.,,,,,,,,1.0,,,,,1.0
West Jaintia Hills,17.4.1,Number of cases of Adolescent or Adult deaths (age 6 years & above) with the probable cause being Diarrhoeal diseases,3. Above 55 yrs.,,,,1.0,,,1.0,1.0,1.0,,2.0,,6.0
West Jaintia Hills,17.4.1,Number of cases of Adolescent or Adult deaths (age 6 years & above) with the probable cause being Diarrhoeal diseases,4. Total,,1.0,,1.0,,,1.0,2.0,1.0,1.0,2.0,,9.0
West Jaintia Hills,17.4.2,Number of cases of Adolescent or Adult deaths (age 6 years & above) with the probable cause being Tuberculosis,1. 6-14 yrs,,,,,,,,,,,,,
West Jaintia Hills,17.4.2,Number of cases of Adolescent or Adult deaths (age 6 years & above) with the probable cause being Tuberculosis,2. 15-55 yrs.,2.0,1.0,3.0,5.0,2.0,2.0,1.0,5.0,,1.0,2.0,3.0,27.0
West Jaintia Hills,17.4.2,Number of cases of Adolescent or Adult deaths (age 6 years & above) with the probable cause being Tuberculosis,3. Above 55 yrs.,,,,1.0,,,,,,,1.0,1.0,3.0
West Jaintia Hills,17.4.2,Number of cases of Adolescent or Adult deaths (age 6 years & above) with the probable cause being Tuberculosis,4. Total,2.0,1.0,3.0,6.0,2.0,2.0,1.0,5.0,,1.0,3.0,4.0,30.0
West Jaintia Hills,17.4.3,Number of cases of Adolescent or Adult deaths (age 6 years & above) with the probable cause being Respiratory diseases including infections,1. 6-14 yrs,,2.0,,,,,,,,,,,2.0
West Jaintia Hills,17.4.3,Number of cases of Adolescent or Adult deaths (age 6 years & above) with the probable cause being Respiratory diseases including infections,2. 15-55 yrs.,2.0,1.0,2.0,,2.0,2.0,5.0,2.0,,,,4.0,20.0
West Jaintia Hills,17.4.3,Number of cases of Adolescent or Adult deaths (age 6 years & above) with the probable cause being Respiratory diseases including infections,3. Above 55 yrs.,1.0,1.0,1.0,1.0,,,,,,,,,4.0
West Jaintia Hills,17.4.3,Number of cases of Adolescent or Adult deaths (age 6 years & above) with the probable cause being Respiratory diseases including infections,4. Total,3.0,4.0,3.0,1.0,2.0,2.0,5.0,2.0,,,,4.0,26.0
West Jaintia Hills,17.4.4,Number of cases of Adolescent or Adult deaths (age 6 years & above) with the probable cause being Malaria,1. 6-14 yrs,,,,,,,,,,,,,
West Jaintia Hills,17.4.4,Number of cases of Adolescent or Adult deaths (age 6 years & above) with the probable cause being Malaria,2. 15-55 yrs.,,,1.0,,,,,1.0,,,,,2.0
West Jaintia Hills,17.4.4,Number of cases of Adolescent or Adult deaths (age 6 years & above) with the probable cause being Malaria,3. Above 55 yrs.,,,,,,,,,,,,,
West Jaintia Hills,17.4.4,Number of cases of Adolescent or Adult deaths (age 6 years & above) with the probable cause being Malaria,4. Total,,,1.0,,,,,1.0,,,,,2.0
West Jaintia Hills,17.4.5,Number of cases of Adolescent or Adult deaths (age 6 years & above) with the probable cause being other Fever related,1. 6-14 yrs,,,1.0,,,2.0,1.0,1.0,,,,1.0,6.0
West Jaintia Hills,17.4.5,Number of cases of Adolescent or Adult deaths (age 6 years & above) with the probable cause being other Fever related,2. 15-55 yrs.,,1.0,,1.0,1.0,,2.0,2.0,1.0,,4.0,1.0,13.0
West Jaintia Hills,17.4.5,Number of cases of Adolescent or Adult deaths (age 6 years & above) with the probable cause being other Fever related,3. Above 55 yrs.,1.0,1.0,2.0,1.0,1.0,1.0,2.0,,,,1.0,,10.0
West Jaintia Hills,17.4.5,Number of cases of Adolescent or Adult deaths (age 6 years & above) with the probable cause being other Fever related,4. Total,1.0,2.0,3.0,2.0,2.0,3.0,5.0,3.0,1.0,,5.0,2.0,29.0
West Jaintia Hills,17.4.6,Number of cases of Adolescent or Adult deaths (age 6 years & above) with the probable cause being HIV/AIDS,1. 6-14 yrs,,,,,,,,,,,,,
West Jaintia Hills,17.4.6,Number of cases of Adolescent or Adult deaths (age 6 years & above) with the probable cause being HIV/AIDS,2. 15-55 yrs.,,,,1.0,,,,,,,,,1.0
West Jaintia Hills,17.4.6,Number of cases of Adolescent or Adult deaths (age 6 years & above) with the probable cause being HIV/AIDS,3. Above 55 yrs.,,,,,,,,,,,,,
West Jaintia Hills,17.4.6,Number of cases of Adolescent or Adult deaths (age 6 years & above) with the probable cause being HIV/AIDS,4. Total,,,,1.0,,,,,,,,,1.0
West Jaintia Hills,17.4.7,Number of cases of Adolescent or Adult deaths (age 6 years & above) with the probable cause being Heart disease or related to Hypertension,1. 6-14 yrs,,,,,,1.0,1.0,,,,,,2.0
West Jaintia Hills,17.4.7,Number of cases of Adolescent or Adult deaths (age 6 years & above) with the probable cause being Heart disease or related to Hypertension,2. 15-55 yrs.,3.0,5.0,1.0,4.0,6.0,6.0,2.0,3.0,,2.0,2.0,3.0,37.0
West Jaintia Hills,17.4.7,Number of cases of Adolescent or Adult deaths (age 6 years & above) with the probable cause being Heart disease or related to Hypertension,3. Above 55 yrs.,4.0,3.0,3.0,3.0,5.0,3.0,2.0,2.0,1.0,2.0,8.0,,36.0
West Jaintia Hills,17.4.7,Number of cases of Adolescent or Adult deaths (age 6 years & above) with the probable cause being Heart disease or related to Hypertension,4. Total,7.0,8.0,4.0,7.0,11.0,10.0,5.0,5.0,1.0,4.0,10.0,3.0,75.0
West Jaintia Hills,17.4.8,Number of cases of Adolescent or Adult deaths (age 6 years & above) with the probable cause being Neurological disease including strokes,1. 6-14 yrs,,,,,,,,,,1.0,,,1.0
West Jaintia Hills,17.4.8,Number of cases of Adolescent or Adult deaths (age 6 years & above) with the probable cause being Neurological disease including strokes,2. 15-55 yrs.,3.0,2.0,3.0,,1.0,1.0,,,1.0,,,2.0,13.0
West Jaintia Hills,17.4.8,Number of cases of Adolescent or Adult deaths (age 6 years & above) with the probable cause being Neurological disease including strokes,3. Above 55 yrs.,,2.0,6.0,4.0,2.0,1.0,2.0,2.0,,1.0,2.0,1.0,23.0
West Jaintia Hills,17.4.8,Number of cases of Adolescent or Adult deaths (age 6 years & above) with the probable cause being Neurological disease including strokes,4. Total,3.0,4.0,9.0,4.0,3.0,2.0,2.0,2.0,1.0,2.0,2.0,3.0,37.0
West Jaintia Hills,17.4.9(a),Number of cases of Maternal deaths (age 15-49 years) with the probable cause being Abortion,1. 6-14 yrs,,,,,,,,,,,,,
West Jaintia Hills,17.4.9(a),Number of cases of Maternal deaths (age 15-49 years) with the probable cause being Abortion,2. 15-49 yrs,,,,,,,,,,,,,
West Jaintia Hills,17.4.9(a),Number of cases of Maternal deaths (age 15-49 years) with the probable cause being Abortion,3. Above 49 yrs.,,,,,,,,,,,,,
West Jaintia Hills,17.4.9(a),Number of cases of Maternal deaths (age 15-49 years) with the probable cause being Abortion,4. Total,,,,,,,,,,,,,
West Jaintia Hills,17.4.9(b),Number of cases of Maternal deaths (age 15-49 years) with the probable cause being Obstructed or prolonged labour,1. 6-14 yrs,,,,,,,,,,,,,
West Jaintia Hills,17.4.9(b),Number of cases of Maternal deaths (age 15-49 years) with the probable cause being Obstructed or prolonged labour,2. 15-49 yrs,,1.0,,,,,,,,,,,1.0
West Jaintia Hills,17.4.9(b),Number of cases of Maternal deaths (age 15-49 years) with the probable cause being Obstructed or prolonged labour,3. Above 49 yrs.,,,,,,,,,,,,,
West Jaintia Hills,17.4.9(b),Number of cases of Maternal deaths (age 15-49 years) with the probable cause being Obstructed or prolonged labour,4. Total,,1.0,,,,,,,,,,,1.0
West Jaintia Hills,17.4.9(c),Number of cases of Maternal deaths (age 15-49 years) with the probable cause being Severe hypertesnion or fits,1. 6-14 yrs,,,,,,,,,,,,,
West Jaintia Hills,17.4.9(c),Number of cases of Maternal deaths (age 15-49 years) with the probable cause being Severe hypertesnion or fits,2. 15-49 yrs,1.0,,,,,,,3.0,,,,,4.0
West Jaintia Hills,17.4.9(c),Number of cases of Maternal deaths (age 15-49 years) with the probable cause being Severe hypertesnion or fits,3. Above 49 yrs.,,,,,,,,,,,,,
West Jaintia Hills,17.4.9(c),Number of cases of Maternal deaths (age 15-49 years) with the probable cause being Severe hypertesnion or fits,4. Total,1.0,,,,,,,3.0,,,,,4.0
West Jaintia Hills,17.4.9(d),Number of cases of Maternal deaths (age 15-49 years) with the probable cause being Bleeding,1. 6-14 yrs,,,,,,,,,,,,,
West Jaintia Hills,17.4.9(d),Number of cases of Maternal deaths (age 15-49 years) with the probable cause being Bleeding,2. 15-49 yrs,5.0,2.0,1.0,,1.0,,,1.0,,1.0,,2.0,13.0
West Jaintia Hills,17.4.9(d),Number of cases of Maternal deaths (age 15-49 years) with the probable cause being Bleeding,3. Above 49 yrs.,,,,,,,,,,,,,
West Jaintia Hills,17.4.9(d),Number of cases of Maternal deaths (age 15-49 years) with the probable cause being Bleeding,4. Total,5.0,2.0,1.0,,1.0,,,1.0,,1.0,,2.0,13.0
West Jaintia Hills,17.4.9(e),Number of cases of Maternal deaths (age 15-49 years) with the probable cause being High Fever,1. 6-14 yrs,,,,,,,,,,,,,
West Jaintia Hills,17.4.9(e),Number of cases of Maternal deaths (age 15-49 years) with the probable cause being High Fever,2. 15-49 yrs,,,,,,,,,,,,,
West Jaintia Hills,17.4.9(e),Number of cases of Maternal deaths (age 15-49 years) with the probable cause being High Fever,3. Above 49 yrs.,,,,,,,,,,,,,
West Jaintia Hills,17.4.9(e),Number of cases of Maternal deaths (age 15-49 years) with the probable cause being High Fever,4. Total,,,,,,,,,,,,,
West Jaintia Hills,17.4.9(f),Number of cases of Maternal deaths (age 15-49 years) with the probable cause being other causes (excluding abortion; obstructed or prolonged labour; severe hypertension or fits;,1. 6-14 yrs,,,,,,,,,,,,,
West Jaintia Hills,17.4.9(f),Number of cases of Maternal deaths (age 15-49 years) with the probable cause being other causes (excluding abortion; obstructed or prolonged labour; severe hypertension or fits;,2. 15-49 yrs,,,2.0,,3.0,,1.0,1.0,3.0,,2.0,1.0,13.0
West Jaintia Hills,17.4.9(f),Number of cases of Maternal deaths (age 15-49 years) with the probable cause being other causes (excluding abortion; obstructed or prolonged labour; severe hypertension or fits;,3. Above 49 yrs.,,,,,,,,,,,,,
West Jaintia Hills,17.4.9(f),Number of cases of Maternal deaths (age 15-49 years) with the probable cause being other causes (excluding abortion; obstructed or prolonged labour; severe hypertension or fits;,4. Total,,,2.0,,3.0,,1.0,1.0,3.0,,2.0,1.0,13.0
West Jaintia Hills,17.4.10,Number of cases of Adolescent or Adult deaths (age 6 years & above) with the probable cause being Trauma or Accidents or Burn cases,1. 6-14 yrs,,1.0,6.0,1.0,1.0,,,1.0,,1.0,1.0,,12.0
West Jaintia Hills,17.4.10,Number of cases of Adolescent or Adult deaths (age 6 years & above) with the probable cause being Trauma or Accidents or Burn cases,2. 15-55 yrs.,6.0,5.0,8.0,6.0,4.0,1.0,3.0,3.0,8.0,5.0,8.0,9.0,66.0
West Jaintia Hills,17.4.10,Number of cases of Adolescent or Adult deaths (age 6 years & above) with the probable cause being Trauma or Accidents or Burn cases,3. Above 55 yrs.,,2.0,1.0,1.0,1.0,4.0,2.0,,,,2.0,3.0,16.0
West Jaintia Hills,17.4.10,Number of cases of Adolescent or Adult deaths (age 6 years & above) with the probable cause being Trauma or Accidents or Burn cases,4. Total,6.0,8.0,15.0,8.0,6.0,5.0,5.0,4.0,8.0,6.0,11.0,12.0,94.0
West Jaintia Hills,17.4.11,Number of cases of Adolescent or Adult deaths (age 6 years & above) with the probable cause being suicide,1. 6-14 yrs,,,,,,,,,,,,,
West Jaintia Hills,17.4.11,Number of cases of Adolescent or Adult deaths (age 6 years & above) with the probable cause being suicide,2. 15-55 yrs.,1.0,,1.0,4.0,5.0,1.0,3.0,2.0,2.0,1.0,2.0,2.0,24.0
West Jaintia Hills,17.4.11,Number of cases of Adolescent or Adult deaths (age 6 years & above) with the probable cause being suicide,3. Above 55 yrs.,,,,,,,,,,,,,
West Jaintia Hills,17.4.11,Number of cases of Adolescent or Adult deaths (age 6 years & above) with the probable cause being suicide,4. Total,1.0,,1.0,4.0,5.0,1.0,3.0,2.0,2.0,1.0,2.0,2.0,24.0
West Jaintia Hills,17.4.12,Number of cases of Adolescent or Adult deaths (age 6 years & above) with the probable cause being Animal bites and stings,1. 6-14 yrs,,,,1.0,,,,,,,,,1.0
West Jaintia Hills,17.4.12,Number of cases of Adolescent or Adult deaths (age 6 years & above) with the probable cause being Animal bites and stings,2. 15-55 yrs.,,,,,,,,,,,,2.0,2.0
West Jaintia Hills,17.4.12,Number of cases of Adolescent or Adult deaths (age 6 years & above) with the probable cause being Animal bites and stings,3. Above 55 yrs.,,,,,,,,,,,,,
West Jaintia Hills,17.4.12,Number of cases of Adolescent or Adult deaths (age 6 years & above) with the probable cause being Animal bites and stings,4. Total,,,,1.0,,,,,,,,2.0,3.0
West Jaintia Hills,17.4.13(a),Number of cases of Adolescent or Adult deaths (age 6 years & above) with the probable cause being Known Acute disease,1. 6-14 yrs,,,,1.0,,,,1.0,,,,1.0,3.0
West Jaintia Hills,17.4.13(a),Number of cases of Adolescent or Adult deaths (age 6 years & above) with the probable cause being Known Acute disease,2. 15-55 yrs.,,1.0,1.0,1.0,4.0,3.0,2.0,6.0,1.0,3.0,,2.0,24.0
West Jaintia Hills,17.4.13(a),Number of cases of Adolescent or Adult deaths (age 6 years & above) with the probable cause being Known Acute disease,3. Above 55 yrs.,1.0,1.0,1.0,,1.0,3.0,1.0,,1.0,2.0,1.0,1.0,13.0
West Jaintia Hills,17.4.13(a),Number of cases of Adolescent or Adult deaths (age 6 years & above) with the probable cause being Known Acute disease,4. Total,1.0,2.0,2.0,2.0,5.0,6.0,3.0,7.0,2.0,5.0,1.0,4.0,40.0
West Jaintia Hills,17.4.13(b),Number of cases of Adolescent or Adult deaths (age 6 years & above) with the probable cause being Known Chronic disease,1. 6-14 yrs,,,1.0,,2.0,,,,1.0,2.0,2.0,,8.0
West Jaintia Hills,17.4.13(b),Number of cases of Adolescent or Adult deaths (age 6 years & above) with the probable cause being Known Chronic disease,2. 15-55 yrs.,13.0,11.0,16.0,9.0,6.0,10.0,15.0,17.0,12.0,15.0,13.0,12.0,149.0
West Jaintia Hills,17.4.13(b),Number of cases of Adolescent or Adult deaths (age 6 years & above) with the probable cause being Known Chronic disease,3. Above 55 yrs.,16.0,21.0,19.0,9.0,15.0,11.0,24.0,19.0,18.0,17.0,17.0,21.0,207.0
West Jaintia Hills,17.4.13(b),Number of cases of Adolescent or Adult deaths (age 6 years & above) with the probable cause being Known Chronic disease,4. Total,29.0,32.0,36.0,18.0,23.0,21.0,39.0,36.0,31.0,34.0,32.0,33.0,364.0
West Jaintia Hills,17.4.13(c),Number of cases of Adolescent or Adult deaths (age 6 years & above) where the cause was not known,1. 6-14 yrs,1.0,3.0,4.0,5.0,1.0,3.0,2.0,,,,2.0,4.0,25.0
West Jaintia Hills,17.4.13(c),Number of cases of Adolescent or Adult deaths (age 6 years & above) where the cause was not known,2. 15-55 yrs.,22.0,19.0,15.0,13.0,8.0,14.0,12.0,12.0,7.0,18.0,15.0,14.0,169.0
West Jaintia Hills,17.4.13(c),Number of cases of Adolescent or Adult deaths (age 6 years & above) where the cause was not known,3. Above 55 yrs.,12.0,20.0,24.0,22.0,24.0,17.0,13.0,17.0,10.0,26.0,8.0,19.0,212.0
West Jaintia Hills,17.4.13(c),Number of cases of Adolescent or Adult deaths (age 6 years & above) where the cause was not known,4. Total,35.0,42.0,43.0,40.0,33.0,34.0,27.0,29.0,17.0,44.0,25.0,37.0,406.0
West Khasi Hills,1.1,Total number of pregnant women Registered for ANC,TOTAL,1349.0,1305.0,1235.0,1396.0,1637.0,1538.0,1188.0,1037.0,1059.0,1219.0,1455.0,1273.0,15691.0
West Khasi Hills,1.1.1,Of which Number registered within first trimester (within 12 weeks),TOTAL,429.0,454.0,386.0,442.0,659.0,601.0,445.0,312.0,284.0,283.0,598.0,344.0,5237.0
West Khasi Hills,1.2,Number of Pregnant women registered under JSY,TOTAL,442.0,430.0,462.0,891.0,828.0,856.0,684.0,653.0,647.0,754.0,703.0,773.0,8123.0
West Khasi Hills,1.3,Number of pregnant women received 3 ANC check ups during pregnancy,TOTAL,533.0,745.0,587.0,727.0,940.0,861.0,673.0,581.0,533.0,667.0,629.0,604.0,8080.0
West Khasi Hills,1.4.1,Number of pregnant women given TT1 during current pregnancy,TOTAL,531.0,606.0,565.0,576.0,671.0,647.0,508.0,475.0,490.0,548.0,465.0,540.0,6622.0
West Khasi Hills,1.4.2,Number of pregnant women given TT2 or Booster during current pregnancy,TOTAL,821.0,863.0,850.0,884.0,1050.0,994.0,796.0,780.0,703.0,893.0,768.0,832.0,10234.0
West Khasi Hills,1.5,Total number of pregnant women given 100 IFA tablets,TOTAL,471.0,506.0,474.0,642.0,822.0,700.0,460.0,358.0,291.0,335.0,346.0,309.0,5714.0
West Khasi Hills,1.6.1,Number of new cases of Hypertension (BP>140/90) detected in Pregnant women at the institution,TOTAL,35.0,26.0,29.0,23.0,35.0,37.0,46.0,26.0,21.0,29.0,15.0,31.0,353.0
West Khasi Hills,1.6.2,Number of Eclampsia cases managed during delivery,TOTAL,7.0,1.0,9.0,1.0,7.0,1.0,2.0,1.0,0.0,1.0,3.0,3.0,36.0
West Khasi Hills,1.7.1,Number of Pregnant women with anaemia i.e. Hb level<11 (tested cases),TOTAL,414.0,457.0,392.0,394.0,470.0,501.0,473.0,393.0,304.0,350.0,318.0,450.0,4916.0
West Khasi Hills,1.7.2,Number of Pregnant women having severe anaemia (Hb<7) treated at institution,TOTAL,13.0,27.0,31.0,24.0,16.0,16.0,20.0,22.0,11.0,39.0,4.0,5.0,228.0
West Khasi Hills,1.8,Number of pregnancy test kits used at SC level,TOTAL,,,,,,,,0.0,0.0,0.0,0.0,0.0,0.0
West Khasi Hills,2.1.1.a,Number of deliveries conducted at Home and attended by trained SBA(i.e. Doctor or Nurse or ANM),TOTAL,56.0,56.0,41.0,27.0,24.0,43.0,30.0,22.0,26.0,25.0,17.0,28.0,395.0
West Khasi Hills,2.1.1.b,Number of deliveries conducted at Home and attended by non trained SBA (i.e. trained TBA or Relatives etc.),TOTAL,534.0,559.0,473.0,554.0,634.0,674.0,559.0,609.0,504.0,658.0,599.0,662.0,7019.0
West Khasi Hills,2.1.1.c,Total number of deliveries conducted at Home and attended by trained or non-trained SBA (i.e. sum of 2.1.1.a and 2.1.1.b),TOTAL,590.0,615.0,514.0,581.0,658.0,717.0,589.0,631.0,530.0,683.0,616.0,690.0,7414.0
West Khasi Hills,2.1.2,Number of newborns visited within 24 hours of delivery for deliveries conducted at home,TOTAL,241.0,259.0,175.0,234.0,213.0,275.0,210.0,217.0,185.0,225.0,212.0,205.0,2651.0
West Khasi Hills,2.1.3,Number of mothers paid JSY incentive for deliveries conducted at home,TOTAL,102.0,134.0,132.0,71.0,160.0,122.0,57.0,76.0,84.0,132.0,100.0,95.0,1265.0
West Khasi Hills,2.2,Deliveries conducted at Public Institutions (Including C-Sections),TOTAL,218.0,225.0,226.0,212.0,261.0,286.0,270.0,251.0,225.0,255.0,259.0,291.0,2979.0
West Khasi Hills,2.2.1,"Out of 2.2, Number discharged under 48 hours of delivery",TOTAL,71.0,78.0,68.0,67.0,66.0,71.0,94.0,77.0,88.0,83.0,99.0,91.0,953.0
West Khasi Hills,2.2.2.a,Number of mothers paid JSY Incentive for deliveries conducted at Public Institutions,TOTAL,97.0,98.0,101.0,143.0,192.0,220.0,90.0,159.0,93.0,58.0,305.0,201.0,1757.0
West Khasi Hills,2.2.2.b,Number of ASHAs paid JSY Incentive for deliveries conducted at Public Institutions,TOTAL,45.0,33.0,29.0,37.0,51.0,53.0,13.0,48.0,30.0,7.0,39.0,55.0,440.0
West Khasi Hills,2.2.2.c,Number of cases of deliveries conducted at Public Institutions where JSY incentive was paid to ANMs or AWWs [only for High Performing States (HPS)],TOTAL,0.0,0.0,0.0,0.0,0.0,0.0,0.0,0.0,0.0,0.0,0.0,0.0,0.0
West Khasi Hills,2.3,Deliveries conducted at Private Institutions (Including C-Sections),TOTAL,39.0,31.0,37.0,38.0,32.0,37.0,36.0,32.0,27.0,24.0,32.0,38.0,403.0
West Khasi Hills,2.3.1.a,Number of mothers paid JSY Incentive for deliveries conducted at accredited Private Institutions,TOTAL,16.0,17.0,8.0,14.0,7.0,18.0,19.0,18.0,14.0,12.0,33.0,39.0,215.0
West Khasi Hills,2.3.1.b,Number of ASHAs paid JSY Incentive for deliveries conducted at accredited Private Institutions,TOTAL,,,,,,,,,,,,,
West Khasi Hills,2.3.1.c,Number of cases of deliveries conducted at accredited Private Institutions where JSY incentive was paid to ANMs or AWWs [only for High Performing States (HPS)],TOTAL,,,,,,,,,,,,,
West Khasi Hills,3.1.1,Number of Caesarean (C-Section) deliveries performed at PHCs (Primary Health Centre),TOTAL,,,,0.0,,,,,,,,,0.0
West Khasi Hills,3.1.2,Number of Caesarean (C-Section) deliveries performed at CHCs (Community Health Centre),TOTAL,,,,,,,,,,,,,
West Khasi Hills,3.1.3,Number of Caesarean (C-Section) deliveries performed at SDHs (Sub-divisional Hospital) or DHs (District Hospital),TOTAL,0.0,0.0,0.0,0.0,1.0,2.0,3.0,5.0,1.0,3.0,1.0,0.0,16.0
West Khasi Hills,3.1.4,Number of Caesarean (C-Section) deliveries performed at other State owned public institutions,TOTAL,,,,,,,,,,,,,
West Khasi Hills,3.1.5,"Total Number of Caesarean (C-Section) deliveries performed at Public facilities i.e. PHC, CHC, SDH, DH and other State owned public institutions (sum of items from 3.1.1 to 3.1.4)",TOTAL,0.0,0.0,0.0,0.0,1.0,2.0,3.0,5.0,1.0,3.0,1.0,0.0,16.0
West Khasi Hills,3.2,No. of C-section deliveries performed at Private facilities,TOTAL,2.0,1.0,2.0,2.0,1.0,0.0,0.0,1.0,0.0,0.0,0.0,1.0,10.0
West Khasi Hills,4.1.1.a,Number of male live births,TOTAL,448.0,433.0,348.0,421.0,457.0,534.0,430.0,459.0,399.0,506.0,444.0,485.0,5364.0
West Khasi Hills,4.1.1.b,Number of female live births,TOTAL,386.0,428.0,416.0,403.0,486.0,494.0,454.0,444.0,366.0,445.0,449.0,523.0,5294.0
West Khasi Hills,4.1.1.c,Total number of male and female live births (4.1.1.a and 4.1.1.b),TOTAL,834.0,861.0,764.0,824.0,943.0,1028.0,884.0,903.0,765.0,951.0,893.0,1008.0,10658.0
West Khasi Hills,4.1.2,Number of still births,TOTAL,19.0,15.0,13.0,10.0,14.0,15.0,12.0,12.0,17.0,11.0,16.0,13.0,167.0
West Khasi Hills,4.1.3,Number of Abortions (spontaneous or induced),TOTAL,18.0,27.0,33.0,26.0,36.0,30.0,37.0,28.0,32.0,26.0,31.0,36.0,360.0
West Khasi Hills,4.2.1,Number of Newborns weighed at birth,TOTAL,607.0,600.0,553.0,591.0,703.0,749.0,666.0,648.0,589.0,737.0,664.0,725.0,7832.0
West Khasi Hills,4.2.2,Number of Newborns having weight less than 2.5 kg,TOTAL,19.0,26.0,21.0,29.0,34.0,55.0,28.0,34.0,43.0,35.0,38.0,36.0,398.0
West Khasi Hills,4.3,Number of Newborns breast fed within 1 hour of birth,TOTAL,574.0,617.0,563.0,638.0,730.0,729.0,648.0,635.0,591.0,705.0,652.0,730.0,7812.0
West Khasi Hills,5.1.1,Number of cases of pregnant women with Obstetric Complications and attended at PHCs,TOTAL,3.0,4.0,2.0,3.0,2.0,0.0,0.0,5.0,0.0,0.0,0.0,0.0,19.0
West Khasi Hills,5.1.2,Number of cases of pregnant women with Obstetric Complications and attended at CHCs,TOTAL,12.0,21.0,11.0,15.0,13.0,15.0,16.0,25.0,14.0,17.0,20.0,17.0,196.0
West Khasi Hills,5.1.3,Number of cases of pregnant women with Obstetric Complications and attended at SDHs or DHs,TOTAL,40.0,24.0,37.0,15.0,49.0,23.0,56.0,63.0,65.0,33.0,36.0,61.0,502.0
West Khasi Hills,5.1.4,Number of cases of pregnant women with Obstetric Complications and attended at other State owned public institutions,TOTAL,,,,,,,,,,,,,
West Khasi Hills,5.1.5,"Number of cases of pregnant women with Obstetric Complications and attended at Public facilities i.e. PHC, CHC, SDH, DH and other State owned public institutions (sum of items from 5.1.1 to 5.1.4)",TOTAL,55.0,49.0,50.0,33.0,64.0,38.0,72.0,93.0,79.0,50.0,56.0,78.0,717.0
West Khasi Hills,5.2,Number of cases of pregnant women with Obstetric Complications and attended at Private facilities,TOTAL,12.0,18.0,19.0,9.0,5.0,12.0,5.0,3.0,5.0,2.0,2.0,4.0,96.0
West Khasi Hills,5.3.1,Number of cases of complicated pregnancies treated with IV antibiotics,TOTAL,31.0,38.0,36.0,19.0,49.0,50.0,47.0,49.0,42.0,23.0,24.0,49.0,457.0
West Khasi Hills,5.3.2,Number of cases of complicated pregnancies treated with IV Antihypertensive/Magsulph injection,TOTAL,1.0,0.0,1.0,1.0,1.0,0.0,2.0,0.0,0.0,1.0,12.0,3.0,22.0
West Khasi Hills,5.3.3,Number of cases of complicated pregnancies treated with IV Oxytocis,TOTAL,17.0,22.0,10.0,6.0,11.0,19.0,17.0,10.0,11.0,5.0,4.0,8.0,140.0
West Khasi Hills,5.3.4,Number of cases of complicated pregnancies treated with Blood Transfusion,TOTAL,0.0,0.0,0.0,2.0,0.0,1.0,1.0,0.0,0.0,0.0,0.0,0.0,4.0
West Khasi Hills,6.1,Women getting post partum check-up within 48 hours after delivery,TOTAL,426.0,483.0,433.0,451.0,533.0,543.0,477.0,475.0,448.0,489.0,433.0,529.0,5720.0
West Khasi Hills,6.2,Women getting a post partum check up between 48 hours and 14 days after delivery,TOTAL,371.0,336.0,361.0,392.0,465.0,470.0,355.0,391.0,390.0,429.0,425.0,519.0,4904.0
West Khasi Hills,6.3,PNC maternal complications attended,TOTAL,21.0,12.0,19.0,24.0,24.0,16.0,120.0,14.0,11.0,21.0,14.0,20.0,316.0
West Khasi Hills,7.1.1,Number of MTPs conducted at Public Institutions up to 12 weeks of pregnancy,TOTAL,1.0,1.0,0.0,0.0,2.0,1.0,0.0,2.0,1.0,2.0,2.0,3.0,15.0
West Khasi Hills,7.1.2,Number of MTPs conducted at Public Institutions for more than 12 weeks of pregnancy,TOTAL,0.0,0.0,0.0,0.0,0.0,0.0,0.0,0.0,0.0,0.0,0.0,0.0,0.0
West Khasi Hills,7.1.3,Total number of MTPs conducted at Public Institutions (sum of items 7.1.1 and 7.1.2),TOTAL,1.0,1.0,0.0,0.0,2.0,1.0,0.0,2.0,1.0,2.0,2.0,3.0,15.0
West Khasi Hills,7.2,Number of MTPs conducted at Private Facilities,TOTAL,0.0,0.0,0.0,0.0,0.0,0.0,0.0,0.0,0.0,0.0,0.0,0.0,0.0
West Khasi Hills,8.1.a,Number of new cases of RTI/STI in males for which treatment was initiated,TOTAL,55.0,15.0,11.0,4.0,16.0,89.0,32.0,18.0,19.0,12.0,15.0,15.0,301.0
West Khasi Hills,8.1.b,Number of new cases of RTI/STI in females for which treatment was initiated,TOTAL,124.0,74.0,89.0,95.0,57.0,198.0,103.0,69.0,56.0,39.0,69.0,65.0,1038.0
West Khasi Hills,8.1.c,Total number of new cases of RTI/STI in males and females for which treatment was initiated (sum of items 8.1.a and 8.1.b),TOTAL,179.0,89.0,100.0,99.0,73.0,287.0,135.0,87.0,75.0,51.0,84.0,80.0,1339.0
West Khasi Hills,8.2,Number of suspected RTI/STI cases for whom wet mount test was conducted,TOTAL,0.0,0.0,0.0,3.0,0.0,3.0,26.0,0.0,0.0,0.0,0.0,0.0,32.0
West Khasi Hills,9.1.1.a,Number of NSV (No Scalpel Vasectomy) or Conventional Vasectomy conducted at PHCs,TOTAL,,,,,,,,,,,,,
West Khasi Hills,9.1.1.b,Number of NSV or Conventional Vasectomy conducted at CHCs,TOTAL,,,,,,,,,,,,,
West Khasi Hills,9.1.1.c,Number of NSV or Conventional Vasectomy conducted at SDHs or DHs,TOTAL,,,,,,,,,,,,,
West Khasi Hills,9.1.1.d,Number of NSV or Conventional Vasectomy conducted at other State owned public institutions,TOTAL,,,,,,,,,,,,,
West Khasi Hills,9.1.1.e,"Total Number of NSV or Conventional Vasectomy conducted at Public facilities i.e. PHC, CHC, SDH, DH and other State owned public institutions (sum of items from 9.1.1.a to 9.1.1.d)",TOTAL,,,,,,,,,,,,,
West Khasi Hills,9.1.2,Number of NSV or Conventional Vasectomy conducted at Private facilities,TOTAL,,,,,,,,,,,,,
West Khasi Hills,9.2.1.a,Number of Laparoscopic sterilizations conducted at PHCs,TOTAL,,,,,,,,,,,,,
West Khasi Hills,9.2.1.b,Number of Laparoscopic sterilizations conducted at CHCs,TOTAL,,,,,,,,,,,,,
West Khasi Hills,9.2.1.c,Number of Laparoscopic sterilizations conducted at SDHs or DHs,TOTAL,,,,,,,,,,,,,
West Khasi Hills,9.2.1.d,Number of Laparoscopic sterilizations conducted at other State owned public institutions,TOTAL,,,,,,,,,,,,,
West Khasi Hills,9.2.1.e,"Total Number of Laparoscopic sterilizations conducted at Public facilities i.e. PHC, CHC, SDH, DH and other State owned public institutions (sum of items from 9.2.1.a to 9.2.1.d)",TOTAL,,,,,,,,,,,,,
West Khasi Hills,9.2.2,Number of Laparoscopic sterilizations conducted at Private facilities,TOTAL,,,,,,,,,,,,,
West Khasi Hills,9.3.1.a,Number of Mini-lap sterilizations conducted at PHCs,TOTAL,,,,,,,,,,,,,
West Khasi Hills,9.3.1.b,Number of Mini-lap sterilizations conducted at CHCs,TOTAL,,,,,,,,,,,,,
West Khasi Hills,9.3.1.c,Number of Mini-lap sterilizations conducted at SDHs or DHs,TOTAL,0.0,0.0,2.0,6.0,2.0,0.0,2.0,3.0,1.0,2.0,2.0,5.0,25.0
West Khasi Hills,9.3.1.d,Number of Mini-lap sterilizations conducted at other State owned public institutions,TOTAL,,,,,,,,,,,,,
West Khasi Hills,9.3.1.e,"Total Number of Mini-lap sterilizations conducted at Public facilities i.e. PHC, CHC, SDH, DH and other State owned public institutions (sum of items from 9.3.1.a to 9.3.1.d)",TOTAL,0.0,0.0,2.0,6.0,2.0,0.0,2.0,3.0,1.0,2.0,2.0,5.0,25.0
West Khasi Hills,9.3.2,Number of Mini-lap sterilizations conducted at Private facilities,TOTAL,,,,,,,,,,,,,
West Khasi Hills,9.4.1.a,Number of Post-Partum sterilizations conducted at PHCs,TOTAL,,,,,,,,,,,,,
West Khasi Hills,9.4.1.b,Number of Post-Partum sterilizations conducted at CHCs,TOTAL,,,,,,,,,,,,,
West Khasi Hills,9.4.1.c,Number of Post-Partum sterilizations conducted at SDHs or DHs,TOTAL,0.0,0.0,0.0,3.0,2.0,2.0,3.0,4.0,1.0,4.0,0.0,0.0,19.0
West Khasi Hills,9.4.1.d,Number of Post-Partum sterilizations conducted at other State owned public institutions,TOTAL,,,,,,,,,,,,,
West Khasi Hills,9.4.1.e,"Total Number of Post-Partum sterilizations conducted at Public facilities i.e. PHC, CHC, SDH, DH and other State owned public institutions (sum of items from 9.4.1.a to 9.4.1.d)",TOTAL,0.0,0.0,0.0,3.0,2.0,2.0,3.0,4.0,1.0,4.0,0.0,0.0,19.0
West Khasi Hills,9.4.2,Number of Post-Partum sterilizations conducted at Private facilities,TOTAL,,,,,,,,,,,,,
West Khasi Hills,9.5.1.a,Number of IUCD Insertions conducted at SCs,TOTAL,0.0,0.0,0.0,0.0,3.0,1.0,0.0,0.0,0.0,0.0,1.0,0.0,5.0
West Khasi Hills,9.5.1.b,Number of IUCD Insertions conducted at PHCs,TOTAL,10.0,5.0,0.0,1.0,0.0,1.0,4.0,5.0,5.0,5.0,1.0,5.0,42.0
West Khasi Hills,9.5.1.c,Number of IUCD Insertions conducted at CHCs,TOTAL,1.0,9.0,0.0,2.0,3.0,5.0,1.0,1.0,4.0,3.0,2.0,4.0,35.0
West Khasi Hills,9.5.1.d,Number of IUCD Insertions conducted at SDHs or DHs,TOTAL,2.0,3.0,4.0,5.0,0.0,0.0,6.0,4.0,5.0,3.0,6.0,4.0,42.0
West Khasi Hills,9.5.1.e,Number of IUCD Insertions conducted at other State owned public institutions,TOTAL,,,,,,,,,,,,,
West Khasi Hills,9.5.1.f,"Total Number of IUCD Insertions conducted at Public facilities i.e. SC, PHC, CHC, SDH, DH and other State owned public institutions (sum of items from 9.5.1.a to 9.5.1.e)",TOTAL,13.0,17.0,4.0,8.0,6.0,7.0,11.0,10.0,14.0,11.0,10.0,13.0,124.0
West Khasi Hills,9.5.1A,"Out of above total, Post Partum (within 48 hours of delivery) IUCD insertions",TOTAL,,,,,,,,,,1.0,0.0,0.0,1.0
West Khasi Hills,9.5.2,Number of IUCD Insertions conducted at Private facilities,TOTAL,,,,,,,,,,,,,
West Khasi Hills,9.06,Number of IUCD removals,TOTAL,2.0,2.0,2.0,11.0,0.0,1.0,1.0,1.0,4.0,3.0,1.0,4.0,32.0
West Khasi Hills,9.07,Number of Oral Pills cycles distributed,TOTAL,424.0,471.0,361.0,868.0,533.0,548.0,620.0,674.0,712.0,509.0,558.0,580.0,6858.0
West Khasi Hills,9.08,Number of Condom pieces distributed,TOTAL,2669.0,3022.0,3009.0,3963.0,3858.0,3520.0,4461.0,3162.0,2828.0,3373.0,3229.0,3133.0,40227.0
West Khasi Hills,9.09,Number of Centchroman (weekly) pills given,TOTAL,0.0,0.0,0.0,0.0,0.0,0.0,0.0,0.0,0.0,0.0,0.0,0.0,0.0
West Khasi Hills,9.10,Number of Emergency Contraceptive Pills distributed,TOTAL,0.0,0.0,0.0,15.0,0.0,1.0,0.0,0.0,0.0,0.0,4.0,2.0,22.0
West Khasi Hills,9.11.1.a,Number of cases of complications following male sterilization,TOTAL,,,,,,,,,,,,,
West Khasi Hills,9.11.1.b,Number of cases of complications following female sterilization,TOTAL,,,,,,,,,,,,,
West Khasi Hills,9.11.2.a,Number of failures following male sterilization,TOTAL,,,,,,,,,,,,,
West Khasi Hills,9.11.2.b,Number of failures following female sterilization,TOTAL,,,,,,,,,,,,,
West Khasi Hills,9.11.3.a,Number of deaths following male sterilization,TOTAL,,,,,,,,,,,,,
West Khasi Hills,9.11.3.b,Number of deaths following female sterilization,TOTAL,,,,,,,,,,,,,
West Khasi Hills,9.12,Number of Institutions having NSV trained doctors,TOTAL,,,,,,,,,,,,,-1.0
West Khasi Hills,10.1.01,Number of Infants (0 to 11 months old)received BCG immunisation,TOTAL,957.0,1207.0,872.0,940.0,1116.0,1123.0,972.0,1140.0,877.0,998.0,1019.0,1193.0,12414.0
West Khasi Hills,10.1.02,Number of Infants (0 to 11 months old) received DPT1 immunisation,TOTAL,1194.0,1347.0,1033.0,1100.0,1207.0,1220.0,937.0,1119.0,1025.0,1149.0,1002.0,1056.0,13389.0
West Khasi Hills,10.1.03,Number of Infants (0 to 11 months old) received DPT2 immunisation,TOTAL,909.0,1262.0,1081.0,1153.0,1123.0,1211.0,856.0,1055.0,889.0,1080.0,1008.0,1057.0,12684.0
West Khasi Hills,10.1.04,Number of Infants (0 to 11 months old) received DPT3 immunisation,TOTAL,914.0,1047.0,977.0,1079.0,1189.0,1223.0,959.0,936.0,785.0,978.0,1008.0,976.0,12071.0
West Khasi Hills,10.1.04A,Number of Infants (0 to 11 months old) received Pentavalent1 immunisation,TOTAL,,,,,,,,0.0,0.0,0.0,0.0,0.0,0.0
West Khasi Hills,10.1.04B,Number of Infants (0 to 11 months old) received Pentavalent2 immunisation,TOTAL,,,,,,,,0.0,0.0,0.0,0.0,0.0,0.0
West Khasi Hills,10.1.04C,Number of Infants (0 to 11 months old) received Pentavalent3 immunisation,TOTAL,,,,,,,,0.0,0.0,0.0,0.0,0.0,0.0
West Khasi Hills,10.1.05,Number of Infants (0 to 11 months old) received OPV 0 (Birth Dose),TOTAL,274.0,257.0,307.0,311.0,361.0,383.0,371.0,349.0,213.0,271.0,241.0,342.0,3680.0
West Khasi Hills,10.1.06,Number of Infants (0 to 11 months old) received OPV1 (First Dose),TOTAL,1194.0,1347.0,1033.0,1100.0,1207.0,1220.0,937.0,1119.0,1025.0,1149.0,1008.0,1056.0,13395.0
West Khasi Hills,10.1.07,Number of Infants (0 to 11 months old) received OPV2 (Second Dose),TOTAL,909.0,1262.0,1071.0,1153.0,1123.0,1211.0,856.0,1053.0,889.0,1080.0,1008.0,1057.0,12672.0
West Khasi Hills,10.1.08,Number of Infants (0 to 11 months old) received OPV3 (Third Dose),TOTAL,914.0,1047.0,977.0,1076.0,1190.0,1223.0,959.0,938.0,785.0,978.0,998.0,976.0,12061.0
West Khasi Hills,10.1.09A,Number of Infants (upto 48 hrs of age) received Hepatitis-B0 immunisation,TOTAL,196.0,210.0,234.0,223.0,287.0,262.0,230.0,226.0,148.0,233.0,215.0,226.0,2690.0
West Khasi Hills,10.1.09,Number of Infants (0 to 11 months old) received Hepatitis-B1 immunisation,TOTAL,1123.0,1216.0,937.0,1018.0,1103.0,1161.0,1003.0,1042.0,915.0,1088.0,959.0,1047.0,12612.0
West Khasi Hills,10.1.10,Number of Infants (0 to 11 months old) received Hepatitis-B2 immunisation,TOTAL,856.0,1104.0,999.0,1092.0,1057.0,1104.0,840.0,946.0,790.0,971.0,896.0,974.0,11629.0
West Khasi Hills,10.1.11,Number of Infants (0 to 11 months old) received Hepatitis-B3 immunisation,TOTAL,779.0,914.0,884.0,947.0,1033.0,1095.0,851.0,853.0,676.0,931.0,842.0,930.0,10735.0
West Khasi Hills,10.1.12,Number of Infants (0 to 11 months old) received Measles immunisation (First Dose),TOTAL,809.0,888.0,759.0,886.0,964.0,1149.0,886.0,993.0,697.0,1008.0,976.0,972.0,10987.0
West Khasi Hills,10.1.12B,Number of Infants (more than 16 months old) received Measles immunisation (Second Dose),TOTAL,318.0,380.0,325.0,294.0,527.0,521.0,389.0,433.0,324.0,452.0,412.0,454.0,4829.0
West Khasi Hills,10.1A,No. of Children aged 9 to 12 months who received JE 1st dose,TOTAL,,,,,,,,,,,,,
West Khasi Hills,10.1.13.a,Total number of male children (9 to 11 months old) fully immunised (BCG+DPT123/Pentavalent123+OPV123+Measles) during the month,TOTAL,364.0,423.0,381.0,457.0,449.0,550.0,417.0,464.0,334.0,503.0,464.0,478.0,5284.0
West Khasi Hills,10.1.13.b,Total number of female children (9 to 11 months old) fully immunised (BCG+DPT123/Pentavalent123+OPV123+Measles) during the month,TOTAL,364.0,379.0,365.0,393.0,462.0,539.0,416.0,498.0,331.0,481.0,442.0,447.0,5117.0
West Khasi Hills,10.1.13.c,Total number of children (9 to 11 months old) fully immunised (BCG+DPT123/Pentavalent123+OPV123+Measles) during the month (sum of items 10.1.13.a and 10.1.13.b),TOTAL,728.0,802.0,746.0,850.0,911.0,1089.0,833.0,962.0,665.0,984.0,906.0,925.0,10401.0
West Khasi Hills,10.2.1,Number of Infants (more than 16 months old) received DPT Booster dose,TOTAL,571.0,818.0,550.0,637.0,874.0,870.0,536.0,683.0,545.0,639.0,674.0,707.0,8104.0
West Khasi Hills,10.2.2,Number of Infants (more than 16 months old) received OPV Booster dose,TOTAL,571.0,818.0,550.0,637.0,874.0,870.0,536.0,683.0,543.0,639.0,674.0,707.0,8102.0
West Khasi Hills,10.2.3,"Number of Infants (more than 16 months old) received Measles, Mumps, Rubella (MMR) Vaccination",TOTAL,0.0,0.0,0.0,0.0,0.0,0.0,0.0,0.0,0.0,0.0,0.0,0.0,0.0
West Khasi Hills,10.3.1.a,Total number of male children (12 to 23 months old) fully immunised (BCG+DPT123/Pentavalent123+OPV123+Measles) during the month,TOTAL,72.0,121.0,104.0,103.0,137.0,139.0,124.0,95.0,70.0,78.0,128.0,94.0,1265.0
West Khasi Hills,10.3.1.b,Total number of female children (12 to 23 months old) fully immunised (BCG+DPT123/Pentavalent123+OPV123+Measles) during the month,TOTAL,72.0,124.0,111.0,100.0,101.0,144.0,96.0,104.0,65.0,64.0,112.0,101.0,1194.0
West Khasi Hills,10.3.1.c,Total number of children (12 to 23 months old) fully immunised (BCG+DPT123+OPV123/Pentavalent123+Measles) during the month (sum of items 10.3.1.a and 10.3.1.b),TOTAL,144.0,245.0,215.0,203.0,238.0,283.0,220.0,199.0,135.0,142.0,240.0,195.0,2459.0
West Khasi Hills,10.3.2,Number of children (more than 5 years old) given DT5,TOTAL,242.0,399.0,291.0,411.0,676.0,411.0,291.0,248.0,262.0,255.0,296.0,255.0,4037.0
West Khasi Hills,10.3.3,Number of children (more than 10 years old) given TT10,TOTAL,254.0,535.0,465.0,873.0,1312.0,527.0,552.0,388.0,188.0,195.0,245.0,337.0,5871.0
West Khasi Hills,10.3.4,Number of children (more than 16 years old) given TT16,TOTAL,171.0,281.0,196.0,283.0,667.0,274.0,251.0,161.0,115.0,154.0,163.0,197.0,2913.0
West Khasi Hills,10.3.5.a,Number of cases of Abscess reported following immunisation [Adverse Event Following Immunisation (AEFI)],TOTAL,1.0,0.0,0.0,0.0,0.0,0.0,0.0,0.0,0.0,1.0,0.0,1.0,3.0
West Khasi Hills,10.3.5.b,Number of cases of Death reported following immunisation [Adverse Event Following Immunisation (AEFI)],TOTAL,0.0,0.0,0.0,0.0,0.0,0.0,0.0,0.0,0.0,0.0,0.0,0.0,0.0
West Khasi Hills,10.3.5.c,Number of cases of other complications reported following immunisation [Adverse Event Following Immunisation (AEFI)],TOTAL,35.0,26.0,7.0,5.0,3.0,10.0,3.0,5.0,3.0,3.0,0.0,3.0,103.0
West Khasi Hills,10.4.1,Number of Immunisation sessions planned to be held during the month,TOTAL,1128.0,1112.0,1100.0,1112.0,1112.0,1116.0,1112.0,1104.0,1100.0,1100.0,1100.0,1112.0,13308.0
West Khasi Hills,10.4.2,Number of Immunisation sessions held during the month,TOTAL,698.0,761.0,715.0,718.0,786.0,797.0,777.0,788.0,703.0,722.0,781.0,789.0,9035.0
West Khasi Hills,10.4.3,Number of Immunisation sessions held during the month where ASHAs were present,TOTAL,497.0,513.0,504.0,474.0,581.0,607.0,571.0,558.0,507.0,507.0,535.0,564.0,6418.0
West Khasi Hills,10.5.1,Number of children (more than 16 months old) received Japanese Encephalitis (JE) vaccination,TOTAL,,0.0,0.0,0.0,0.0,0.0,0.0,0.0,0.0,0.0,0.0,,0.0
West Khasi Hills,11.1.1,Number of children (9 months to 5 years old) administered 1st dose of Vitamin A (Dose-1),TOTAL,271.0,75.0,30.0,8.0,21.0,19.0,10.0,19.0,12.0,23.0,19.0,10.0,517.0
West Khasi Hills,11.1.2,Number of children (9 months to 5 years old) were administered 5th dose of Vitamin A (Dose-5),TOTAL,143.0,20.0,12.0,14.0,7.0,5.0,0.0,8.0,10.0,19.0,12.0,0.0,250.0
West Khasi Hills,11.1.3,Number of children (9 months to 5 years old) administered 9th dose of Vitamin A (Dose-9),TOTAL,90.0,23.0,16.0,0.0,0.0,9.0,0.0,8.0,8.0,8.0,8.0,1.0,171.0
West Khasi Hills,12.1,Number of cases of Diptheria reported in children below 5 years of age,TOTAL,0.0,0.0,0.0,0.0,0.0,0.0,0.0,0.0,0.0,0.0,0.0,0.0,0.0
West Khasi Hills,12.2,Number of cases of Pertusis reported in children below 5 years of age,TOTAL,0.0,0.0,0.0,0.0,0.0,0.0,0.0,0.0,0.0,0.0,0.0,0.0,0.0
West Khasi Hills,12.3,Number of cases of Tetanus neonatarum reported in children below 5 years of age,TOTAL,0.0,0.0,0.0,0.0,0.0,0.0,0.0,0.0,0.0,0.0,0.0,0.0,0.0
West Khasi Hills,12.4,Number of cases of Tetanus other than neonatarum reported in children below 5 years of age,TOTAL,0.0,0.0,0.0,0.0,0.0,0.0,0.0,0.0,0.0,0.0,0.0,0.0,0.0
West Khasi Hills,12.5,Number of cases of Polio reported in children below 5 years of age,TOTAL,0.0,0.0,0.0,0.0,0.0,0.0,0.0,0.0,0.0,0.0,0.0,0.0,0.0
West Khasi Hills,12.6,Number of cases of Measles reported in children below 5 years of age,TOTAL,12.0,5.0,26.0,4.0,1.0,22.0,2.0,1.0,1.0,6.0,8.0,0.0,88.0
West Khasi Hills,12.7,Number of cases of Diarrhoea and Dehydration reported in children below 5 years of age,TOTAL,1292.0,1400.0,1341.0,1471.0,1390.0,1322.0,1321.0,853.0,946.0,1358.0,1758.0,947.0,15399.0
West Khasi Hills,12.8,Number of cases of Malaria reported in children below 5 years of age,TOTAL,35.0,30.0,55.0,69.0,116.0,51.0,117.0,56.0,40.0,3.0,19.0,17.0,608.0
West Khasi Hills,12.9,Number of children below 5 years of age admitted with Respiratory Infections,TOTAL,199.0,228.0,226.0,231.0,258.0,153.0,173.0,96.0,68.0,66.0,55.0,116.0,1869.0
West Khasi Hills,13.1,Number of Patients operated for cataract,TOTAL,0.0,0.0,0.0,0.0,0.0,0.0,0.0,0.0,0.0,0.0,0.0,0.0,0.0
West Khasi Hills,13.2,Number of Intraocular Lens(IOL) implantations,TOTAL,0.0,0.0,0.0,0.0,0.0,0.0,0.0,0.0,0.0,0.0,0.0,0.0,0.0
West Khasi Hills,13.3,Number of School children detected with Refractive errors,TOTAL,3.0,0.0,0.0,5.0,3.0,5.0,5.0,6.0,4.0,7.0,0.0,12.0,50.0
West Khasi Hills,13.4,Number of children provided free glasses,TOTAL,0.0,0.0,0.0,0.0,0.0,0.0,0.0,0.0,0.0,0.0,0.0,0.0,0.0
West Khasi Hills,13.5,Number of eyes collected through eye donation,TOTAL,0.0,0.0,0.0,0.0,0.0,0.0,0.0,0.0,0.0,0.0,0.0,0.0,0.0
West Khasi Hills,13.6,Number of eyes utilised for corneal transplant,TOTAL,0.0,0.0,0.0,0.0,0.0,0.0,0.0,0.0,0.0,0.0,0.0,0.0,0.0
West Khasi Hills,14.01,Number of CHC or SDH or DH functioning as First Referral units (FRUs),TOTAL,1.0,1.0,1.0,1.0,1.0,2.0,1.0,1.0,1.0,1.0,1.0,2.0,-1.0
West Khasi Hills,14.02,Number of PHCs functioning 24X7 with atleast 3 Staff Nurses,TOTAL,7.0,6.0,6.0,6.0,7.0,7.0,6.0,6.0,7.0,6.0,6.0,6.0,-1.0
West Khasi Hills,14.03,Number of Anganwadi centres reported to have conducted VHNDs,TOTAL,256.0,275.0,245.0,256.0,291.0,279.0,288.0,308.0,280.0,310.0,299.0,306.0,-1.0
West Khasi Hills,14.04,Number of facilities having a Rogi Kalyan Samiti (RKS),TOTAL,6.0,4.0,5.0,6.0,6.0,5.0,5.0,5.0,4.0,5.0,5.0,5.0,-1.0
West Khasi Hills,14.05,Number of RKS meetings held during the month,TOTAL,3.0,6.0,1.0,3.0,2.0,5.0,2.0,2.0,2.0,5.0,3.0,6.0,40.0
West Khasi Hills,14.06,Number of facilities having Ambulance services (Assured Referral Services),TOTAL,17.0,16.0,15.0,18.0,22.0,21.0,20.0,20.0,20.0,23.0,22.0,20.0,-1.0
West Khasi Hills,14.07,Total Number of times the Ambulance was used for transporting patients during the month,TOTAL,41.0,31.0,54.0,44.0,74.0,73.0,80.0,76.0,55.0,102.0,97.0,104.0,831.0
West Khasi Hills,14.08,Number of Institutions having Operational Sick New Born and Child Care Units (SNCU),TOTAL,2.0,2.0,2.0,2.0,1.0,1.0,1.0,1.0,1.0,1.0,1.0,1.0,-1.0
West Khasi Hills,14.09,Number of functional Laproscopes in CHC/SDH/DH,TOTAL,0.0,0.0,0.0,0.0,0.0,0.0,0.0,0.0,0.0,0.0,0.0,0.0,-1.0
West Khasi Hills,14.10.1.a,Number of male patients admitted (Inpatients) during the month,1. Children,537.0,598.0,534.0,613.0,563.0,419.0,396.0,357.0,247.0,724.0,643.0,338.0,5969.0
West Khasi Hills,14.10.1.a,Number of male patients admitted (Inpatients) during the month,2. Adults,357.0,404.0,407.0,473.0,459.0,359.0,446.0,459.0,251.0,249.0,202.0,261.0,4327.0
West Khasi Hills,14.10.1.b,Number of female patients (Inpatients) admitted during the month,1. Children,620.0,614.0,519.0,631.0,583.0,469.0,441.0,344.0,278.0,653.0,565.0,405.0,6122.0
West Khasi Hills,14.10.1.b,Number of female patients (Inpatients) admitted during the month,2. Adults,815.0,919.0,901.0,978.0,1089.0,928.0,911.0,786.0,611.0,708.0,710.0,817.0,10173.0
West Khasi Hills,14.10.1.c,Total number of patients admitted (Inpatients) during the month (sum of items 14.10.1.a and 14.10.1.b),1. Children,1157.0,1212.0,1053.0,1244.0,1146.0,888.0,837.0,701.0,525.0,1377.0,1208.0,743.0,12091.0
West Khasi Hills,14.10.1.c,Total number of patients admitted (Inpatients) during the month (sum of items 14.10.1.a and 14.10.1.b),2. Adults,1172.0,1323.0,1308.0,1451.0,1548.0,1287.0,1357.0,1245.0,862.0,957.0,912.0,1078.0,14500.0
West Khasi Hills,14.10.2.a,Number of death cases of Inpatient males,TOTAL,6.0,6.0,4.0,6.0,9.0,15.0,11.0,11.0,5.0,6.0,11.0,7.0,97.0
West Khasi Hills,14.10.2.b,Number of death cases of Inpatient females,TOTAL,5.0,6.0,6.0,5.0,2.0,7.0,8.0,3.0,4.0,3.0,15.0,2.0,66.0
West Khasi Hills,14.10.2.c,Number of cases of death of Inpatients (sum of items 14.10.2.a and 14.10.2.b),TOTAL,11.0,12.0,10.0,11.0,11.0,22.0,19.0,14.0,9.0,9.0,26.0,9.0,163.0
West Khasi Hills,14.11,In-Patient Head Count at midnight,TOTAL,6767.0,7050.0,7341.0,7794.0,6889.0,6013.0,5698.0,5053.0,3495.0,5779.0,5052.0,4467.0,71398.0
West Khasi Hills,14.12.1,OPD attendance (All),TOTAL,40731.0,41532.0,36691.0,38623.0,40018.0,37586.0,36298.0,30365.0,27031.0,42770.0,29948.0,34179.0,435772.0
West Khasi Hills,14.13.1,Number of major operations carried out using general or spinal anaesthesia,TOTAL,2.0,1.0,2.0,4.0,2.0,2.0,4.0,3.0,3.0,3.0,1.0,1.0,28.0
West Khasi Hills,14.13.1A,"Out of 14.13.1,Gynecology- Hysterectomy surgeries",TOTAL,,,,,,,,,,,,,
West Khasi Hills,14.13.2,Number of minor operations carried out without anaesthesia or using local anaesthesia,TOTAL,111.0,83.0,158.0,168.0,186.0,182.0,124.0,74.0,57.0,61.0,88.0,82.0,1374.0
West Khasi Hills,14.14.a,Number of patients given AYUSH treatment,TOTAL,5661.0,5363.0,6178.0,6904.0,6993.0,6890.0,6427.0,4937.0,3751.0,4397.0,4400.0,4119.0,66020.0
West Khasi Hills,14.14.b,Number of patients on whom Dental Procedure was conducted,TOTAL,576.0,641.0,747.0,937.0,768.0,989.0,851.0,729.0,651.0,817.0,593.0,797.0,9096.0
West Khasi Hills,14.14.c,Number of Adolescents counselled,TOTAL,20.0,154.0,116.0,67.0,68.0,158.0,76.0,91.0,103.0,114.0,239.0,268.0,1474.0
West Khasi Hills,15.1.1.a,Number of Haemoglobin (Hb) tests conducted,TOTAL,1301.0,1444.0,1402.0,1547.0,1512.0,1266.0,1351.0,1152.0,1018.0,1181.0,1015.0,1291.0,15480.0
West Khasi Hills,15.1.1.b,"Out of the total number of Hb tests conducted, number of cases having Hb less than 7gm/dl",TOTAL,27.0,45.0,40.0,17.0,30.0,36.0,35.0,37.0,35.0,24.0,40.0,50.0,416.0
West Khasi Hills,15.1.2.a,Number of HIV tests conducted on males,1. Number tested,24.0,6.0,3.0,4.0,28.0,3.0,3.0,8.0,1.0,8.0,8.0,6.0,102.0
West Khasi Hills,15.1.2.a,Number of HIV tests conducted on males,2. Number Positive,0.0,0.0,0.0,0.0,0.0,0.0,0.0,1.0,0.0,0.0,0.0,0.0,1.0
West Khasi Hills,15.1.2.b,Number of HIV tests conducted on Female-Non ANC (i.e. non pregnant females),1. Number tested,36.0,16.0,0.0,5.0,37.0,3.0,1.0,14.0,7.0,3.0,6.0,4.0,132.0
West Khasi Hills,15.1.2.b,Number of HIV tests conducted on Female-Non ANC (i.e. non pregnant females),2. Number Positive,0.0,0.0,0.0,1.0,1.0,0.0,0.0,0.0,0.0,0.0,0.0,0.0,2.0
West Khasi Hills,15.1.2.c,Number of HIV tests conducted on Female with ANC (i.e. pregnant females),1. Number tested,164.0,48.0,66.0,65.0,156.0,55.0,62.0,54.0,56.0,70.0,64.0,115.0,975.0
West Khasi Hills,15.1.2.c,Number of HIV tests conducted on Female with ANC (i.e. pregnant females),2. Number Positive,0.0,0.0,0.0,1.0,0.0,0.0,0.0,1.0,0.0,0.0,0.0,0.0,2.0
West Khasi Hills,15.1.2.d,Total number of HIV tests conducted (sum of items 15.1.2.a to 15.1.2.c),1. Number tested,224.0,70.0,69.0,74.0,221.0,61.0,66.0,76.0,64.0,81.0,78.0,125.0,1209.0
West Khasi Hills,15.1.2.d,Total number of HIV tests conducted (sum of items 15.1.2.a to 15.1.2.c),2. Number Positive,0.0,0.0,0.0,2.0,1.0,0.0,0.0,2.0,0.0,0.0,0.0,0.0,5.0
West Khasi Hills,15.2,Number of Widal tests conducted,Number tested,531.0,473.0,551.0,702.0,805.0,443.0,490.0,527.0,308.0,193.0,193.0,229.0,5445.0
West Khasi Hills,15.3.a,Number of VDRL tests conducted on males,Number tested,24.0,1.0,3.0,5.0,45.0,9.0,5.0,10.0,2.0,5.0,3.0,3.0,115.0
West Khasi Hills,15.3.b,Number of VDRL tests conducted on Female-Non ANC (i.e. non pregnant females),Number tested,45.0,0.0,0.0,4.0,61.0,2.0,1.0,3.0,8.0,4.0,1.0,35.0,164.0
West Khasi Hills,15.3.c,Number of VDRL tests conducted on Female with ANC (i.e. pregnant females),Number tested,330.0,227.0,174.0,279.0,343.0,229.0,231.0,211.0,197.0,214.0,225.0,232.0,2892.0
West Khasi Hills,15.3.d,Total number of VDRL tests conducted (sum of items 15.3.a to 15.3.c),Number tested,399.0,228.0,177.0,288.0,449.0,240.0,237.0,224.0,207.0,223.0,229.0,270.0,3171.0
West Khasi Hills,15.4.1,Number of blood smears examined for Malaria,TOTAL,2465.0,2181.0,2267.0,2658.0,3178.0,2282.0,2393.0,2045.0,1147.0,1144.0,1339.0,1670.0,24769.0
West Khasi Hills,15.4.2,"Out of blood smears examined for malaria, number of blood smears tested positive for Plasmodium Vivax",TOTAL,7.0,7.0,12.0,53.0,67.0,24.0,42.0,24.0,25.0,30.0,9.0,17.0,317.0
West Khasi Hills,15.4.3,"Out of blood smears examined for malaria, number of blood smears tested positive for Plasmodium Falciparum",TOTAL,54.0,68.0,76.0,124.0,172.0,103.0,251.0,270.0,75.0,25.0,95.0,68.0,1381.0
West Khasi Hills,16.1.1,Stock position of DPT vaccines,1. Balance From Previous Month,1240.0,1620.0,1510.0,2120.0,1510.0,3780.0,,,,,,,11780.0
West Khasi Hills,16.1.1,Stock position of DPT vaccines,2. Stocks Received,5000.0,5000.0,5000.0,5000.0,8000.0,4000.0,,,,,,,32000.0
West Khasi Hills,16.1.1,Stock position of DPT vaccines,3. Unusable Stock,0.0,0.0,0.0,0.0,0.0,0.0,,,,,,,0.0
West Khasi Hills,16.1.1,Stock position of DPT vaccines,4. Stock Distributed,4620.0,5110.0,4390.0,5610.0,5730.0,4550.0,,,,,,,30010.0
West Khasi Hills,16.1.1,Stock position of DPT vaccines,5. Total Stock,1620.0,1510.0,2120.0,1510.0,3780.0,3230.0,0.0,0.0,0.0,0.0,0.0,0.0,13770.0
West Khasi Hills,16.1.1A,Stock Position of Pentavalent,1. Balance From Previous Month,,,,,,,,,,,,,
West Khasi Hills,16.1.1A,Stock Position of Pentavalent,2. Stocks Received,,,,,,,,,,,,,
West Khasi Hills,16.1.1A,Stock Position of Pentavalent,3. Unusable Stock,,,,,,,,,,,,,
West Khasi Hills,16.1.1A,Stock Position of Pentavalent,4. Stock Distributed,,,,,,,,,,,,,
West Khasi Hills,16.1.1A,Stock Position of Pentavalent,5. Total Stock,0.0,0.0,0.0,0.0,0.0,0.0,0.0,0.0,0.0,0.0,0.0,0.0,0.0
West Khasi Hills,16.1.2,Stock position of OPV vaccines,1. Balance From Previous Month,2860.0,6780.0,6100.0,5180.0,5080.0,13860.0,,,,,,,39860.0
West Khasi Hills,16.1.2,Stock position of OPV vaccines,2. Stocks Received,8000.0,6000.0,4000.0,6000.0,16000.0,6000.0,,,,,,,46000.0
West Khasi Hills,16.1.2,Stock position of OPV vaccines,3. Unusable Stock,0.0,0.0,0.0,0.0,0.0,0.0,,,,,,,0.0
West Khasi Hills,16.1.2,Stock position of OPV vaccines,4. Stock Distributed,4080.0,6680.0,4920.0,6100.0,7220.0,6060.0,,,,,,,35060.0
West Khasi Hills,16.1.2,Stock position of OPV vaccines,5. Total Stock,6780.0,6100.0,5180.0,5080.0,13860.0,13800.0,0.0,0.0,0.0,0.0,0.0,0.0,50800.0
West Khasi Hills,16.1.3,Stock position of TT vaccines,1. Balance From Previous Month,4280.0,4870.0,2930.0,640.0,1310.0,3880.0,,,,,,,17910.0
West Khasi Hills,16.1.3,Stock position of TT vaccines,2. Stocks Received,3000.0,3000.0,0.0,4000.0,6000.0,4000.0,,,,,,,20000.0
West Khasi Hills,16.1.3,Stock position of TT vaccines,3. Unusable Stock,0.0,0.0,0.0,0.0,0.0,0.0,,,,,,,0.0
West Khasi Hills,16.1.3,Stock position of TT vaccines,4. Stock Distributed,2410.0,4940.0,2290.0,3330.0,3430.0,3330.0,,,,,,,19730.0
West Khasi Hills,16.1.3,Stock position of TT vaccines,5. Total Stock,4870.0,2930.0,640.0,1310.0,3880.0,4550.0,0.0,0.0,0.0,0.0,0.0,0.0,18180.0
West Khasi Hills,16.1.4,Stock position of DT vaccines,1. Balance From Previous Month,0.0,0.0,0.0,0.0,0.0,0.0,,,,,,,0.0
West Khasi Hills,16.1.4,Stock position of DT vaccines,2. Stocks Received,0.0,0.0,0.0,0.0,0.0,0.0,,,,,,,0.0
West Khasi Hills,16.1.4,Stock position of DT vaccines,3. Unusable Stock,0.0,0.0,0.0,0.0,0.0,0.0,,,,,,,0.0
West Khasi Hills,16.1.4,Stock position of DT vaccines,4. Stock Distributed,0.0,0.0,0.0,0.0,0.0,0.0,,,,,,,0.0
West Khasi Hills,16.1.4,Stock position of DT vaccines,5. Total Stock,0.0,0.0,0.0,0.0,0.0,0.0,0.0,0.0,0.0,0.0,0.0,0.0,0.0
West Khasi Hills,16.1.5,Stock position of BCG vaccines,1. Balance From Previous Month,4770.0,5140.0,2300.0,1000.0,2640.0,4220.0,,,,,,,20070.0
West Khasi Hills,16.1.5,Stock position of BCG vaccines,2. Stocks Received,2000.0,0.0,0.0,3000.0,4000.0,2000.0,,,,,,,11000.0
West Khasi Hills,16.1.5,Stock position of BCG vaccines,3. Unusable Stock,0.0,0.0,0.0,0.0,0.0,0.0,,,,,,,0.0
West Khasi Hills,16.1.5,Stock position of BCG vaccines,4. Stock Distributed,1630.0,2840.0,1300.0,1360.0,2420.0,2150.0,,,,,,,11700.0
West Khasi Hills,16.1.5,Stock position of BCG vaccines,5. Total Stock,5140.0,2300.0,1000.0,2640.0,4220.0,4070.0,0.0,0.0,0.0,0.0,0.0,0.0,19370.0
West Khasi Hills,16.1.6,Stock position of Measles vaccines,1. Balance From Previous Month,760.0,1215.0,765.0,1720.0,1910.0,3635.0,,,,,,,10005.0
West Khasi Hills,16.1.6,Stock position of Measles vaccines,2. Stocks Received,2000.0,2000.0,2000.0,2500.0,4000.0,2500.0,,,,,,,15000.0
West Khasi Hills,16.1.6,Stock position of Measles vaccines,3. Unusable Stock,0.0,0.0,0.0,0.0,0.0,0.0,,,,,,,0.0
West Khasi Hills,16.1.6,Stock position of Measles vaccines,4. Stock Distributed,1545.0,2450.0,1045.0,2310.0,2275.0,1985.0,,,,,,,11610.0
West Khasi Hills,16.1.6,Stock position of Measles vaccines,5. Total Stock,1215.0,765.0,1720.0,1910.0,3635.0,4150.0,0.0,0.0,0.0,0.0,0.0,0.0,13395.0
West Khasi Hills,16.1.7,Stock position of JE vaccines,1. Balance From Previous Month,0.0,0.0,0.0,0.0,0.0,0.0,,,,,,,0.0
West Khasi Hills,16.1.7,Stock position of JE vaccines,2. Stocks Received,0.0,0.0,0.0,0.0,0.0,0.0,,,,,,,0.0
West Khasi Hills,16.1.7,Stock position of JE vaccines,3. Unusable Stock,0.0,0.0,0.0,0.0,0.0,0.0,,,,,,,0.0
West Khasi Hills,16.1.7,Stock position of JE vaccines,4. Stock Distributed,0.0,0.0,0.0,0.0,0.0,0.0,,,,,,,0.0
West Khasi Hills,16.1.7,Stock position of JE vaccines,5. Total Stock,0.0,0.0,0.0,0.0,0.0,0.0,0.0,0.0,0.0,0.0,0.0,0.0,0.0
West Khasi Hills,16.1.8,Stock position of Hepatitis B vaccines,1. Balance From Previous Month,2490.0,4560.0,5080.0,2780.0,3840.0,6230.0,,,,,,,24980.0
West Khasi Hills,16.1.8,Stock position of Hepatitis B vaccines,2. Stocks Received,5000.0,5000.0,0.0,5000.0,6000.0,4000.0,,,,,,,25000.0
West Khasi Hills,16.1.8,Stock position of Hepatitis B vaccines,3. Unusable Stock,0.0,0.0,0.0,0.0,0.0,0.0,,,,,,,0.0
West Khasi Hills,16.1.8,Stock position of Hepatitis B vaccines,4. Stock Distributed,2930.0,4480.0,2300.0,3940.0,3610.0,3660.0,,,,,,,20920.0
West Khasi Hills,16.1.8,Stock position of Hepatitis B vaccines,5. Total Stock,4560.0,5080.0,2780.0,3840.0,6230.0,6570.0,0.0,0.0,0.0,0.0,0.0,0.0,29060.0
West Khasi Hills,16.2.1,Stock Position of IU 380 A (to be used for Family Planning),1. Balance From Previous Month,0.0,0.0,0.0,0.0,0.0,0.0,,,,,,,0.0
West Khasi Hills,16.2.1,Stock Position of IU 380 A (to be used for Family Planning),2. Stocks Received,0.0,0.0,0.0,0.0,0.0,600.0,,,,,,,600.0
West Khasi Hills,16.2.1,Stock Position of IU 380 A (to be used for Family Planning),3. Unusable Stock,0.0,0.0,0.0,0.0,0.0,0.0,,,,,,,0.0
West Khasi Hills,16.2.1,Stock Position of IU 380 A (to be used for Family Planning),4. Stock Distributed,0.0,0.0,0.0,0.0,0.0,200.0,,,,,,,200.0
West Khasi Hills,16.2.1,Stock Position of IU 380 A (to be used for Family Planning),5. Total Stock,0.0,0.0,0.0,0.0,0.0,400.0,0.0,0.0,0.0,0.0,0.0,0.0,400.0
West Khasi Hills,16.2.2,Stock Position of Condoms (to be used for Family Planning),1. Balance From Previous Month,46705.0,34180.0,30660.0,28462.0,26264.0,20189.0,,,,,,,186460.0
West Khasi Hills,16.2.2,Stock Position of Condoms (to be used for Family Planning),2. Stocks Received,0.0,0.0,0.0,0.0,0.0,74369.0,,,,,,,74369.0
West Khasi Hills,16.2.2,Stock Position of Condoms (to be used for Family Planning),3. Unusable Stock,0.0,0.0,0.0,0.0,0.0,0.0,,,,,,,0.0
West Khasi Hills,16.2.2,Stock Position of Condoms (to be used for Family Planning),4. Stock Distributed,12525.0,3520.0,2198.0,2198.0,6075.0,500.0,,,,,,,27016.0
West Khasi Hills,16.2.2,Stock Position of Condoms (to be used for Family Planning),5. Total Stock,34180.0,30660.0,28462.0,26264.0,20189.0,94058.0,0.0,0.0,0.0,0.0,0.0,0.0,233813.0
West Khasi Hills,16.2.3,Stock Position of Oral Contraceptive (to be used for Family Planning),1. Balance From Previous Month,602.0,252.0,202.0,3202.0,1102.0,0.0,,,,,,,5360.0
West Khasi Hills,16.2.3,Stock Position of Oral Contraceptive (to be used for Family Planning),2. Stocks Received,0.0,0.0,3200.0,0.0,0.0,9000.0,,,,,,,12200.0
West Khasi Hills,16.2.3,Stock Position of Oral Contraceptive (to be used for Family Planning),3. Unusable Stock,0.0,0.0,0.0,0.0,0.0,0.0,,,,,,,0.0
West Khasi Hills,16.2.3,Stock Position of Oral Contraceptive (to be used for Family Planning),4. Stock Distributed,350.0,50.0,200.0,2100.0,1102.0,600.0,,,,,,,4402.0
West Khasi Hills,16.2.3,Stock Position of Oral Contraceptive (to be used for Family Planning),5. Total Stock,252.0,202.0,3202.0,1102.0,0.0,8400.0,0.0,0.0,0.0,0.0,0.0,0.0,13158.0
West Khasi Hills,16.2.4,Stock Position of Emergency Contraceptive (to be used for Family Planning),1. Balance From Previous Month,0.0,0.0,0.0,3000.0,1200.0,0.0,,,,,,,4200.0
West Khasi Hills,16.2.4,Stock Position of Emergency Contraceptive (to be used for Family Planning),2. Stocks Received,0.0,0.0,3000.0,0.0,0.0,7000.0,,,,,,,10000.0
West Khasi Hills,16.2.4,Stock Position of Emergency Contraceptive (to be used for Family Planning),3. Unusable Stock,0.0,0.0,0.0,0.0,0.0,0.0,,,,,,,0.0
West Khasi Hills,16.2.4,Stock Position of Emergency Contraceptive (to be used for Family Planning),4. Stock Distributed,0.0,0.0,0.0,1800.0,1200.0,300.0,,,,,,,3300.0
West Khasi Hills,16.2.4,Stock Position of Emergency Contraceptive (to be used for Family Planning),5. Total Stock,0.0,0.0,3000.0,1200.0,0.0,6700.0,0.0,0.0,0.0,0.0,0.0,0.0,10900.0
West Khasi Hills,16.2.5,Stock Position of Tubal Rings (to be used for Family Planning),1. Balance From Previous Month,0.0,0.0,0.0,0.0,0.0,0.0,,,,,,,0.0
West Khasi Hills,16.2.5,Stock Position of Tubal Rings (to be used for Family Planning),2. Stocks Received,0.0,0.0,0.0,0.0,0.0,0.0,,,,,,,0.0
West Khasi Hills,16.2.5,Stock Position of Tubal Rings (to be used for Family Planning),3. Unusable Stock,0.0,0.0,0.0,0.0,0.0,0.0,,,,,,,0.0
West Khasi Hills,16.2.5,Stock Position of Tubal Rings (to be used for Family Planning),4. Stock Distributed,0.0,0.0,0.0,0.0,0.0,0.0,,,,,,,0.0
West Khasi Hills,16.2.5,Stock Position of Tubal Rings (to be used for Family Planning),5. Total Stock,0.0,0.0,0.0,0.0,0.0,0.0,0.0,0.0,0.0,0.0,0.0,0.0,0.0
West Khasi Hills,16.3.01,Stock Position of Oxytocin Injection,1. Balance From Previous Month,7600.0,4200.0,3100.0,2400.0,1700.0,1250.0,,,,,,,20250.0
West Khasi Hills,16.3.01,Stock Position of Oxytocin Injection,2. Stocks Received,0.0,0.0,0.0,0.0,0.0,0.0,,,,,,,0.0
West Khasi Hills,16.3.01,Stock Position of Oxytocin Injection,3. Unusable Stock,0.0,0.0,0.0,0.0,0.0,0.0,,,,,,,0.0
West Khasi Hills,16.3.01,Stock Position of Oxytocin Injection,4. Stock Distributed,3400.0,1100.0,700.0,700.0,450.0,400.0,,,,,,,6750.0
West Khasi Hills,16.3.01,Stock Position of Oxytocin Injection,5. Total Stock,4200.0,3100.0,2400.0,1700.0,1250.0,850.0,0.0,0.0,0.0,0.0,0.0,0.0,13500.0
West Khasi Hills,16.3.02,Stock Position of Gloves,1. Balance From Previous Month,0.0,0.0,0.0,0.0,0.0,0.0,,,,,,,0.0
West Khasi Hills,16.3.02,Stock Position of Gloves,2. Stocks Received,0.0,0.0,0.0,0.0,0.0,0.0,,,,,,,0.0
West Khasi Hills,16.3.02,Stock Position of Gloves,3. Unusable Stock,0.0,0.0,0.0,0.0,0.0,0.0,,,,,,,0.0
West Khasi Hills,16.3.02,Stock Position of Gloves,4. Stock Distributed,0.0,0.0,0.0,0.0,0.0,0.0,,,,,,,0.0
West Khasi Hills,16.3.02,Stock Position of Gloves,5. Total Stock,0.0,0.0,0.0,0.0,0.0,0.0,0.0,0.0,0.0,0.0,0.0,0.0,0.0
West Khasi Hills,16.3.03,Stock Position of MVA Syringes,1. Balance From Previous Month,0.0,0.0,0.0,0.0,0.0,0.0,,,,,,,0.0
West Khasi Hills,16.3.03,Stock Position of MVA Syringes,2. Stocks Received,0.0,0.0,0.0,0.0,0.0,0.0,,,,,,,0.0
West Khasi Hills,16.3.03,Stock Position of MVA Syringes,3. Unusable Stock,0.0,0.0,0.0,0.0,0.0,0.0,,,,,,,0.0
West Khasi Hills,16.3.03,Stock Position of MVA Syringes,4. Stock Distributed,0.0,0.0,0.0,0.0,0.0,0.0,,,,,,,0.0
West Khasi Hills,16.3.03,Stock Position of MVA Syringes,5. Total Stock,0.0,0.0,0.0,0.0,0.0,0.0,0.0,0.0,0.0,0.0,0.0,0.0,0.0
West Khasi Hills,16.3.04,Stock Position of Fluconazole Tablets,1. Balance From Previous Month,0.0,0.0,0.0,0.0,0.0,0.0,,,,,,,0.0
West Khasi Hills,16.3.04,Stock Position of Fluconazole Tablets,2. Stocks Received,0.0,0.0,0.0,0.0,0.0,0.0,,,,,,,0.0
West Khasi Hills,16.3.04,Stock Position of Fluconazole Tablets,3. Unusable Stock,0.0,0.0,0.0,0.0,0.0,0.0,,,,,,,0.0
West Khasi Hills,16.3.04,Stock Position of Fluconazole Tablets,4. Stock Distributed,0.0,0.0,0.0,0.0,0.0,0.0,,,,,,,0.0
West Khasi Hills,16.3.04,Stock Position of Fluconazole Tablets,5. Total Stock,0.0,0.0,0.0,0.0,0.0,0.0,0.0,0.0,0.0,0.0,0.0,0.0,0.0
West Khasi Hills,16.3.05,Stock Position of Blood Transfusion Sets,1. Balance From Previous Month,0.0,0.0,0.0,0.0,0.0,0.0,,,,,,,0.0
West Khasi Hills,16.3.05,Stock Position of Blood Transfusion Sets,2. Stocks Received,0.0,0.0,0.0,0.0,0.0,0.0,,,,,,,0.0
West Khasi Hills,16.3.05,Stock Position of Blood Transfusion Sets,3. Unusable Stock,0.0,0.0,0.0,0.0,0.0,0.0,,,,,,,0.0
West Khasi Hills,16.3.05,Stock Position of Blood Transfusion Sets,4. Stock Distributed,0.0,0.0,0.0,0.0,0.0,0.0,,,,,,,0.0
West Khasi Hills,16.3.05,Stock Position of Blood Transfusion Sets,5. Total Stock,0.0,0.0,0.0,0.0,0.0,0.0,0.0,0.0,0.0,0.0,0.0,0.0,0.0
West Khasi Hills,16.3.06,Stock Position of Gluteraldehyde solution of 2% concentration,1. Balance From Previous Month,0.0,0.0,0.0,0.0,0.0,0.0,,,,,,,0.0
West Khasi Hills,16.3.06,Stock Position of Gluteraldehyde solution of 2% concentration,2. Stocks Received,0.0,0.0,0.0,0.0,0.0,0.0,,,,,,,0.0
West Khasi Hills,16.3.06,Stock Position of Gluteraldehyde solution of 2% concentration,3. Unusable Stock,0.0,0.0,0.0,0.0,0.0,0.0,,,,,,,0.0
West Khasi Hills,16.3.06,Stock Position of Gluteraldehyde solution of 2% concentration,4. Stock Distributed,0.0,0.0,0.0,0.0,0.0,0.0,,,,,,,0.0
West Khasi Hills,16.3.06,Stock Position of Gluteraldehyde solution of 2% concentration,5. Total Stock,0.0,0.0,0.0,0.0,0.0,0.0,0.0,0.0,0.0,0.0,0.0,0.0,0.0
West Khasi Hills,16.3.07,Stock Position of IFA Tablets,1. Balance From Previous Month,0.0,0.0,0.0,705600.0,705600.0,705600.0,,,,,,,2116800.0
West Khasi Hills,16.3.07,Stock Position of IFA Tablets,2. Stocks Received,0.0,0.0,885600.0,0.0,0.0,0.0,,,,,,,885600.0
West Khasi Hills,16.3.07,Stock Position of IFA Tablets,3. Unusable Stock,0.0,0.0,0.0,0.0,0.0,0.0,,,,,,,0.0
West Khasi Hills,16.3.07,Stock Position of IFA Tablets,4. Stock Distributed,0.0,0.0,180000.0,0.0,0.0,0.0,,,,,,,180000.0
West Khasi Hills,16.3.07,Stock Position of IFA Tablets,5. Total Stock,0.0,0.0,705600.0,705600.0,705600.0,705600.0,0.0,0.0,0.0,0.0,0.0,0.0,2822400.0
West Khasi Hills,16.3.08,Stock Position of IFA Syrup (Paediatric),1. Balance From Previous Month,0.0,0.0,0.0,0.0,0.0,0.0,,,,,,,0.0
West Khasi Hills,16.3.08,Stock Position of IFA Syrup (Paediatric),2. Stocks Received,0.0,0.0,0.0,0.0,0.0,0.0,,,,,,,0.0
West Khasi Hills,16.3.08,Stock Position of IFA Syrup (Paediatric),3. Unusable Stock,0.0,0.0,0.0,0.0,0.0,0.0,,,,,,,0.0
West Khasi Hills,16.3.08,Stock Position of IFA Syrup (Paediatric),4. Stock Distributed,0.0,0.0,0.0,0.0,0.0,0.0,,,,,,,0.0
West Khasi Hills,16.3.08,Stock Position of IFA Syrup (Paediatric),5. Total Stock,0.0,0.0,0.0,0.0,0.0,0.0,0.0,0.0,0.0,0.0,0.0,0.0,0.0
West Khasi Hills,16.3.09,Stock Position of Paediatrics Antibiotics (Cotrimaxozole and Injectable Gentamicin),1. Balance From Previous Month,0.0,0.0,0.0,0.0,0.0,0.0,,,,,,,0.0
West Khasi Hills,16.3.09,Stock Position of Paediatrics Antibiotics (Cotrimaxozole and Injectable Gentamicin),2. Stocks Received,0.0,0.0,0.0,0.0,0.0,0.0,,,,,,,0.0
West Khasi Hills,16.3.09,Stock Position of Paediatrics Antibiotics (Cotrimaxozole and Injectable Gentamicin),3. Unusable Stock,0.0,0.0,0.0,0.0,0.0,0.0,,,,,,,0.0
West Khasi Hills,16.3.09,Stock Position of Paediatrics Antibiotics (Cotrimaxozole and Injectable Gentamicin),4. Stock Distributed,0.0,0.0,0.0,0.0,0.0,0.0,,,,,,,0.0
West Khasi Hills,16.3.09,Stock Position of Paediatrics Antibiotics (Cotrimaxozole and Injectable Gentamicin),5. Total Stock,0.0,0.0,0.0,0.0,0.0,0.0,0.0,0.0,0.0,0.0,0.0,0.0,0.0
West Khasi Hills,16.3.10,Stock Position of Vitamin A solution,1. Balance From Previous Month,0.0,0.0,0.0,0.0,0.0,0.0,,,,,,,0.0
West Khasi Hills,16.3.10,Stock Position of Vitamin A solution,2. Stocks Received,0.0,0.0,0.0,0.0,0.0,0.0,,,,,,,0.0
West Khasi Hills,16.3.10,Stock Position of Vitamin A solution,3. Unusable Stock,0.0,0.0,0.0,0.0,0.0,0.0,,,,,,,0.0
West Khasi Hills,16.3.10,Stock Position of Vitamin A solution,4. Stock Distributed,0.0,0.0,0.0,0.0,0.0,0.0,,,,,,,0.0
West Khasi Hills,16.3.10,Stock Position of Vitamin A solution,5. Total Stock,0.0,0.0,0.0,0.0,0.0,0.0,0.0,0.0,0.0,0.0,0.0,0.0,0.0
West Khasi Hills,16.3.11,Stock of ORS (New WHO formulation),1. Balance From Previous Month,11025.0,4900.0,150.0,0.0,0.0,0.0,,,,,,,16075.0
West Khasi Hills,16.3.11,Stock of ORS (New WHO formulation),2. Stocks Received,3000.0,0.0,0.0,0.0,0.0,15000.0,,,,,,,18000.0
West Khasi Hills,16.3.11,Stock of ORS (New WHO formulation),3. Unusable Stock,0.0,0.0,0.0,0.0,0.0,0.0,,,,,,,0.0
West Khasi Hills,16.3.11,Stock of ORS (New WHO formulation),4. Stock Distributed,9125.0,4750.0,150.0,0.0,0.0,7500.0,,,,,,,21525.0
West Khasi Hills,16.3.11,Stock of ORS (New WHO formulation),5. Total Stock,4900.0,150.0,0.0,0.0,0.0,7500.0,0.0,0.0,0.0,0.0,0.0,0.0,12550.0
West Khasi Hills,16.4.1,Stock Position of 0.1 ml Syringes(AD),1. Balance From Previous Month,0.0,1320.0,0.0,0.0,2254.0,814.0,,,,,,,4388.0
West Khasi Hills,16.4.1,Stock Position of 0.1 ml Syringes(AD),2. Stocks Received,3000.0,0.0,0.0,3000.0,0.0,0.0,,,,,,,6000.0
West Khasi Hills,16.4.1,Stock Position of 0.1 ml Syringes(AD),3. Unusable Stock,0.0,0.0,0.0,0.0,0.0,0.0,,,,,,,0.0
West Khasi Hills,16.4.1,Stock Position of 0.1 ml Syringes(AD),4. Stock Distributed,1680.0,1320.0,0.0,746.0,1440.0,720.0,,,,,,,5906.0
West Khasi Hills,16.4.1,Stock Position of 0.1 ml Syringes(AD),5. Total Stock,1320.0,0.0,0.0,2254.0,814.0,94.0,0.0,0.0,0.0,0.0,0.0,0.0,4482.0
West Khasi Hills,16.4.2,Stock Position of 0.5 ml Syringes(AD),1. Balance From Previous Month,20101.0,15101.0,2301.0,0.0,20600.0,3000.0,,,,,,,61103.0
West Khasi Hills,16.4.2,Stock Position of 0.5 ml Syringes(AD),2. Stocks Received,0.0,0.0,0.0,30000.0,0.0,0.0,,,,,,,30000.0
West Khasi Hills,16.4.2,Stock Position of 0.5 ml Syringes(AD),3. Unusable Stock,0.0,0.0,0.0,0.0,0.0,0.0,,,,,,,0.0
West Khasi Hills,16.4.2,Stock Position of 0.5 ml Syringes(AD),4. Stock Distributed,5000.0,12800.0,2301.0,9400.0,17600.0,3000.0,,,,,,,50101.0
West Khasi Hills,16.4.2,Stock Position of 0.5 ml Syringes(AD),5. Total Stock,15101.0,2301.0,0.0,20600.0,3000.0,0.0,0.0,0.0,0.0,0.0,0.0,0.0,41002.0
West Khasi Hills,16.4.3,Stock Position of 5.0 ml Syringes(Disposable),1. Balance From Previous Month,0.0,0.0,0.0,0.0,1790.0,1213.0,,,,,,,3003.0
West Khasi Hills,16.4.3,Stock Position of 5.0 ml Syringes(Disposable),2. Stocks Received,0.0,0.0,0.0,2000.0,0.0,0.0,,,,,,,2000.0
West Khasi Hills,16.4.3,Stock Position of 5.0 ml Syringes(Disposable),3. Unusable Stock,0.0,0.0,0.0,0.0,0.0,0.0,,,,,,,0.0
West Khasi Hills,16.4.3,Stock Position of 5.0 ml Syringes(Disposable),4. Stock Distributed,0.0,0.0,0.0,210.0,577.0,330.0,,,,,,,1117.0
West Khasi Hills,16.4.3,Stock Position of 5.0 ml Syringes(Disposable),5. Total Stock,0.0,0.0,0.0,1790.0,1213.0,883.0,0.0,0.0,0.0,0.0,0.0,0.0,3886.0
West Khasi Hills,17.1,Number of cases of Infant deaths within 24 hrs of birth,TOTAL,2.0,2.0,5.0,4.0,7.0,11.0,6.0,5.0,1.0,2.0,2.0,2.0,49.0
West Khasi Hills,17.2.1,Number of cases of Infant deaths 24 hours to 4 weeks of birth with the probable cause being Sepsis,1. Up to 1 Weeks of Birth,2.0,,,,,3.0,3.0,1.0,,,,,9.0
West Khasi Hills,17.2.1,Number of cases of Infant deaths 24 hours to 4 weeks of birth with the probable cause being Sepsis,2. Between 1 week & 4 weeks of birth,,,,1.0,,,,,,,,,1.0
West Khasi Hills,17.2.1,Number of cases of Infant deaths 24 hours to 4 weeks of birth with the probable cause being Sepsis,3. Total,2.0,,,1.0,,3.0,3.0,1.0,,,,,10.0
West Khasi Hills,17.2.2,Number of cases of Infant deaths 24 hours to 4 weeks of birth with the probable cause being Asphyxia,1. Up to 1 Weeks of Birth,,1.0,1.0,,1.0,,1.0,,1.0,,1.0,1.0,7.0
West Khasi Hills,17.2.2,Number of cases of Infant deaths 24 hours to 4 weeks of birth with the probable cause being Asphyxia,2. Between 1 week & 4 weeks of birth,,,,1.0,,,,,,,,,1.0
West Khasi Hills,17.2.2,Number of cases of Infant deaths 24 hours to 4 weeks of birth with the probable cause being Asphyxia,3. Total,,1.0,1.0,1.0,1.0,,1.0,,1.0,,1.0,1.0,8.0
West Khasi Hills,17.2.3,Number of cases of Infant deaths 24 hours to 4 weeks of birth with the probable cause being LBW,1. Up to 1 Weeks of Birth,,,2.0,1.0,,2.0,,3.0,,1.0,1.0,3.0,13.0
West Khasi Hills,17.2.3,Number of cases of Infant deaths 24 hours to 4 weeks of birth with the probable cause being LBW,2. Between 1 week & 4 weeks of birth,,,,,1.0,,2.0,,,,,,3.0
West Khasi Hills,17.2.3,Number of cases of Infant deaths 24 hours to 4 weeks of birth with the probable cause being LBW,3. Total,,,2.0,1.0,1.0,2.0,2.0,3.0,,1.0,1.0,3.0,16.0
West Khasi Hills,17.2.4,"Number of cases of Infant deaths 24 hours to 4 weeks of birth with the probable cause being other than Sepsis, Asphyxia and LBW",1. Up to 1 Weeks of Birth,2.0,2.0,2.0,2.0,3.0,3.0,1.0,2.0,1.0,8.0,3.0,2.0,31.0
West Khasi Hills,17.2.4,"Number of cases of Infant deaths 24 hours to 4 weeks of birth with the probable cause being other than Sepsis, Asphyxia and LBW",2. Between 1 week & 4 weeks of birth,,,,,1.0,,1.0,,1.0,,,,3.0
West Khasi Hills,17.2.4,"Number of cases of Infant deaths 24 hours to 4 weeks of birth with the probable cause being other than Sepsis, Asphyxia and LBW",3. Total,2.0,2.0,2.0,2.0,4.0,3.0,2.0,2.0,2.0,8.0,3.0,2.0,34.0
West Khasi Hills,17.3.1,Number of cases of Infant or Child deaths between 1 month to 5 years of age with the probable cause being Pneumonia,1. Between 1 month and 11 months,1.0,1.0,2.0,1.0,,1.0,2.0,2.0,2.0,,2.0,1.0,15.0
West Khasi Hills,17.3.1,Number of cases of Infant or Child deaths between 1 month to 5 years of age with the probable cause being Pneumonia,2. Between 1 year & 5 years,,,,1.0,1.0,,,,,,,1.0,3.0
West Khasi Hills,17.3.1,Number of cases of Infant or Child deaths between 1 month to 5 years of age with the probable cause being Pneumonia,3. Total,1.0,1.0,2.0,2.0,1.0,1.0,2.0,2.0,2.0,,2.0,2.0,18.0
West Khasi Hills,17.3.2,Number of cases of Infant or Child deaths between 1 month to 5 years of age with the probable cause being Diarrhoea,1. Between 1 month and 11 months,3.0,,1.0,2.0,1.0,,2.0,1.0,2.0,7.0,11.0,1.0,31.0
West Khasi Hills,17.3.2,Number of cases of Infant or Child deaths between 1 month to 5 years of age with the probable cause being Diarrhoea,2. Between 1 year & 5 years,,,,,,1.0,,,,1.0,2.0,,4.0
West Khasi Hills,17.3.2,Number of cases of Infant or Child deaths between 1 month to 5 years of age with the probable cause being Diarrhoea,3. Total,3.0,,1.0,2.0,1.0,1.0,2.0,1.0,2.0,8.0,13.0,1.0,35.0
West Khasi Hills,17.3.3,Number of cases of Infant or Child deaths between 1 month to 5 years of age with the probable cause being Fever related,1. Between 1 month and 11 months,3.0,1.0,1.0,5.0,2.0,5.0,2.0,3.0,,2.0,3.0,6.0,33.0
West Khasi Hills,17.3.3,Number of cases of Infant or Child deaths between 1 month to 5 years of age with the probable cause being Fever related,2. Between 1 year & 5 years,1.0,,,4.0,,,3.0,1.0,,,,,9.0
West Khasi Hills,17.3.3,Number of cases of Infant or Child deaths between 1 month to 5 years of age with the probable cause being Fever related,3. Total,4.0,1.0,1.0,9.0,2.0,5.0,5.0,4.0,,2.0,3.0,6.0,42.0
West Khasi Hills,17.3.4,Number of cases of Infant or Child deaths between 1 month to 5 years of age with the probable cause being Measles,1. Between 1 month and 11 months,,,,,,,,,,,,,
West Khasi Hills,17.3.4,Number of cases of Infant or Child deaths between 1 month to 5 years of age with the probable cause being Measles,2. Between 1 year & 5 years,,,,,,,,,,,,,
West Khasi Hills,17.3.4,Number of cases of Infant or Child deaths between 1 month to 5 years of age with the probable cause being Measles,3. Total,,,,,,,,,,,,,
West Khasi Hills,17.3.5,"Number of cases of Infant or Child deaths between 1 month to 5 years of age with the probable cause being other than Pneumonia, Diarrhoea, Fever related and Measles",1. Between 1 month and 11 months,3.0,3.0,4.0,7.0,4.0,5.0,5.0,2.0,3.0,7.0,7.0,5.0,55.0
West Khasi Hills,17.3.5,"Number of cases of Infant or Child deaths between 1 month to 5 years of age with the probable cause being other than Pneumonia, Diarrhoea, Fever related and Measles",2. Between 1 year & 5 years,1.0,,,,1.0,1.0,1.0,3.0,3.0,4.0,3.0,1.0,18.0
West Khasi Hills,17.3.5,"Number of cases of Infant or Child deaths between 1 month to 5 years of age with the probable cause being other than Pneumonia, Diarrhoea, Fever related and Measles",3. Total,4.0,3.0,4.0,7.0,5.0,6.0,6.0,5.0,6.0,11.0,10.0,6.0,73.0
West Khasi Hills,17.4.1,Number of cases of Adolescent or Adult deaths (age 6 years & above) with the probable cause being Diarrhoeal diseases,1. 6-14 yrs,,,,,,,,,,,,,
West Khasi Hills,17.4.1,Number of cases of Adolescent or Adult deaths (age 6 years & above) with the probable cause being Diarrhoeal diseases,2. 15-55 yrs.,,,1.0,,,,,,,,2.0,,3.0
West Khasi Hills,17.4.1,Number of cases of Adolescent or Adult deaths (age 6 years & above) with the probable cause being Diarrhoeal diseases,3. Above 55 yrs.,2.0,1.0,,,2.0,2.0,1.0,,1.0,,,1.0,10.0
West Khasi Hills,17.4.1,Number of cases of Adolescent or Adult deaths (age 6 years & above) with the probable cause being Diarrhoeal diseases,4. Total,2.0,1.0,1.0,,2.0,2.0,1.0,,1.0,,2.0,1.0,13.0
West Khasi Hills,17.4.2,Number of cases of Adolescent or Adult deaths (age 6 years & above) with the probable cause being Tuberculosis,1. 6-14 yrs,,,,1.0,,1.0,,,,,,,2.0
West Khasi Hills,17.4.2,Number of cases of Adolescent or Adult deaths (age 6 years & above) with the probable cause being Tuberculosis,2. 15-55 yrs.,,2.0,,,1.0,2.0,2.0,2.0,,1.0,3.0,1.0,14.0
West Khasi Hills,17.4.2,Number of cases of Adolescent or Adult deaths (age 6 years & above) with the probable cause being Tuberculosis,3. Above 55 yrs.,,1.0,,1.0,,,1.0,,,,,,3.0
West Khasi Hills,17.4.2,Number of cases of Adolescent or Adult deaths (age 6 years & above) with the probable cause being Tuberculosis,4. Total,,3.0,,2.0,1.0,3.0,3.0,2.0,,1.0,3.0,1.0,19.0
West Khasi Hills,17.4.3,Number of cases of Adolescent or Adult deaths (age 6 years & above) with the probable cause being Respiratory diseases including infections,1. 6-14 yrs,,,,,1.0,,,,,,1.0,,2.0
West Khasi Hills,17.4.3,Number of cases of Adolescent or Adult deaths (age 6 years & above) with the probable cause being Respiratory diseases including infections,2. 15-55 yrs.,1.0,,,,,,,,,1.0,,,2.0
West Khasi Hills,17.4.3,Number of cases of Adolescent or Adult deaths (age 6 years & above) with the probable cause being Respiratory diseases including infections,3. Above 55 yrs.,1.0,2.0,1.0,,1.0,,2.0,1.0,,,1.0,1.0,10.0
West Khasi Hills,17.4.3,Number of cases of Adolescent or Adult deaths (age 6 years & above) with the probable cause being Respiratory diseases including infections,4. Total,2.0,2.0,1.0,,2.0,,2.0,1.0,,1.0,2.0,1.0,14.0
West Khasi Hills,17.4.4,Number of cases of Adolescent or Adult deaths (age 6 years & above) with the probable cause being Malaria,1. 6-14 yrs,,,,,,,,,,,,,
West Khasi Hills,17.4.4,Number of cases of Adolescent or Adult deaths (age 6 years & above) with the probable cause being Malaria,2. 15-55 yrs.,,,,1.0,2.0,1.0,,1.0,,,,,5.0
West Khasi Hills,17.4.4,Number of cases of Adolescent or Adult deaths (age 6 years & above) with the probable cause being Malaria,3. Above 55 yrs.,,,,,,,,1.0,,,,,1.0
West Khasi Hills,17.4.4,Number of cases of Adolescent or Adult deaths (age 6 years & above) with the probable cause being Malaria,4. Total,,,,1.0,2.0,1.0,,2.0,,,,,6.0
West Khasi Hills,17.4.5,Number of cases of Adolescent or Adult deaths (age 6 years & above) with the probable cause being other Fever related,1. 6-14 yrs,1.0,1.0,1.0,,1.0,,2.0,2.0,,1.0,1.0,,10.0
West Khasi Hills,17.4.5,Number of cases of Adolescent or Adult deaths (age 6 years & above) with the probable cause being other Fever related,2. 15-55 yrs.,,2.0,1.0,2.0,,4.0,,3.0,,3.0,1.0,2.0,18.0
West Khasi Hills,17.4.5,Number of cases of Adolescent or Adult deaths (age 6 years & above) with the probable cause being other Fever related,3. Above 55 yrs.,1.0,1.0,3.0,1.0,2.0,,1.0,6.0,,2.0,1.0,2.0,20.0
West Khasi Hills,17.4.5,Number of cases of Adolescent or Adult deaths (age 6 years & above) with the probable cause being other Fever related,4. Total,2.0,4.0,5.0,3.0,3.0,4.0,3.0,11.0,,6.0,3.0,4.0,48.0
West Khasi Hills,17.4.6,Number of cases of Adolescent or Adult deaths (age 6 years & above) with the probable cause being HIV/AIDS,1. 6-14 yrs,,,,,,,,,,,,,
West Khasi Hills,17.4.6,Number of cases of Adolescent or Adult deaths (age 6 years & above) with the probable cause being HIV/AIDS,2. 15-55 yrs.,,,,,,,,,,,,,
West Khasi Hills,17.4.6,Number of cases of Adolescent or Adult deaths (age 6 years & above) with the probable cause being HIV/AIDS,3. Above 55 yrs.,,,,,,,,,,,,,
West Khasi Hills,17.4.6,Number of cases of Adolescent or Adult deaths (age 6 years & above) with the probable cause being HIV/AIDS,4. Total,,,,,,,,,,,,,
West Khasi Hills,17.4.7,Number of cases of Adolescent or Adult deaths (age 6 years & above) with the probable cause being Heart disease or related to Hypertension,1. 6-14 yrs,,,,,,,,,,,,,
West Khasi Hills,17.4.7,Number of cases of Adolescent or Adult deaths (age 6 years & above) with the probable cause being Heart disease or related to Hypertension,2. 15-55 yrs.,1.0,,2.0,,2.0,1.0,,,1.0,,,,7.0
West Khasi Hills,17.4.7,Number of cases of Adolescent or Adult deaths (age 6 years & above) with the probable cause being Heart disease or related to Hypertension,3. Above 55 yrs.,1.0,1.0,,1.0,1.0,,3.0,,,1.0,2.0,,10.0
West Khasi Hills,17.4.7,Number of cases of Adolescent or Adult deaths (age 6 years & above) with the probable cause being Heart disease or related to Hypertension,4. Total,2.0,1.0,2.0,1.0,3.0,1.0,3.0,,1.0,1.0,2.0,,17.0
West Khasi Hills,17.4.8,Number of cases of Adolescent or Adult deaths (age 6 years & above) with the probable cause being Neurological disease including strokes,1. 6-14 yrs,,,,,,,,,,,,,
West Khasi Hills,17.4.8,Number of cases of Adolescent or Adult deaths (age 6 years & above) with the probable cause being Neurological disease including strokes,2. 15-55 yrs.,,1.0,1.0,,,,,,,,3.0,,5.0
West Khasi Hills,17.4.8,Number of cases of Adolescent or Adult deaths (age 6 years & above) with the probable cause being Neurological disease including strokes,3. Above 55 yrs.,2.0,3.0,1.0,2.0,1.0,,1.0,1.0,,,3.0,3.0,17.0
West Khasi Hills,17.4.8,Number of cases of Adolescent or Adult deaths (age 6 years & above) with the probable cause being Neurological disease including strokes,4. Total,2.0,4.0,2.0,2.0,1.0,,1.0,1.0,,,6.0,3.0,22.0
West Khasi Hills,17.4.9(a),Number of cases of Maternal deaths (age 15-49 years) with the probable cause being Abortion,1. 6-14 yrs,,,,,,,,,,,,,
West Khasi Hills,17.4.9(a),Number of cases of Maternal deaths (age 15-49 years) with the probable cause being Abortion,2. 15-49 yrs,,,,,,,,,,,,,
West Khasi Hills,17.4.9(a),Number of cases of Maternal deaths (age 15-49 years) with the probable cause being Abortion,3. Above 49 yrs.,,,,,,,,,,,,,
West Khasi Hills,17.4.9(a),Number of cases of Maternal deaths (age 15-49 years) with the probable cause being Abortion,4. Total,,,,,,,,,,,,,
West Khasi Hills,17.4.9(b),Number of cases of Maternal deaths (age 15-49 years) with the probable cause being Obstructed or prolonged labour,1. 6-14 yrs,,,,,,,,,,,,,
West Khasi Hills,17.4.9(b),Number of cases of Maternal deaths (age 15-49 years) with the probable cause being Obstructed or prolonged labour,2. 15-49 yrs,,,,,,,,,,,,,
West Khasi Hills,17.4.9(b),Number of cases of Maternal deaths (age 15-49 years) with the probable cause being Obstructed or prolonged labour,3. Above 49 yrs.,,,,,,,,,,,,,
West Khasi Hills,17.4.9(b),Number of cases of Maternal deaths (age 15-49 years) with the probable cause being Obstructed or prolonged labour,4. Total,,,,,,,,,,,,,
West Khasi Hills,17.4.9(c),Number of cases of Maternal deaths (age 15-49 years) with the probable cause being Severe hypertesnion or fits,1. 6-14 yrs,,,,,,,,,,,,,
West Khasi Hills,17.4.9(c),Number of cases of Maternal deaths (age 15-49 years) with the probable cause being Severe hypertesnion or fits,2. 15-49 yrs,,,,,,,,,,,,,
West Khasi Hills,17.4.9(c),Number of cases of Maternal deaths (age 15-49 years) with the probable cause being Severe hypertesnion or fits,3. Above 49 yrs.,,,,,,,,,,,,,
West Khasi Hills,17.4.9(c),Number of cases of Maternal deaths (age 15-49 years) with the probable cause being Severe hypertesnion or fits,4. Total,,,,,,,,,,,,,
West Khasi Hills,17.4.9(d),Number of cases of Maternal deaths (age 15-49 years) with the probable cause being Bleeding,1. 6-14 yrs,,,,,,,,,,,,,
West Khasi Hills,17.4.9(d),Number of cases of Maternal deaths (age 15-49 years) with the probable cause being Bleeding,2. 15-49 yrs,,1.0,1.0,,,,,1.0,,,1.0,,4.0
West Khasi Hills,17.4.9(d),Number of cases of Maternal deaths (age 15-49 years) with the probable cause being Bleeding,3. Above 49 yrs.,,,,,,,,,,,,,
West Khasi Hills,17.4.9(d),Number of cases of Maternal deaths (age 15-49 years) with the probable cause being Bleeding,4. Total,,1.0,1.0,,,,,1.0,,,1.0,,4.0
West Khasi Hills,17.4.9(e),Number of cases of Maternal deaths (age 15-49 years) with the probable cause being High Fever,1. 6-14 yrs,,,,,,,,,,,,,
West Khasi Hills,17.4.9(e),Number of cases of Maternal deaths (age 15-49 years) with the probable cause being High Fever,2. 15-49 yrs,,,,1.0,,,,,,,,,1.0
West Khasi Hills,17.4.9(e),Number of cases of Maternal deaths (age 15-49 years) with the probable cause being High Fever,3. Above 49 yrs.,,,,,,,,,,,,,
West Khasi Hills,17.4.9(e),Number of cases of Maternal deaths (age 15-49 years) with the probable cause being High Fever,4. Total,,,,1.0,,,,,,,,,1.0
West Khasi Hills,17.4.9(f),Number of cases of Maternal deaths (age 15-49 years) with the probable cause being other causes (excluding abortion; obstructed or prolonged labour; severe hypertension or fits;,1. 6-14 yrs,,,,,,,,,,,,,
West Khasi Hills,17.4.9(f),Number of cases of Maternal deaths (age 15-49 years) with the probable cause being other causes (excluding abortion; obstructed or prolonged labour; severe hypertension or fits;,2. 15-49 yrs,1.0,3.0,2.0,,5.0,2.0,,2.0,,,3.0,1.0,19.0
West Khasi Hills,17.4.9(f),Number of cases of Maternal deaths (age 15-49 years) with the probable cause being other causes (excluding abortion; obstructed or prolonged labour; severe hypertension or fits;,3. Above 49 yrs.,,,,,,,,,,,,,
West Khasi Hills,17.4.9(f),Number of cases of Maternal deaths (age 15-49 years) with the probable cause being other causes (excluding abortion; obstructed or prolonged labour; severe hypertension or fits;,4. Total,1.0,3.0,2.0,,5.0,2.0,,2.0,,,3.0,1.0,19.0
West Khasi Hills,17.4.10,Number of cases of Adolescent or Adult deaths (age 6 years & above) with the probable cause being Trauma or Accidents or Burn cases,1. 6-14 yrs,,,,,2.0,,1.0,,,,,1.0,4.0
West Khasi Hills,17.4.10,Number of cases of Adolescent or Adult deaths (age 6 years & above) with the probable cause being Trauma or Accidents or Burn cases,2. 15-55 yrs.,2.0,1.0,2.0,1.0,2.0,3.0,2.0,,5.0,,,2.0,20.0
West Khasi Hills,17.4.10,Number of cases of Adolescent or Adult deaths (age 6 years & above) with the probable cause being Trauma or Accidents or Burn cases,3. Above 55 yrs.,2.0,1.0,,,1.0,1.0,,1.0,,,,,6.0
West Khasi Hills,17.4.10,Number of cases of Adolescent or Adult deaths (age 6 years & above) with the probable cause being Trauma or Accidents or Burn cases,4. Total,4.0,2.0,2.0,1.0,5.0,4.0,3.0,1.0,5.0,,,3.0,30.0
West Khasi Hills,17.4.11,Number of cases of Adolescent or Adult deaths (age 6 years & above) with the probable cause being suicide,1. 6-14 yrs,,,,,,,1.0,,,,,,1.0
West Khasi Hills,17.4.11,Number of cases of Adolescent or Adult deaths (age 6 years & above) with the probable cause being suicide,2. 15-55 yrs.,,,1.0,1.0,,,,,,1.0,1.0,1.0,5.0
West Khasi Hills,17.4.11,Number of cases of Adolescent or Adult deaths (age 6 years & above) with the probable cause being suicide,3. Above 55 yrs.,,1.0,,,,,,,,,,,1.0
West Khasi Hills,17.4.11,Number of cases of Adolescent or Adult deaths (age 6 years & above) with the probable cause being suicide,4. Total,,1.0,1.0,1.0,,,1.0,,,1.0,1.0,1.0,7.0
West Khasi Hills,17.4.12,Number of cases of Adolescent or Adult deaths (age 6 years & above) with the probable cause being Animal bites and stings,1. 6-14 yrs,,,,,,,,,,,,,
West Khasi Hills,17.4.12,Number of cases of Adolescent or Adult deaths (age 6 years & above) with the probable cause being Animal bites and stings,2. 15-55 yrs.,1.0,,,,,,,,,,,,1.0
West Khasi Hills,17.4.12,Number of cases of Adolescent or Adult deaths (age 6 years & above) with the probable cause being Animal bites and stings,3. Above 55 yrs.,,,,,,,,1.0,,,,,1.0
West Khasi Hills,17.4.12,Number of cases of Adolescent or Adult deaths (age 6 years & above) with the probable cause being Animal bites and stings,4. Total,1.0,,,,,,,1.0,,,,,2.0
West Khasi Hills,17.4.13(a),Number of cases of Adolescent or Adult deaths (age 6 years & above) with the probable cause being Known Acute disease,1. 6-14 yrs,,,,,,,,3.0,,,,,3.0
West Khasi Hills,17.4.13(a),Number of cases of Adolescent or Adult deaths (age 6 years & above) with the probable cause being Known Acute disease,2. 15-55 yrs.,2.0,,4.0,,1.0,1.0,5.0,,,,2.0,2.0,17.0
West Khasi Hills,17.4.13(a),Number of cases of Adolescent or Adult deaths (age 6 years & above) with the probable cause being Known Acute disease,3. Above 55 yrs.,4.0,,2.0,2.0,1.0,4.0,,,,2.0,1.0,1.0,17.0
West Khasi Hills,17.4.13(a),Number of cases of Adolescent or Adult deaths (age 6 years & above) with the probable cause being Known Acute disease,4. Total,6.0,,6.0,2.0,2.0,5.0,5.0,3.0,,2.0,3.0,3.0,37.0
West Khasi Hills,17.4.13(b),Number of cases of Adolescent or Adult deaths (age 6 years & above) with the probable cause being Known Chronic disease,1. 6-14 yrs,,,,2.0,1.0,,1.0,,,,,,4.0
West Khasi Hills,17.4.13(b),Number of cases of Adolescent or Adult deaths (age 6 years & above) with the probable cause being Known Chronic disease,2. 15-55 yrs.,,2.0,5.0,2.0,3.0,2.0,3.0,4.0,1.0,4.0,3.0,1.0,30.0
West Khasi Hills,17.4.13(b),Number of cases of Adolescent or Adult deaths (age 6 years & above) with the probable cause being Known Chronic disease,3. Above 55 yrs.,,4.0,9.0,4.0,3.0,5.0,3.0,6.0,2.0,4.0,8.0,5.0,53.0
West Khasi Hills,17.4.13(b),Number of cases of Adolescent or Adult deaths (age 6 years & above) with the probable cause being Known Chronic disease,4. Total,,6.0,14.0,8.0,7.0,7.0,7.0,10.0,3.0,8.0,11.0,6.0,87.0
West Khasi Hills,17.4.13(c),Number of cases of Adolescent or Adult deaths (age 6 years & above) where the cause was not known,1. 6-14 yrs,3.0,3.0,,5.0,1.0,,,2.0,6.0,1.0,,2.0,23.0
West Khasi Hills,17.4.13(c),Number of cases of Adolescent or Adult deaths (age 6 years & above) where the cause was not known,2. 15-55 yrs.,22.0,7.0,11.0,8.0,8.0,10.0,18.0,12.0,12.0,16.0,7.0,14.0,145.0
West Khasi Hills,17.4.13(c),Number of cases of Adolescent or Adult deaths (age 6 years & above) where the cause was not known,3. Above 55 yrs.,24.0,26.0,17.0,16.0,17.0,27.0,16.0,25.0,11.0,27.0,13.0,23.0,242.0
West Khasi Hills,17.4.13(c),Number of cases of Adolescent or Adult deaths (age 6 years & above) where the cause was not known,4. Total,49.0,36.0,28.0,29.0,26.0,37.0,34.0,39.0,29.0,44.0,20.0,39.0,410.0
